position 1_tdc_data,position 1_tac_data,position 1_pdc_data,position 1_pac_data_0,position 1_pac_data_1,position 1_pac_data_2,position 1_pac_data_3,position 1_pac_data_4,position 1_pac_data_5,position 1_pac_data_6,position 1_pac_data_7,position 1_pac_data_8,position 1_pac_data_9,position 1_pac_data_10,position 1_pac_data_11,position 1_pac_data_12,position 1_pac_data_13,position 1_pac_data_14,position 1_pac_data_15,position 1_pac_data_16,position 1_pac_data_17,position 1_pac_data_18,position 1_pac_data_19,position 1_pac_data_20,position 1_pac_data_21,position 1_elec_data_0,position 1_elec_data_1,position 1_elec_data_2,position 1_elec_data_3,position 1_elec_data_4,position 1_elec_data_5,position 1_elec_data_6,position 1_elec_data_7,position 1_elec_data_8,position 1_elec_data_9,position 1_elec_data_10,position 1_elec_data_11,position 1_elec_data_12,position 1_elec_data_13,position 1_elec_data_14,position 1_elec_data_15,position 1_elec_data_16,position 1_elec_data_17,position 1_elec_data_18,header_from_controller_start,frame_collection_from_header
1524.0,1990.0,2174.0,2057.0,2057.0,2062.0,2062.0,2064.0,2057.0,2057.0,2059.0,2063.0,2062.0,2060.0,2056.0,2055.0,2054.0,2056.0,2057.0,2052.0,2052.0,2052.0,2062.0,2067.0,2063.0,2886.0,3371.0,3377.0,3207.0,3363.0,3171.0,2955.0,3069.0,3049.0,3169.0,2565.0,3308.0,3349.0,3169.0,3343.0,3156.0,3279.0,3372.0,3339.0,16.120193803,0.019849719000000002
1525.0,1992.0,2173.0,2064.0,2068.0,2065.0,2067.0,2065.0,2067.0,2064.0,2065.0,2063.0,2062.0,2059.0,2057.0,2057.0,2059.0,2058.0,2055.0,2051.0,2058.0,2062.0,2064.0,2066.0,2064.0,2887.0,3370.0,3379.0,3209.0,3363.0,3171.0,2953.0,3069.0,3051.0,3169.0,2567.0,3305.0,3346.0,3168.0,3342.0,3157.0,3279.0,3370.0,3338.0,16.140193652,0.019827626
1524.0,1992.0,2173.0,2060.0,2064.0,2065.0,2065.0,2067.0,2062.0,2059.0,2061.0,2058.0,2059.0,2061.0,2062.0,2058.0,2056.0,2052.0,2056.0,2051.0,2049.0,2049.0,2051.0,2058.0,2061.0,2884.0,3371.0,3378.0,3207.0,3363.0,3171.0,2954.0,3067.0,3051.0,3171.0,2566.0,3305.0,3348.0,3168.0,3342.0,3155.0,3280.0,3372.0,3339.0,16.160198321,0.019857149
1526.0,1992.0,2174.0,2055.0,2059.0,2058.0,2060.0,2062.0,2062.0,2060.0,2056.0,2056.0,2059.0,2061.0,2060.0,2059.0,2059.0,2060.0,2061.0,2060.0,2054.0,2055.0,2060.0,2061.0,2063.0,2885.0,3371.0,3379.0,3208.0,3363.0,3171.0,2953.0,3070.0,3051.0,3170.0,2566.0,3305.0,3349.0,3168.0,3341.0,3156.0,3280.0,3372.0,3340.0,16.180193995,0.019769609
1528.0,1993.0,2174.0,2067.0,2072.0,2067.0,2065.0,2065.0,2064.0,2057.0,2059.0,2058.0,2057.0,2061.0,2060.0,2059.0,2062.0,2063.0,2058.0,2056.0,2056.0,2058.0,2060.0,2063.0,2065.0,2886.0,3372.0,3378.0,3207.0,3363.0,3171.0,2954.0,3068.0,3051.0,3169.0,2566.0,3306.0,3347.0,3168.0,3341.0,3154.0,3279.0,3370.0,3338.0,16.200197063,0.019848809000000002
1525.0,1988.0,2174.0,2060.0,2067.0,2064.0,2059.0,2059.0,2054.0,2054.0,2056.0,2056.0,2053.0,2052.0,2050.0,2055.0,2061.0,2057.0,2056.0,2049.0,2048.0,2051.0,2056.0,2060.0,2061.0,2885.0,3371.0,3377.0,3207.0,3361.0,3172.0,2953.0,3068.0,3052.0,3170.0,2566.0,3305.0,3347.0,3169.0,3340.0,3156.0,3281.0,3371.0,3339.0,16.220197379,0.019855582
1524.0,1990.0,2174.0,2063.0,2066.0,2062.0,2063.0,2061.0,2067.0,2066.0,2059.0,2057.0,2053.0,2057.0,2060.0,2061.0,2062.0,2056.0,2058.0,2056.0,2060.0,2062.0,2067.0,2066.0,2065.0,2885.0,3372.0,3379.0,3207.0,3362.0,3171.0,2953.0,3068.0,3050.0,3169.0,2565.0,3306.0,3348.0,3168.0,3342.0,3156.0,3279.0,3371.0,3339.0,16.240196647,0.019732634000000002
1527.0,1989.0,2174.0,2060.0,2063.0,2062.0,2059.0,2060.0,2063.0,2058.0,2055.0,2055.0,2059.0,2065.0,2063.0,2059.0,2053.0,2054.0,2059.0,2060.0,2058.0,2051.0,2056.0,2060.0,2067.0,2885.0,3371.0,3379.0,3207.0,3363.0,3171.0,2952.0,3068.0,3050.0,3170.0,2565.0,3306.0,3348.0,3169.0,3341.0,3158.0,3281.0,3370.0,3338.0,16.260195417,0.019832967
1525.0,1988.0,2173.0,2057.0,2060.0,2059.0,2058.0,2057.0,2059.0,2058.0,2058.0,2058.0,2061.0,2059.0,2051.0,2054.0,2053.0,2051.0,2051.0,2044.0,2043.0,2050.0,2054.0,2062.0,2063.0,2885.0,3371.0,3379.0,3208.0,3361.0,3171.0,2952.0,3068.0,3051.0,3170.0,2567.0,3306.0,3348.0,3168.0,3341.0,3154.0,3281.0,3372.0,3338.0,16.280195007,0.019748646
1527.0,1991.0,2173.0,2055.0,2060.0,2060.0,2060.0,2058.0,2059.0,2058.0,2058.0,2058.0,2058.0,2056.0,2053.0,2056.0,2062.0,2060.0,2058.0,2055.0,2054.0,2055.0,2059.0,2057.0,2057.0,2886.0,3371.0,3378.0,3208.0,3362.0,3171.0,2953.0,3069.0,3050.0,3168.0,2566.0,3305.0,3348.0,3168.0,3342.0,3154.0,3281.0,3372.0,3338.0,16.300195494,0.019852933
1525.0,1990.0,2173.0,2058.0,2061.0,2059.0,2054.0,2049.0,2054.0,2053.0,2056.0,2057.0,2048.0,2051.0,2053.0,2059.0,2061.0,2059.0,2056.0,2050.0,2052.0,2053.0,2060.0,2062.0,2063.0,2884.0,3371.0,3378.0,3209.0,3363.0,3172.0,2953.0,3068.0,3050.0,3170.0,2565.0,3306.0,3348.0,3168.0,3340.0,3153.0,3279.0,3371.0,3339.0,16.320197697,0.019837701000000003
1527.0,1990.0,2174.0,2058.0,2060.0,2059.0,2060.0,2059.0,2062.0,2063.0,2060.0,2052.0,2047.0,2053.0,2055.0,2053.0,2048.0,2043.0,2049.0,2054.0,2055.0,2057.0,2065.0,2067.0,2069.0,2886.0,3371.0,3378.0,3207.0,3362.0,3171.0,2952.0,3068.0,3050.0,3170.0,2566.0,3304.0,3348.0,3168.0,3342.0,3153.0,3280.0,3371.0,3339.0,16.340195636,0.019825956000000002
1527.0,1991.0,2174.0,2055.0,2055.0,2055.0,2057.0,2059.0,2060.0,2053.0,2053.0,2051.0,2053.0,2059.0,2059.0,2052.0,2048.0,2054.0,2061.0,2057.0,2057.0,2053.0,2060.0,2063.0,2069.0,2886.0,3372.0,3380.0,3208.0,3364.0,3172.0,2952.0,3069.0,3050.0,3171.0,2566.0,3306.0,3348.0,3168.0,3341.0,3155.0,3281.0,3370.0,3337.0,16.360198079,0.019873750000000003
1527.0,1991.0,2174.0,2059.0,2064.0,2064.0,2063.0,2060.0,2061.0,2058.0,2055.0,2056.0,2057.0,2055.0,2053.0,2052.0,2056.0,2059.0,2055.0,2049.0,2048.0,2049.0,2056.0,2056.0,2059.0,2886.0,3373.0,3379.0,3207.0,3364.0,3171.0,2953.0,3069.0,3052.0,3168.0,2566.0,3306.0,3348.0,3168.0,3340.0,3156.0,3281.0,3371.0,3339.0,16.380196218000002,0.019824565000000002
1527.0,1990.0,2173.0,2056.0,2063.0,2061.0,2062.0,2064.0,2062.0,2061.0,2063.0,2062.0,2060.0,2061.0,2058.0,2058.0,2057.0,2059.0,2057.0,2056.0,2057.0,2064.0,2067.0,2066.0,2067.0,2885.0,3370.0,3378.0,3208.0,3363.0,3171.0,2953.0,3068.0,3049.0,3168.0,2566.0,3304.0,3346.0,3166.0,3340.0,3156.0,3281.0,3373.0,3339.0,16.400196774,0.019854986
1525.0,1991.0,2173.0,2060.0,2065.0,2065.0,2063.0,2061.0,2061.0,2058.0,2058.0,2055.0,2056.0,2057.0,2056.0,2053.0,2057.0,2054.0,2057.0,2053.0,2052.0,2051.0,2059.0,2065.0,2062.0,2884.0,3370.0,3379.0,3208.0,3363.0,3170.0,2952.0,3068.0,3051.0,3169.0,2566.0,3306.0,3348.0,3168.0,3342.0,3155.0,3279.0,3372.0,3338.0,16.42019692,0.019856704000000003
1525.0,1990.0,2173.0,2061.0,2060.0,2059.0,2059.0,2062.0,2063.0,2064.0,2062.0,2057.0,2056.0,2060.0,2064.0,2060.0,2059.0,2056.0,2059.0,2058.0,2058.0,2060.0,2061.0,2064.0,2064.0,2884.0,3370.0,3378.0,3207.0,3362.0,3171.0,2954.0,3069.0,3051.0,3170.0,2566.0,3305.0,3346.0,3167.0,3339.0,3155.0,3280.0,3371.0,3340.0,16.440196894,0.019862063000000003
1525.0,1990.0,2173.0,2066.0,2064.0,2065.0,2068.0,2065.0,2062.0,2057.0,2056.0,2059.0,2063.0,2068.0,2068.0,2062.0,2063.0,2064.0,2065.0,2063.0,2058.0,2058.0,2064.0,2072.0,2070.0,2885.0,3371.0,3380.0,3206.0,3362.0,3171.0,2953.0,3068.0,3051.0,3170.0,2566.0,3305.0,3347.0,3168.0,3343.0,3155.0,3280.0,3372.0,3339.0,16.460200059,0.019854278
1525.0,1991.0,2173.0,2061.0,2064.0,2062.0,2061.0,2067.0,2066.0,2065.0,2062.0,2059.0,2057.0,2054.0,2052.0,2051.0,2051.0,2051.0,2048.0,2047.0,2050.0,2052.0,2059.0,2062.0,2062.0,2885.0,3373.0,3381.0,3208.0,3362.0,3171.0,2954.0,3068.0,3050.0,3170.0,2566.0,3307.0,3349.0,3167.0,3340.0,3156.0,3280.0,3371.0,3340.0,16.480197153,0.019827212
1525.0,1990.0,2174.0,2060.0,2063.0,2058.0,2060.0,2061.0,2061.0,2062.0,2061.0,2057.0,2050.0,2056.0,2055.0,2055.0,2049.0,2052.0,2052.0,2057.0,2060.0,2056.0,2059.0,2062.0,2063.0,2886.0,3371.0,3379.0,3207.0,3362.0,3172.0,2954.0,3068.0,3051.0,3170.0,2566.0,3306.0,3346.0,3166.0,3339.0,3155.0,3281.0,3370.0,3337.0,16.500209157,0.019874436000000002
1525.0,1988.0,2173.0,2058.0,2061.0,2060.0,2058.0,2061.0,2058.0,2061.0,2058.0,2058.0,2055.0,2060.0,2060.0,2060.0,2056.0,2059.0,2056.0,2050.0,2050.0,2049.0,2057.0,2060.0,2060.0,2885.0,3371.0,3379.0,3208.0,3363.0,3170.0,2954.0,3069.0,3050.0,3168.0,2567.0,3306.0,3347.0,3168.0,3341.0,3154.0,3281.0,3371.0,3338.0,16.520197682,0.019769356000000002
1525.0,1991.0,2173.0,2060.0,2060.0,2054.0,2055.0,2054.0,2059.0,2057.0,2056.0,2052.0,2052.0,2056.0,2058.0,2056.0,2054.0,2052.0,2054.0,2054.0,2055.0,2058.0,2063.0,2063.0,2062.0,2884.0,3371.0,3378.0,3206.0,3362.0,3170.0,2953.0,3067.0,3049.0,3169.0,2566.0,3306.0,3348.0,3169.0,3341.0,3155.0,3279.0,3370.0,3338.0,16.540199708,0.019772402
1525.0,1989.0,2174.0,2061.0,2062.0,2060.0,2064.0,2063.0,2063.0,2059.0,2056.0,2061.0,2058.0,2060.0,2061.0,2057.0,2056.0,2055.0,2058.0,2054.0,2053.0,2054.0,2061.0,2066.0,2065.0,2886.0,3372.0,3379.0,3210.0,3364.0,3173.0,2955.0,3070.0,3050.0,3170.0,2566.0,3306.0,3349.0,3168.0,3340.0,3155.0,3282.0,3373.0,3338.0,16.56020057,0.019850128
1526.0,1989.0,2173.0,2064.0,2069.0,2065.0,2056.0,2051.0,2054.0,2060.0,2057.0,2054.0,2052.0,2050.0,2053.0,2054.0,2056.0,2052.0,2051.0,2045.0,2046.0,2053.0,2050.0,2050.0,2052.0,2885.0,3372.0,3378.0,3209.0,3362.0,3170.0,2954.0,3068.0,3051.0,3170.0,2566.0,3307.0,3349.0,3169.0,3341.0,3155.0,3281.0,3371.0,3339.0,16.580198294,0.019832267
1525.0,1989.0,2174.0,2063.0,2066.0,2061.0,2061.0,2061.0,2064.0,2061.0,2060.0,2054.0,2055.0,2060.0,2058.0,2058.0,2054.0,2053.0,2057.0,2060.0,2064.0,2060.0,2059.0,2063.0,2069.0,2885.0,3372.0,3379.0,3210.0,3362.0,3171.0,2956.0,3068.0,3050.0,3170.0,2566.0,3305.0,3348.0,3167.0,3339.0,3155.0,3280.0,3371.0,3338.0,16.60019926,0.019866319
1526.0,1989.0,2173.0,2070.0,2069.0,2067.0,2071.0,2069.0,2070.0,2066.0,2061.0,2063.0,2065.0,2066.0,2062.0,2063.0,2061.0,2058.0,2060.0,2052.0,2048.0,2047.0,2053.0,2058.0,2057.0,2886.0,3370.0,3378.0,3207.0,3362.0,3171.0,2953.0,3069.0,3052.0,3171.0,2565.0,3307.0,3349.0,3167.0,3341.0,3155.0,3281.0,3371.0,3339.0,16.620201926,0.019851477000000003
1525.0,1989.0,2173.0,2053.0,2062.0,2062.0,2062.0,2061.0,2058.0,2056.0,2055.0,2055.0,2053.0,2056.0,2051.0,2047.0,2048.0,2050.0,2054.0,2054.0,2059.0,2057.0,2064.0,2064.0,2063.0,2886.0,3371.0,3378.0,3207.0,3362.0,3171.0,2952.0,3068.0,3050.0,3171.0,2566.0,3306.0,3349.0,3169.0,3341.0,3156.0,3280.0,3371.0,3340.0,16.640199906,0.019859048
1526.0,1990.0,2174.0,2056.0,2057.0,2059.0,2060.0,2057.0,2055.0,2051.0,2056.0,2058.0,2056.0,2052.0,2051.0,2053.0,2058.0,2058.0,2057.0,2053.0,2050.0,2055.0,2061.0,2062.0,2065.0,2884.0,3370.0,3378.0,3207.0,3364.0,3173.0,2955.0,3069.0,3052.0,3169.0,2565.0,3307.0,3349.0,3167.0,3341.0,3154.0,3281.0,3370.0,3338.0,16.660202978,0.019859896000000002
1525.0,1989.0,2173.0,2061.0,2067.0,2067.0,2061.0,2059.0,2061.0,2065.0,2067.0,2064.0,2062.0,2060.0,2064.0,2065.0,2070.0,2062.0,2063.0,2059.0,2060.0,2060.0,2063.0,2070.0,2070.0,2886.0,3370.0,3380.0,3207.0,3363.0,3170.0,2953.0,3067.0,3051.0,3170.0,2567.0,3308.0,3350.0,3169.0,3342.0,3156.0,3280.0,3373.0,3338.0,16.680200134,0.01984396
1527.0,1989.0,2174.0,2059.0,2065.0,2064.0,2063.0,2061.0,2061.0,2057.0,2054.0,2052.0,2051.0,2053.0,2051.0,2052.0,2059.0,2060.0,2063.0,2061.0,2058.0,2053.0,2062.0,2067.0,2064.0,2886.0,3373.0,3379.0,3210.0,3363.0,3172.0,2954.0,3069.0,3051.0,3170.0,2566.0,3306.0,3347.0,3168.0,3341.0,3155.0,3280.0,3370.0,3338.0,16.700202686,0.019847458000000002
1528.0,1989.0,2174.0,2059.0,2063.0,2061.0,2061.0,2064.0,2059.0,2059.0,2060.0,2062.0,2062.0,2060.0,2058.0,2058.0,2060.0,2064.0,2062.0,2056.0,2056.0,2056.0,2064.0,2069.0,2066.0,2886.0,3371.0,3380.0,3207.0,3363.0,3171.0,2955.0,3069.0,3050.0,3172.0,2566.0,3304.0,3349.0,3169.0,3342.0,3157.0,3280.0,3373.0,3338.0,16.720200483,0.019844095000000003
1525.0,1986.0,2173.0,2057.0,2058.0,2057.0,2057.0,2052.0,2053.0,2049.0,2054.0,2056.0,2056.0,2055.0,2055.0,2054.0,2053.0,2052.0,2053.0,2053.0,2053.0,2058.0,2067.0,2070.0,2064.0,2884.0,3370.0,3379.0,3206.0,3363.0,3171.0,2953.0,3069.0,3052.0,3170.0,2566.0,3306.0,3347.0,3168.0,3340.0,3154.0,3280.0,3371.0,3338.0,16.740200738,0.019871411000000002
1525.0,1987.0,2174.0,2058.0,2063.0,2065.0,2064.0,2061.0,2058.0,2053.0,2055.0,2058.0,2054.0,2055.0,2052.0,2055.0,2056.0,2052.0,2055.0,2059.0,2059.0,2059.0,2064.0,2067.0,2073.0,2885.0,3372.0,3379.0,3207.0,3363.0,3171.0,2952.0,3068.0,3051.0,3170.0,2565.0,3305.0,3348.0,3168.0,3341.0,3156.0,3282.0,3370.0,3337.0,16.760203432,0.019858831
1525.0,1987.0,2174.0,2054.0,2058.0,2057.0,2057.0,2058.0,2061.0,2064.0,2061.0,2052.0,2051.0,2060.0,2058.0,2058.0,2056.0,2053.0,2057.0,2056.0,2055.0,2053.0,2055.0,2060.0,2061.0,2885.0,3371.0,3379.0,3208.0,3363.0,3171.0,2953.0,3069.0,3051.0,3171.0,2567.0,3305.0,3348.0,3168.0,3341.0,3155.0,3280.0,3372.0,3339.0,16.780201085,0.019831246
1528.0,1988.0,2173.0,2058.0,2058.0,2055.0,2056.0,2052.0,2056.0,2048.0,2047.0,2049.0,2054.0,2052.0,2054.0,2054.0,2053.0,2054.0,2057.0,2054.0,2050.0,2050.0,2058.0,2060.0,2062.0,2884.0,3371.0,3379.0,3207.0,3362.0,3171.0,2953.0,3069.0,3051.0,3170.0,2566.0,3306.0,3347.0,3168.0,3341.0,3155.0,3281.0,3372.0,3340.0,16.800201465,0.01985705
1525.0,1988.0,2174.0,2061.0,2065.0,2063.0,2061.0,2060.0,2061.0,2061.0,2061.0,2055.0,2051.0,2051.0,2054.0,2055.0,2058.0,2060.0,2058.0,2057.0,2054.0,2057.0,2066.0,2068.0,2064.0,2886.0,3372.0,3379.0,3207.0,3362.0,3171.0,2954.0,3069.0,3050.0,3169.0,2566.0,3306.0,3346.0,3167.0,3340.0,3155.0,3281.0,3371.0,3338.0,16.820204375,0.019774785
1526.0,1987.0,2174.0,2066.0,2067.0,2062.0,2060.0,2057.0,2058.0,2058.0,2055.0,2052.0,2047.0,2045.0,2051.0,2048.0,2049.0,2050.0,2051.0,2051.0,2061.0,2064.0,2062.0,2060.0,2060.0,2884.0,3372.0,3379.0,3207.0,3362.0,3173.0,2954.0,3069.0,3050.0,3171.0,2565.0,3306.0,3348.0,3167.0,3342.0,3155.0,3280.0,3371.0,3338.0,16.840202227,0.019778401
1525.0,1989.0,2173.0,2058.0,2064.0,2060.0,2058.0,2057.0,2055.0,2048.0,2050.0,2050.0,2051.0,2057.0,2058.0,2056.0,2058.0,2056.0,2056.0,2059.0,2056.0,2052.0,2052.0,2057.0,2061.0,2885.0,3371.0,3378.0,3206.0,3363.0,3171.0,2955.0,3070.0,3051.0,3171.0,2565.0,3305.0,3347.0,3168.0,3341.0,3156.0,3282.0,3372.0,3338.0,16.860202053000002,0.019865653
1528.0,1991.0,2174.0,2066.0,2067.0,2065.0,2065.0,2063.0,2064.0,2065.0,2062.0,2058.0,2058.0,2058.0,2059.0,2059.0,2057.0,2055.0,2056.0,2055.0,2055.0,2058.0,2062.0,2066.0,2066.0,2885.0,3371.0,3378.0,3209.0,3364.0,3172.0,2954.0,3069.0,3050.0,3169.0,2566.0,3306.0,3348.0,3169.0,3342.0,3157.0,3280.0,3372.0,3338.0,16.880208567,0.01983535
1526.0,1987.0,2173.0,2062.0,2062.0,2065.0,2066.0,2066.0,2064.0,2061.0,2057.0,2060.0,2055.0,2055.0,2053.0,2053.0,2057.0,2055.0,2052.0,2056.0,2055.0,2053.0,2060.0,2067.0,2068.0,2885.0,3371.0,3378.0,3208.0,3363.0,3172.0,2955.0,3070.0,3051.0,3170.0,2566.0,3306.0,3348.0,3168.0,3341.0,3155.0,3280.0,3371.0,3338.0,16.900205587,0.019869708
1527.0,1988.0,2173.0,2055.0,2057.0,2057.0,2059.0,2052.0,2055.0,2056.0,2061.0,2061.0,2058.0,2055.0,2052.0,2055.0,2058.0,2055.0,2051.0,2049.0,2053.0,2055.0,2060.0,2063.0,2059.0,2885.0,3372.0,3380.0,3206.0,3363.0,3172.0,2955.0,3068.0,3051.0,3171.0,2567.0,3305.0,3349.0,3169.0,3340.0,3155.0,3280.0,3371.0,3340.0,16.920205637,0.019772304
1527.0,1985.0,2173.0,2061.0,2060.0,2056.0,2054.0,2051.0,2053.0,2051.0,2050.0,2047.0,2046.0,2049.0,2054.0,2054.0,2057.0,2054.0,2060.0,2056.0,2063.0,2065.0,2067.0,2064.0,2066.0,2883.0,3371.0,3378.0,3208.0,3364.0,3173.0,2953.0,3069.0,3050.0,3169.0,2566.0,3307.0,3348.0,3168.0,3342.0,3155.0,3281.0,3371.0,3338.0,16.940206116,0.019767389
1526.0,1986.0,2173.0,2061.0,2060.0,2063.0,2064.0,2062.0,2061.0,2063.0,2061.0,2060.0,2058.0,2058.0,2056.0,2054.0,2052.0,2053.0,2052.0,2050.0,2055.0,2058.0,2062.0,2070.0,2072.0,2884.0,3370.0,3378.0,3207.0,3363.0,3171.0,2953.0,3069.0,3050.0,3170.0,2565.0,3305.0,3347.0,3169.0,3342.0,3155.0,3281.0,3373.0,3339.0,16.960205703,0.019774660000000003
1525.0,1987.0,2173.0,2060.0,2064.0,2063.0,2062.0,2064.0,2064.0,2065.0,2065.0,2064.0,2064.0,2063.0,2062.0,2060.0,2058.0,2058.0,2059.0,2053.0,2051.0,2054.0,2063.0,2064.0,2066.0,2885.0,3370.0,3378.0,3206.0,3362.0,3169.0,2953.0,3068.0,3051.0,3170.0,2566.0,3306.0,3349.0,3169.0,3341.0,3154.0,3278.0,3369.0,3337.0,16.980205653,0.019834921000000002
1526.0,1984.0,2174.0,2053.0,2054.0,2053.0,2054.0,2050.0,2049.0,2049.0,2050.0,2051.0,2052.0,2057.0,2056.0,2057.0,2062.0,2065.0,2062.0,2056.0,2047.0,2049.0,2055.0,2057.0,2053.0,2885.0,3372.0,3379.0,3206.0,3363.0,3171.0,2955.0,3067.0,3050.0,3169.0,2566.0,3306.0,3349.0,3170.0,3341.0,3156.0,3280.0,3372.0,3338.0,17.000206362,0.019869563
1525.0,1986.0,2173.0,2063.0,2065.0,2059.0,2058.0,2054.0,2059.0,2064.0,2058.0,2057.0,2053.0,2054.0,2054.0,2053.0,2057.0,2059.0,2054.0,2051.0,2056.0,2059.0,2065.0,2065.0,2066.0,2885.0,3371.0,3377.0,3206.0,3362.0,3171.0,2953.0,3069.0,3051.0,3171.0,2566.0,3306.0,3349.0,3169.0,3340.0,3155.0,3280.0,3371.0,3339.0,17.020203809,0.019828579000000002
1526.0,1984.0,2174.0,2065.0,2065.0,2060.0,2057.0,2062.0,2068.0,2063.0,2056.0,2052.0,2048.0,2055.0,2053.0,2054.0,2051.0,2050.0,2054.0,2059.0,2057.0,2058.0,2061.0,2062.0,2065.0,2885.0,3371.0,3377.0,3207.0,3365.0,3171.0,2952.0,3069.0,3051.0,3168.0,2564.0,3305.0,3349.0,3169.0,3340.0,3154.0,3280.0,3371.0,3339.0,17.040205093,0.019852405
1528.0,1987.0,2174.0,2057.0,2058.0,2061.0,2060.0,2060.0,2061.0,2058.0,2055.0,2056.0,2058.0,2063.0,2058.0,2053.0,2056.0,2055.0,2060.0,2064.0,2059.0,2057.0,2059.0,2063.0,2068.0,2884.0,3371.0,3379.0,3208.0,3363.0,3172.0,2955.0,3070.0,3053.0,3171.0,2567.0,3308.0,3349.0,3168.0,3341.0,3154.0,3281.0,3372.0,3339.0,17.060204489,0.019830189
1525.0,1986.0,2174.0,2061.0,2063.0,2062.0,2060.0,2057.0,2063.0,2064.0,2057.0,2054.0,2055.0,2058.0,2056.0,2060.0,2058.0,2053.0,2053.0,2048.0,2050.0,2048.0,2057.0,2068.0,2069.0,2884.0,3372.0,3379.0,3208.0,3364.0,3171.0,2954.0,3068.0,3051.0,3169.0,2567.0,3306.0,3349.0,3168.0,3339.0,3154.0,3280.0,3369.0,3338.0,17.08031658,0.019822272000000002
1525.0,1988.0,2174.0,2056.0,2069.0,2069.0,2065.0,2062.0,2066.0,2066.0,2069.0,2062.0,2059.0,2062.0,2065.0,2065.0,2054.0,2052.0,2057.0,2054.0,2053.0,2050.0,2054.0,2067.0,2075.0,2885.0,3373.0,3379.0,3206.0,3360.0,3170.0,2953.0,3068.0,3050.0,3169.0,2566.0,3307.0,3348.0,3170.0,3342.0,3154.0,3281.0,3372.0,3339.0,17.100204834,0.019817682
1529.0,1989.0,2174.0,2057.0,2066.0,2072.0,2070.0,2062.0,2060.0,2059.0,2063.0,2059.0,2055.0,2053.0,2051.0,2054.0,2055.0,2048.0,2046.0,2045.0,2054.0,2060.0,2066.0,2066.0,2062.0,2885.0,3372.0,3378.0,3209.0,3364.0,3173.0,2955.0,3069.0,3051.0,3170.0,2566.0,3308.0,3347.0,3168.0,3341.0,3155.0,3282.0,3372.0,3337.0,17.120207664,0.019864078
1525.0,1988.0,2173.0,2058.0,2058.0,2062.0,2065.0,2065.0,2062.0,2060.0,2055.0,2055.0,2059.0,2059.0,2061.0,2062.0,2062.0,2058.0,2060.0,2054.0,2055.0,2054.0,2058.0,2058.0,2058.0,2885.0,3372.0,3379.0,3207.0,3363.0,3171.0,2954.0,3067.0,3050.0,3169.0,2565.0,3306.0,3348.0,3167.0,3340.0,3155.0,3281.0,3370.0,3338.0,17.140206088,0.019787306
1527.0,1992.0,2174.0,2056.0,2058.0,2053.0,2062.0,2069.0,2068.0,2066.0,2065.0,2061.0,2061.0,2061.0,2061.0,2058.0,2050.0,2051.0,2051.0,2056.0,2057.0,2055.0,2059.0,2064.0,2063.0,2884.0,3372.0,3378.0,3208.0,3363.0,3172.0,2954.0,3069.0,3052.0,3170.0,2565.0,3307.0,3348.0,3168.0,3342.0,3156.0,3280.0,3371.0,3338.0,17.160206084,0.019869974000000002
1526.0,1991.0,2173.0,2056.0,2060.0,2058.0,2057.0,2057.0,2058.0,2056.0,2053.0,2054.0,2055.0,2054.0,2055.0,2059.0,2059.0,2061.0,2059.0,2054.0,2060.0,2063.0,2069.0,2071.0,2068.0,2885.0,3368.0,3380.0,3209.0,3365.0,3172.0,2953.0,3069.0,3050.0,3169.0,2566.0,3306.0,3345.0,3168.0,3340.0,3156.0,3281.0,3372.0,3340.0,17.180209417,0.019772615
1525.0,1990.0,2174.0,2066.0,2071.0,2071.0,2062.0,2057.0,2056.0,2055.0,2057.0,2059.0,2050.0,2049.0,2050.0,2055.0,2056.0,2053.0,2055.0,2049.0,2054.0,2053.0,2058.0,2060.0,2061.0,2885.0,3370.0,3376.0,3206.0,3362.0,3170.0,2953.0,3068.0,3050.0,3169.0,2566.0,3306.0,3349.0,3169.0,3342.0,3157.0,3281.0,3371.0,3338.0,17.200206287,0.01985711
1525.0,1987.0,2173.0,2063.0,2064.0,2056.0,2055.0,2058.0,2062.0,2062.0,2063.0,2055.0,2050.0,2057.0,2057.0,2053.0,2050.0,2051.0,2054.0,2049.0,2051.0,2056.0,2061.0,2060.0,2061.0,2886.0,3371.0,3378.0,3207.0,3362.0,3171.0,2955.0,3068.0,3052.0,3171.0,2567.0,3306.0,3348.0,3168.0,3341.0,3156.0,3279.0,3371.0,3339.0,17.220206586,0.019868882
1525.0,1986.0,2173.0,2064.0,2064.0,2066.0,2067.0,2072.0,2071.0,2062.0,2061.0,2059.0,2052.0,2055.0,2055.0,2053.0,2051.0,2051.0,2054.0,2054.0,2055.0,2057.0,2059.0,2066.0,2064.0,2885.0,3371.0,3379.0,3209.0,3363.0,3171.0,2952.0,3069.0,3050.0,3171.0,2565.0,3305.0,3347.0,3166.0,3341.0,3156.0,3280.0,3371.0,3338.0,17.240206927,0.019866983
1525.0,1985.0,2173.0,2055.0,2052.0,2045.0,2047.0,2050.0,2057.0,2057.0,2056.0,2056.0,2057.0,2058.0,2061.0,2061.0,2057.0,2058.0,2057.0,2050.0,2052.0,2057.0,2064.0,2064.0,2059.0,2886.0,3370.0,3379.0,3208.0,3363.0,3172.0,2953.0,3068.0,3050.0,3169.0,2565.0,3306.0,3347.0,3168.0,3341.0,3153.0,3279.0,3370.0,3338.0,17.260206874,0.019828611000000003
1528.0,1987.0,2173.0,2053.0,2057.0,2054.0,2057.0,2065.0,2066.0,2063.0,2058.0,2054.0,2062.0,2067.0,2062.0,2059.0,2060.0,2066.0,2067.0,2060.0,2045.0,2048.0,2060.0,2072.0,2071.0,2885.0,3371.0,3379.0,3206.0,3362.0,3172.0,2955.0,3069.0,3052.0,3171.0,2566.0,3306.0,3347.0,3168.0,3341.0,3155.0,3281.0,3371.0,3339.0,17.280217354,0.019752834
1527.0,1986.0,2174.0,2057.0,2061.0,2060.0,2065.0,2062.0,2061.0,2061.0,2061.0,2061.0,2057.0,2052.0,2049.0,2052.0,2055.0,2054.0,2056.0,2048.0,2047.0,2057.0,2067.0,2067.0,2069.0,2884.0,3369.0,3377.0,3209.0,3363.0,3172.0,2954.0,3068.0,3051.0,3170.0,2565.0,3305.0,3347.0,3167.0,3340.0,3154.0,3279.0,3371.0,3339.0,17.300207901,0.019833694000000002
1529.0,1985.0,2173.0,2056.0,2060.0,2047.0,2046.0,2049.0,2063.0,2067.0,2064.0,2066.0,2060.0,2064.0,2064.0,2062.0,2060.0,2052.0,2054.0,2053.0,2049.0,2047.0,2052.0,2053.0,2054.0,2885.0,3373.0,3379.0,3209.0,3364.0,3172.0,2954.0,3069.0,3051.0,3169.0,2566.0,3305.0,3348.0,3169.0,3341.0,3157.0,3281.0,3372.0,3339.0,17.320207849,0.019860777
1525.0,1985.0,2173.0,2069.0,2067.0,2063.0,2068.0,2063.0,2064.0,2054.0,2054.0,2058.0,2058.0,2063.0,2059.0,2055.0,2054.0,2053.0,2058.0,2057.0,2054.0,2054.0,2060.0,2066.0,2066.0,2885.0,3372.0,3377.0,3209.0,3363.0,3172.0,2953.0,3067.0,3051.0,3170.0,2565.0,3305.0,3349.0,3167.0,3340.0,3156.0,3282.0,3370.0,3338.0,17.340208017,0.019845757000000002
1525.0,1986.0,2174.0,2048.0,2056.0,2062.0,2061.0,2057.0,2057.0,2054.0,2055.0,2057.0,2059.0,2057.0,2057.0,2055.0,2060.0,2062.0,2059.0,2056.0,2056.0,2055.0,2060.0,2061.0,2065.0,2886.0,3371.0,3377.0,3207.0,3363.0,3171.0,2954.0,3069.0,3051.0,3170.0,2566.0,3307.0,3347.0,3168.0,3340.0,3157.0,3280.0,3370.0,3338.0,17.360216441,0.019856292
1525.0,1988.0,2173.0,2058.0,2057.0,2054.0,2055.0,2059.0,2065.0,2064.0,2064.0,2055.0,2053.0,2057.0,2057.0,2057.0,2052.0,2050.0,2053.0,2055.0,2058.0,2057.0,2060.0,2061.0,2064.0,2885.0,3371.0,3378.0,3207.0,3363.0,3172.0,2953.0,3069.0,3052.0,3170.0,2566.0,3306.0,3349.0,3168.0,3342.0,3157.0,3281.0,3371.0,3339.0,17.380215833,0.019873850000000002
1526.0,1986.0,2173.0,2064.0,2064.0,2061.0,2062.0,2064.0,2063.0,2059.0,2058.0,2061.0,2060.0,2064.0,2060.0,2053.0,2051.0,2054.0,2059.0,2058.0,2058.0,2055.0,2060.0,2065.0,2066.0,2886.0,3370.0,3378.0,3208.0,3361.0,3170.0,2954.0,3069.0,3050.0,3170.0,2566.0,3307.0,3347.0,3168.0,3341.0,3156.0,3280.0,3371.0,3339.0,17.400209294,0.019735890000000002
1526.0,1988.0,2173.0,2064.0,2063.0,2060.0,2061.0,2063.0,2067.0,2063.0,2060.0,2058.0,2056.0,2056.0,2058.0,2057.0,2056.0,2055.0,2054.0,2052.0,2054.0,2056.0,2060.0,2065.0,2063.0,2885.0,3371.0,3379.0,3209.0,3363.0,3171.0,2954.0,3068.0,3050.0,3169.0,2566.0,3306.0,3348.0,3167.0,3341.0,3155.0,3280.0,3371.0,3338.0,17.420208997,0.01985935
1526.0,1988.0,2173.0,2058.0,2059.0,2060.0,2058.0,2057.0,2062.0,2058.0,2058.0,2057.0,2059.0,2063.0,2064.0,2056.0,2054.0,2056.0,2058.0,2053.0,2053.0,2056.0,2058.0,2063.0,2061.0,2885.0,3370.0,3378.0,3207.0,3363.0,3171.0,2952.0,3069.0,3050.0,3171.0,2566.0,3305.0,3348.0,3169.0,3340.0,3156.0,3279.0,3372.0,3340.0,17.440209584,0.019851905
1527.0,1987.0,2174.0,2056.0,2062.0,2068.0,2064.0,2054.0,2060.0,2059.0,2062.0,2061.0,2058.0,2054.0,2053.0,2054.0,2054.0,2053.0,2056.0,2058.0,2058.0,2059.0,2064.0,2066.0,2064.0,2885.0,3370.0,3379.0,3207.0,3364.0,3172.0,2953.0,3069.0,3051.0,3169.0,2566.0,3305.0,3349.0,3166.0,3340.0,3155.0,3279.0,3371.0,3338.0,17.460211616,0.019843902
1528.0,1990.0,2174.0,2066.0,2065.0,2064.0,2064.0,2063.0,2064.0,2063.0,2062.0,2057.0,2061.0,2066.0,2062.0,2059.0,2052.0,2051.0,2057.0,2057.0,2055.0,2056.0,2058.0,2064.0,2065.0,2886.0,3371.0,3379.0,3208.0,3364.0,3172.0,2955.0,3069.0,3050.0,3169.0,2565.0,3305.0,3349.0,3170.0,3343.0,3154.0,3281.0,3371.0,3338.0,17.480213688,0.019857168
1526.0,1988.0,2173.0,2056.0,2058.0,2057.0,2059.0,2063.0,2059.0,2055.0,2055.0,2060.0,2059.0,2060.0,2055.0,2054.0,2062.0,2066.0,2069.0,2060.0,2055.0,2054.0,2067.0,2075.0,2071.0,2885.0,3372.0,3380.0,3206.0,3362.0,3170.0,2953.0,3068.0,3050.0,3170.0,2565.0,3307.0,3347.0,3168.0,3340.0,3155.0,3281.0,3372.0,3340.0,17.500210113,0.019850968
1526.0,1989.0,2173.0,2059.0,2057.0,2058.0,2059.0,2058.0,2058.0,2054.0,2058.0,2061.0,2059.0,2062.0,2063.0,2064.0,2062.0,2057.0,2052.0,2046.0,2049.0,2054.0,2062.0,2057.0,2054.0,2886.0,3370.0,3378.0,3206.0,3363.0,3171.0,2954.0,3068.0,3050.0,3171.0,2566.0,3307.0,3350.0,3168.0,3342.0,3156.0,3281.0,3372.0,3339.0,17.520212185,0.019864997000000002
1527.0,1990.0,2173.0,2058.0,2063.0,2061.0,2055.0,2058.0,2055.0,2053.0,2054.0,2052.0,2052.0,2055.0,2057.0,2060.0,2059.0,2058.0,2059.0,2065.0,2064.0,2063.0,2065.0,2065.0,2064.0,2886.0,3371.0,3378.0,3207.0,3361.0,3171.0,2953.0,3069.0,3051.0,3170.0,2565.0,3306.0,3348.0,3168.0,3340.0,3155.0,3280.0,3371.0,3339.0,17.540222635,0.019834234000000003
1525.0,1990.0,2174.0,2062.0,2063.0,2062.0,2061.0,2056.0,2058.0,2058.0,2056.0,2059.0,2059.0,2060.0,2059.0,2056.0,2057.0,2054.0,2057.0,2050.0,2055.0,2055.0,2062.0,2067.0,2069.0,2885.0,3370.0,3378.0,3208.0,3363.0,3171.0,2955.0,3069.0,3050.0,3169.0,2566.0,3306.0,3347.0,3168.0,3341.0,3156.0,3283.0,3373.0,3338.0,17.560210786,0.019838405
1528.0,1990.0,2173.0,2057.0,2062.0,2060.0,2060.0,2062.0,2064.0,2056.0,2051.0,2055.0,2055.0,2055.0,2052.0,2051.0,2052.0,2051.0,2050.0,2048.0,2051.0,2051.0,2058.0,2061.0,2062.0,2885.0,3372.0,3379.0,3208.0,3363.0,3173.0,2956.0,3070.0,3051.0,3170.0,2567.0,3306.0,3348.0,3170.0,3340.0,3156.0,3281.0,3372.0,3340.0,17.580210744,0.019839464
1526.0,1991.0,2173.0,2055.0,2058.0,2062.0,2062.0,2057.0,2059.0,2061.0,2060.0,2060.0,2062.0,2060.0,2058.0,2058.0,2064.0,2063.0,2060.0,2055.0,2053.0,2059.0,2066.0,2068.0,2064.0,2886.0,3371.0,3378.0,3206.0,3363.0,3172.0,2953.0,3068.0,3051.0,3171.0,2566.0,3307.0,3350.0,3169.0,3340.0,3155.0,3280.0,3370.0,3338.0,17.600211107,0.019768813
1526.0,1991.0,2174.0,2057.0,2064.0,2061.0,2057.0,2062.0,2064.0,2065.0,2064.0,2062.0,2058.0,2061.0,2061.0,2063.0,2060.0,2059.0,2059.0,2057.0,2059.0,2061.0,2068.0,2067.0,2071.0,2886.0,3370.0,3379.0,3206.0,3360.0,3171.0,2955.0,3069.0,3051.0,3169.0,2565.0,3307.0,3347.0,3168.0,3341.0,3156.0,3280.0,3370.0,3339.0,17.620257305,0.019883968000000002
1526.0,1991.0,2173.0,2057.0,2067.0,2060.0,2057.0,2053.0,2056.0,2054.0,2054.0,2052.0,2050.0,2055.0,2053.0,2052.0,2050.0,2052.0,2058.0,2055.0,2051.0,2053.0,2059.0,2062.0,2064.0,2885.0,3372.0,3377.0,3207.0,3362.0,3171.0,2954.0,3068.0,3050.0,3169.0,2566.0,3306.0,3348.0,3167.0,3339.0,3155.0,3281.0,3371.0,3340.0,17.640211495,0.019851032
1529.0,1990.0,2174.0,2063.0,2066.0,2062.0,2061.0,2057.0,2060.0,2057.0,2056.0,2054.0,2055.0,2058.0,2056.0,2054.0,2058.0,2061.0,2061.0,2060.0,2062.0,2061.0,2064.0,2071.0,2072.0,2885.0,3372.0,3379.0,3207.0,3363.0,3171.0,2952.0,3070.0,3051.0,3169.0,2566.0,3307.0,3347.0,3168.0,3342.0,3156.0,3279.0,3370.0,3339.0,17.660211808,0.019769105000000002
1526.0,1990.0,2173.0,2064.0,2062.0,2066.0,2067.0,2068.0,2065.0,2060.0,2058.0,2056.0,2056.0,2056.0,2050.0,2049.0,2051.0,2054.0,2056.0,2055.0,2050.0,2057.0,2063.0,2063.0,2066.0,2885.0,3371.0,3378.0,3208.0,3364.0,3172.0,2953.0,3068.0,3050.0,3171.0,2566.0,3305.0,3347.0,3167.0,3339.0,3154.0,3280.0,3372.0,3338.0,17.680220217,0.019855125
1526.0,1992.0,2173.0,2050.0,2053.0,2061.0,2062.0,2058.0,2060.0,2059.0,2063.0,2062.0,2056.0,2054.0,2052.0,2055.0,2057.0,2053.0,2053.0,2048.0,2050.0,2055.0,2063.0,2071.0,2064.0,2886.0,3370.0,3378.0,3207.0,3363.0,3173.0,2954.0,3067.0,3051.0,3169.0,2566.0,3306.0,3348.0,3168.0,3342.0,3156.0,3279.0,3371.0,3339.0,17.700213753,0.019842273
1526.0,1989.0,2173.0,2058.0,2060.0,2060.0,2055.0,2060.0,2066.0,2066.0,2066.0,2067.0,2059.0,2062.0,2061.0,2060.0,2060.0,2055.0,2056.0,2057.0,2055.0,2057.0,2060.0,2059.0,2062.0,2886.0,3370.0,3378.0,3206.0,3362.0,3171.0,2954.0,3068.0,3051.0,3170.0,2565.0,3307.0,3349.0,3168.0,3342.0,3154.0,3280.0,3371.0,3338.0,17.720219372,0.019860321
1526.0,1992.0,2173.0,2062.0,2062.0,2062.0,2061.0,2063.0,2066.0,2058.0,2055.0,2051.0,2055.0,2058.0,2059.0,2050.0,2052.0,2053.0,2056.0,2054.0,2049.0,2049.0,2052.0,2057.0,2061.0,2885.0,3372.0,3378.0,3207.0,3362.0,3171.0,2953.0,3068.0,3051.0,3169.0,2565.0,3306.0,3348.0,3168.0,3339.0,3155.0,3282.0,3371.0,3339.0,17.740213004,0.019786477
1525.0,1990.0,2173.0,2056.0,2060.0,2056.0,2056.0,2054.0,2053.0,2053.0,2056.0,2059.0,2061.0,2060.0,2057.0,2063.0,2062.0,2066.0,2065.0,2059.0,2056.0,2057.0,2069.0,2073.0,2068.0,2885.0,3372.0,3378.0,3207.0,3363.0,3170.0,2955.0,3067.0,3051.0,3169.0,2566.0,3305.0,3348.0,3167.0,3339.0,3154.0,3281.0,3372.0,3338.0,17.760212994,0.019855073
1526.0,1989.0,2173.0,2067.0,2070.0,2071.0,2069.0,2067.0,2065.0,2065.0,2060.0,2061.0,2058.0,2058.0,2052.0,2053.0,2051.0,2054.0,2055.0,2051.0,2055.0,2063.0,2068.0,2074.0,2071.0,2886.0,3372.0,3380.0,3207.0,3361.0,3171.0,2954.0,3068.0,3052.0,3171.0,2567.0,3305.0,3347.0,3169.0,3341.0,3157.0,3280.0,3370.0,3337.0,17.780215796,0.019869203000000002
1527.0,1991.0,2174.0,2057.0,2064.0,2060.0,2057.0,2059.0,2055.0,2056.0,2056.0,2055.0,2052.0,2053.0,2050.0,2056.0,2056.0,2057.0,2055.0,2051.0,2049.0,2053.0,2057.0,2060.0,2057.0,2886.0,3372.0,3378.0,3208.0,3362.0,3172.0,2955.0,3070.0,3051.0,3170.0,2566.0,3308.0,3349.0,3169.0,3341.0,3155.0,3280.0,3371.0,3339.0,17.800214217,0.019770166000000002
1528.0,1993.0,2175.0,2057.0,2058.0,2053.0,2052.0,2055.0,2063.0,2063.0,2058.0,2054.0,2054.0,2060.0,2065.0,2063.0,2057.0,2057.0,2057.0,2055.0,2060.0,2059.0,2063.0,2069.0,2069.0,2885.0,3371.0,3378.0,3207.0,3362.0,3170.0,2953.0,3068.0,3050.0,3169.0,2566.0,3306.0,3348.0,3169.0,3340.0,3157.0,3280.0,3370.0,3339.0,17.820331799,0.019938317
1528.0,1989.0,2174.0,2060.0,2063.0,2064.0,2063.0,2066.0,2066.0,2064.0,2062.0,2064.0,2064.0,2063.0,2057.0,2055.0,2052.0,2055.0,2056.0,2053.0,2049.0,2050.0,2058.0,2065.0,2067.0,2886.0,3372.0,3377.0,3208.0,3364.0,3171.0,2953.0,3067.0,3052.0,3170.0,2566.0,3305.0,3348.0,3167.0,3340.0,3156.0,3280.0,3373.0,3338.0,17.840214352,0.019813151
1526.0,1993.0,2173.0,2064.0,2064.0,2064.0,2064.0,2059.0,2058.0,2059.0,2058.0,2058.0,2054.0,2051.0,2046.0,2054.0,2056.0,2056.0,2055.0,2049.0,2051.0,2055.0,2064.0,2062.0,2056.0,2886.0,3371.0,3380.0,3208.0,3364.0,3171.0,2953.0,3069.0,3051.0,3169.0,2567.0,3306.0,3348.0,3169.0,3341.0,3156.0,3280.0,3371.0,3339.0,17.860214635,0.019849866
1526.0,1993.0,2173.0,2061.0,2067.0,2066.0,2065.0,2061.0,2060.0,2061.0,2063.0,2060.0,2058.0,2057.0,2055.0,2058.0,2060.0,2055.0,2053.0,2053.0,2055.0,2058.0,2063.0,2066.0,2067.0,2886.0,3372.0,3379.0,3209.0,3363.0,3171.0,2953.0,3069.0,3049.0,3170.0,2566.0,3307.0,3348.0,3169.0,3342.0,3157.0,3281.0,3371.0,3339.0,17.880216917,0.019875233000000003
1526.0,1993.0,2173.0,2069.0,2069.0,2064.0,2055.0,2059.0,2061.0,2060.0,2060.0,2056.0,2058.0,2062.0,2067.0,2061.0,2062.0,2056.0,2060.0,2055.0,2055.0,2060.0,2062.0,2068.0,2068.0,2886.0,3370.0,3377.0,3207.0,3364.0,3171.0,2953.0,3069.0,3051.0,3170.0,2565.0,3306.0,3347.0,3169.0,3341.0,3154.0,3281.0,3371.0,3339.0,17.900215127,0.019838521
1526.0,1993.0,2173.0,2061.0,2054.0,2050.0,2058.0,2062.0,2066.0,2065.0,2056.0,2051.0,2055.0,2058.0,2060.0,2054.0,2053.0,2054.0,2053.0,2058.0,2058.0,2056.0,2054.0,2061.0,2065.0,2885.0,3371.0,3378.0,3208.0,3363.0,3172.0,2954.0,3068.0,3050.0,3170.0,2566.0,3307.0,3350.0,3169.0,3340.0,3157.0,3281.0,3371.0,3341.0,17.920214615,0.019818321
1525.0,1995.0,2174.0,2056.0,2058.0,2061.0,2066.0,2062.0,2058.0,2055.0,2060.0,2061.0,2058.0,2057.0,2054.0,2051.0,2050.0,2053.0,2053.0,2053.0,2054.0,2055.0,2065.0,2071.0,2071.0,2886.0,3370.0,3378.0,3207.0,3363.0,3169.0,2954.0,3069.0,3051.0,3171.0,2566.0,3306.0,3349.0,3169.0,3341.0,3157.0,3279.0,3371.0,3339.0,17.940226884,0.019786801
1526.0,1993.0,2174.0,2055.0,2057.0,2056.0,2053.0,2050.0,2053.0,2057.0,2059.0,2063.0,2059.0,2058.0,2061.0,2061.0,2065.0,2061.0,2058.0,2054.0,2057.0,2058.0,2062.0,2064.0,2061.0,2886.0,3372.0,3379.0,3206.0,3362.0,3170.0,2954.0,3069.0,3051.0,3170.0,2566.0,3305.0,3348.0,3168.0,3341.0,3157.0,3280.0,3371.0,3338.0,17.960215955,0.019752399
1528.0,1992.0,2173.0,2060.0,2061.0,2061.0,2062.0,2057.0,2060.0,2059.0,2059.0,2056.0,2053.0,2053.0,2053.0,2052.0,2048.0,2046.0,2047.0,2050.0,2054.0,2051.0,2060.0,2067.0,2066.0,2885.0,3370.0,3379.0,3206.0,3362.0,3172.0,2953.0,3068.0,3052.0,3169.0,2565.0,3308.0,3347.0,3169.0,3342.0,3156.0,3281.0,3374.0,3340.0,17.980215571,0.019839145000000002
1525.0,1991.0,2173.0,2059.0,2063.0,2057.0,2054.0,2057.0,2061.0,2058.0,2058.0,2055.0,2055.0,2059.0,2062.0,2062.0,2065.0,2065.0,2064.0,2060.0,2058.0,2059.0,2064.0,2062.0,2067.0,2885.0,3371.0,3379.0,3208.0,3363.0,3171.0,2954.0,3069.0,3051.0,3168.0,2566.0,3306.0,3347.0,3168.0,3341.0,3156.0,3280.0,3370.0,3339.0,18.000217382,0.019770049
1526.0,1991.0,2173.0,2063.0,2064.0,2059.0,2057.0,2056.0,2058.0,2055.0,2050.0,2051.0,2053.0,2059.0,2059.0,2058.0,2058.0,2053.0,2056.0,2055.0,2052.0,2058.0,2065.0,2062.0,2064.0,2885.0,3371.0,3378.0,3209.0,3363.0,3169.0,2953.0,3068.0,3050.0,3170.0,2565.0,3306.0,3348.0,3167.0,3339.0,3156.0,3281.0,3373.0,3338.0,18.020219002,0.01984821
1526.0,1991.0,2173.0,2064.0,2069.0,2070.0,2068.0,2064.0,2061.0,2062.0,2063.0,2061.0,2054.0,2056.0,2053.0,2055.0,2059.0,2059.0,2056.0,2057.0,2054.0,2055.0,2060.0,2058.0,2060.0,2885.0,3370.0,3379.0,3207.0,3362.0,3172.0,2953.0,3070.0,3050.0,3170.0,2566.0,3306.0,3347.0,3167.0,3339.0,3155.0,3281.0,3372.0,3339.0,18.040218694,0.019785697
1528.0,1993.0,2173.0,2055.0,2057.0,2060.0,2060.0,2064.0,2066.0,2067.0,2066.0,2062.0,2053.0,2053.0,2054.0,2061.0,2062.0,2063.0,2061.0,2056.0,2055.0,2053.0,2057.0,2058.0,2061.0,2885.0,3371.0,3379.0,3207.0,3363.0,3171.0,2953.0,3067.0,3051.0,3169.0,2565.0,3306.0,3347.0,3168.0,3341.0,3156.0,3280.0,3373.0,3340.0,18.06021997,0.019838129000000003
1529.0,1993.0,2173.0,2061.0,2064.0,2065.0,2065.0,2065.0,2068.0,2064.0,2062.0,2060.0,2047.0,2046.0,2040.0,2046.0,2052.0,2057.0,2061.0,2054.0,2051.0,2047.0,2051.0,2062.0,2066.0,2885.0,3370.0,3378.0,3208.0,3362.0,3171.0,2954.0,3070.0,3050.0,3171.0,2567.0,3306.0,3349.0,3166.0,3340.0,3157.0,3281.0,3372.0,3337.0,18.08021673,0.019836725000000003
1526.0,1992.0,2173.0,2060.0,2053.0,2048.0,2047.0,2051.0,2060.0,2060.0,2055.0,2051.0,2051.0,2053.0,2052.0,2050.0,2058.0,2062.0,2066.0,2059.0,2056.0,2055.0,2060.0,2067.0,2063.0,2885.0,3371.0,3379.0,3208.0,3363.0,3171.0,2954.0,3068.0,3051.0,3169.0,2566.0,3306.0,3349.0,3168.0,3340.0,3157.0,3280.0,3370.0,3337.0,18.100230458,0.019864577
1526.0,1991.0,2173.0,2059.0,2052.0,2054.0,2060.0,2062.0,2065.0,2068.0,2064.0,2064.0,2060.0,2055.0,2055.0,2055.0,2053.0,2056.0,2060.0,2054.0,2055.0,2054.0,2056.0,2063.0,2065.0,2886.0,3370.0,3377.0,3207.0,3361.0,3170.0,2953.0,3069.0,3051.0,3168.0,2566.0,3305.0,3346.0,3168.0,3339.0,3156.0,3281.0,3372.0,3337.0,18.120220066,0.019848566
1528.0,1994.0,2173.0,2063.0,2063.0,2058.0,2057.0,2056.0,2056.0,2056.0,2059.0,2059.0,2051.0,2050.0,2047.0,2048.0,2053.0,2050.0,2056.0,2056.0,2057.0,2058.0,2062.0,2063.0,2065.0,2885.0,3373.0,3380.0,3208.0,3362.0,3170.0,2954.0,3069.0,3050.0,3169.0,2567.0,3306.0,3347.0,3167.0,3340.0,3155.0,3280.0,3372.0,3340.0,18.140217495,0.019871348
1526.0,1990.0,2173.0,2061.0,2061.0,2057.0,2054.0,2055.0,2053.0,2056.0,2056.0,2058.0,2057.0,2059.0,2056.0,2052.0,2051.0,2047.0,2052.0,2053.0,2056.0,2054.0,2054.0,2059.0,2062.0,2885.0,3370.0,3378.0,3206.0,3361.0,3171.0,2954.0,3068.0,3051.0,3168.0,2565.0,3306.0,3348.0,3168.0,3340.0,3156.0,3280.0,3371.0,3337.0,18.160218295,0.019765288000000002
1526.0,1990.0,2173.0,2059.0,2060.0,2060.0,2065.0,2061.0,2062.0,2058.0,2058.0,2059.0,2062.0,2060.0,2051.0,2049.0,2053.0,2056.0,2056.0,2059.0,2053.0,2053.0,2065.0,2070.0,2075.0,2884.0,3369.0,3376.0,3207.0,3362.0,3171.0,2953.0,3069.0,3050.0,3170.0,2566.0,3307.0,3348.0,3168.0,3341.0,3155.0,3281.0,3370.0,3340.0,18.180218308,0.019841597000000002
1526.0,1987.0,2174.0,2063.0,2063.0,2066.0,2061.0,2060.0,2063.0,2060.0,2059.0,2060.0,2051.0,2053.0,2053.0,2059.0,2063.0,2059.0,2056.0,2051.0,2054.0,2059.0,2065.0,2062.0,2052.0,2884.0,3370.0,3379.0,3208.0,3363.0,3170.0,2954.0,3068.0,3050.0,3169.0,2567.0,3305.0,3347.0,3166.0,3341.0,3154.0,3281.0,3370.0,3339.0,18.200218591,0.019843615000000002
1529.0,1989.0,2174.0,2057.0,2065.0,2059.0,2059.0,2059.0,2061.0,2060.0,2058.0,2058.0,2054.0,2056.0,2056.0,2053.0,2050.0,2049.0,2048.0,2042.0,2047.0,2051.0,2053.0,2054.0,2054.0,2884.0,3371.0,3377.0,3206.0,3362.0,3171.0,2954.0,3070.0,3051.0,3171.0,2566.0,3306.0,3348.0,3167.0,3340.0,3155.0,3280.0,3371.0,3339.0,18.220218928,0.019858738
1528.0,1989.0,2174.0,2062.0,2064.0,2062.0,2066.0,2067.0,2066.0,2060.0,2059.0,2058.0,2062.0,2059.0,2057.0,2050.0,2050.0,2046.0,2049.0,2050.0,2052.0,2057.0,2060.0,2068.0,2067.0,2885.0,3372.0,3377.0,3205.0,3363.0,3171.0,2953.0,3068.0,3050.0,3169.0,2566.0,3306.0,3348.0,3168.0,3341.0,3156.0,3282.0,3372.0,3341.0,18.240220814,0.019765110000000002
1529.0,1990.0,2173.0,2045.0,2039.0,2049.0,2060.0,2064.0,2065.0,2055.0,2063.0,2073.0,2074.0,2067.0,2061.0,2058.0,2058.0,2058.0,2055.0,2045.0,2047.0,2058.0,2070.0,2070.0,2062.0,2884.0,3372.0,3380.0,3208.0,3364.0,3171.0,2953.0,3068.0,3050.0,3170.0,2567.0,3307.0,3346.0,3167.0,3341.0,3155.0,3280.0,3372.0,3340.0,18.260219423,0.019835406
1529.0,1990.0,2173.0,2049.0,2049.0,2056.0,2065.0,2065.0,2059.0,2060.0,2067.0,2073.0,2075.0,2069.0,2058.0,2057.0,2059.0,2058.0,2058.0,2050.0,2044.0,2048.0,2062.0,2067.0,2063.0,2885.0,3372.0,3378.0,3208.0,3364.0,3171.0,2953.0,3069.0,3051.0,3170.0,2566.0,3306.0,3347.0,3169.0,3341.0,3157.0,3280.0,3371.0,3337.0,18.280221609,0.019859703000000003
1529.0,1991.0,2173.0,2063.0,2067.0,2064.0,2055.0,2054.0,2060.0,2062.0,2061.0,2056.0,2049.0,2051.0,2055.0,2055.0,2049.0,2046.0,2049.0,2055.0,2060.0,2058.0,2058.0,2062.0,2059.0,2886.0,3370.0,3377.0,3210.0,3364.0,3172.0,2954.0,3069.0,3049.0,3171.0,2567.0,3307.0,3347.0,3167.0,3341.0,3153.0,3280.0,3371.0,3338.0,18.300219421,0.019830689000000002
1529.0,1992.0,2173.0,2058.0,2061.0,2065.0,2068.0,2066.0,2065.0,2066.0,2068.0,2068.0,2065.0,2062.0,2060.0,2058.0,2058.0,2055.0,2061.0,2060.0,2059.0,2056.0,2062.0,2063.0,2064.0,2885.0,3371.0,3379.0,3206.0,3363.0,3170.0,2953.0,3068.0,3051.0,3170.0,2566.0,3307.0,3347.0,3168.0,3343.0,3156.0,3280.0,3372.0,3338.0,18.320220006,0.019866471
1526.0,1992.0,2173.0,2068.0,2068.0,2067.0,2069.0,2067.0,2063.0,2064.0,2062.0,2059.0,2053.0,2053.0,2051.0,2059.0,2062.0,2064.0,2067.0,2061.0,2062.0,2064.0,2069.0,2067.0,2058.0,2885.0,3372.0,3378.0,3207.0,3365.0,3172.0,2954.0,3068.0,3051.0,3170.0,2566.0,3308.0,3350.0,3168.0,3341.0,3155.0,3282.0,3373.0,3340.0,18.340223012,0.01987103
1529.0,1992.0,2174.0,2057.0,2058.0,2056.0,2061.0,2062.0,2054.0,2047.0,2052.0,2056.0,2061.0,2058.0,2056.0,2053.0,2057.0,2061.0,2063.0,2056.0,2051.0,2054.0,2061.0,2065.0,2060.0,2885.0,3371.0,3377.0,3207.0,3363.0,3171.0,2954.0,3067.0,3050.0,3170.0,2565.0,3305.0,3347.0,3170.0,3340.0,3156.0,3280.0,3371.0,3337.0,18.360220463,0.019763454
1528.0,1992.0,2173.0,2065.0,2068.0,2066.0,2064.0,2060.0,2060.0,2062.0,2062.0,2063.0,2060.0,2062.0,2059.0,2061.0,2064.0,2067.0,2062.0,2058.0,2059.0,2061.0,2066.0,2072.0,2072.0,2886.0,3372.0,3380.0,3209.0,3365.0,3171.0,2955.0,3070.0,3050.0,3171.0,2566.0,3307.0,3350.0,3168.0,3341.0,3155.0,3280.0,3372.0,3337.0,18.380332387,0.019817601
1527.0,1989.0,2173.0,2063.0,2067.0,2062.0,2059.0,2059.0,2059.0,2057.0,2054.0,2048.0,2050.0,2054.0,2054.0,2050.0,2055.0,2051.0,2056.0,2052.0,2057.0,2054.0,2057.0,2064.0,2059.0,2885.0,3373.0,3379.0,3206.0,3362.0,3171.0,2954.0,3069.0,3051.0,3172.0,2566.0,3304.0,3350.0,3170.0,3343.0,3156.0,3281.0,3373.0,3341.0,18.400220773,0.01981476
1528.0,1989.0,2173.0,2067.0,2064.0,2062.0,2068.0,2068.0,2066.0,2065.0,2055.0,2055.0,2060.0,2063.0,2059.0,2054.0,2055.0,2060.0,2060.0,2056.0,2052.0,2051.0,2055.0,2062.0,2065.0,2885.0,3371.0,3380.0,3208.0,3364.0,3172.0,2953.0,3069.0,3051.0,3168.0,2567.0,3308.0,3349.0,3168.0,3340.0,3156.0,3280.0,3372.0,3338.0,18.420221456,0.019844689000000002
1526.0,1987.0,2173.0,2062.0,2064.0,2060.0,2056.0,2058.0,2062.0,2062.0,2062.0,2060.0,2060.0,2059.0,2060.0,2058.0,2061.0,2059.0,2054.0,2052.0,2050.0,2056.0,2063.0,2068.0,2063.0,2884.0,3370.0,3378.0,3207.0,3363.0,3171.0,2953.0,3069.0,3052.0,3171.0,2565.0,3306.0,3348.0,3168.0,3341.0,3156.0,3280.0,3372.0,3339.0,18.4402239,0.019876813
1527.0,1990.0,2174.0,2050.0,2054.0,2056.0,2057.0,2052.0,2050.0,2051.0,2054.0,2055.0,2055.0,2058.0,2054.0,2051.0,2056.0,2059.0,2060.0,2059.0,2059.0,2058.0,2063.0,2073.0,2072.0,2884.0,3373.0,3381.0,3207.0,3362.0,3172.0,2954.0,3069.0,3050.0,3170.0,2567.0,3306.0,3349.0,3169.0,3342.0,3155.0,3282.0,3371.0,3337.0,18.460222024,0.019776483
1529.0,1990.0,2173.0,2064.0,2073.0,2069.0,2066.0,2064.0,2064.0,2061.0,2061.0,2055.0,2051.0,2051.0,2051.0,2052.0,2056.0,2054.0,2058.0,2052.0,2050.0,2051.0,2058.0,2063.0,2063.0,2885.0,3369.0,3379.0,3207.0,3364.0,3172.0,2954.0,3069.0,3051.0,3170.0,2566.0,3306.0,3348.0,3169.0,3342.0,3155.0,3279.0,3372.0,3339.0,18.480266761,0.019879444
1526.0,1991.0,2173.0,2061.0,2057.0,2050.0,2052.0,2057.0,2063.0,2057.0,2056.0,2054.0,2054.0,2065.0,2064.0,2063.0,2063.0,2059.0,2060.0,2058.0,2059.0,2056.0,2064.0,2065.0,2069.0,2886.0,3372.0,3377.0,3206.0,3362.0,3171.0,2953.0,3068.0,3050.0,3169.0,2566.0,3304.0,3347.0,3166.0,3341.0,3155.0,3280.0,3372.0,3339.0,18.500222276,0.019843005
1526.0,1991.0,2173.0,2053.0,2056.0,2058.0,2064.0,2069.0,2064.0,2057.0,2048.0,2055.0,2062.0,2060.0,2054.0,2048.0,2052.0,2056.0,2063.0,2057.0,2051.0,2055.0,2062.0,2073.0,2072.0,2885.0,3371.0,3377.0,3206.0,3362.0,3169.0,2954.0,3070.0,3050.0,3171.0,2566.0,3305.0,3347.0,3167.0,3340.0,3155.0,3281.0,3372.0,3339.0,18.520222294,0.019844075000000003
1529.0,1993.0,2173.0,2062.0,2066.0,2068.0,2068.0,2065.0,2063.0,2058.0,2055.0,2055.0,2056.0,2057.0,2056.0,2053.0,2059.0,2058.0,2052.0,2051.0,2055.0,2061.0,2061.0,2064.0,2059.0,2884.0,3369.0,3380.0,3208.0,3362.0,3170.0,2953.0,3070.0,3052.0,3170.0,2566.0,3306.0,3348.0,3168.0,3340.0,3155.0,3282.0,3371.0,3338.0,18.540223109,0.019868693
1529.0,1994.0,2173.0,2053.0,2061.0,2065.0,2061.0,2062.0,2060.0,2059.0,2065.0,2061.0,2054.0,2055.0,2056.0,2056.0,2057.0,2058.0,2057.0,2055.0,2058.0,2057.0,2063.0,2066.0,2067.0,2884.0,3370.0,3377.0,3208.0,3363.0,3172.0,2953.0,3067.0,3051.0,3168.0,2567.0,3306.0,3347.0,3168.0,3341.0,3157.0,3279.0,3370.0,3338.0,18.560225471,0.019848189000000002
1527.0,1991.0,2173.0,2059.0,2059.0,2063.0,2056.0,2062.0,2062.0,2066.0,2067.0,2066.0,2059.0,2061.0,2062.0,2061.0,2056.0,2052.0,2046.0,2043.0,2050.0,2052.0,2058.0,2061.0,2059.0,2884.0,3371.0,3379.0,3207.0,3363.0,3171.0,2953.0,3069.0,3050.0,3170.0,2565.0,3306.0,3348.0,3168.0,3340.0,3155.0,3280.0,3371.0,3340.0,18.580222898,0.019831084000000002
1530.0,1990.0,2173.0,2058.0,2052.0,2051.0,2052.0,2058.0,2061.0,2055.0,2052.0,2051.0,2055.0,2059.0,2059.0,2057.0,2053.0,2054.0,2062.0,2060.0,2061.0,2059.0,2065.0,2065.0,2061.0,2885.0,3372.0,3380.0,3207.0,3363.0,3171.0,2954.0,3068.0,3051.0,3169.0,2566.0,3305.0,3346.0,3167.0,3340.0,3155.0,3282.0,3373.0,3337.0,18.600223562,0.01984918
1528.0,1991.0,2173.0,2054.0,2059.0,2066.0,2069.0,2064.0,2063.0,2057.0,2062.0,2061.0,2058.0,2054.0,2051.0,2049.0,2051.0,2055.0,2059.0,2048.0,2046.0,2051.0,2064.0,2067.0,2066.0,2883.0,3370.0,3377.0,3207.0,3362.0,3169.0,2955.0,3069.0,3052.0,3171.0,2566.0,3305.0,3348.0,3168.0,3341.0,3154.0,3282.0,3371.0,3337.0,18.620224293,0.01986628
1526.0,1990.0,2173.0,2062.0,2068.0,2065.0,2068.0,2069.0,2067.0,2065.0,2063.0,2058.0,2055.0,2053.0,2049.0,2050.0,2057.0,2053.0,2050.0,2050.0,2055.0,2061.0,2069.0,2070.0,2066.0,2884.0,3369.0,3378.0,3208.0,3363.0,3170.0,2953.0,3068.0,3049.0,3170.0,2565.0,3305.0,3348.0,3168.0,3342.0,3154.0,3280.0,3372.0,3337.0,18.640226302,0.019865306000000003
1526.0,1991.0,2174.0,2056.0,2060.0,2060.0,2059.0,2055.0,2058.0,2059.0,2059.0,2057.0,2056.0,2059.0,2057.0,2058.0,2054.0,2051.0,2056.0,2053.0,2055.0,2054.0,2054.0,2060.0,2064.0,2885.0,3369.0,3378.0,3207.0,3361.0,3170.0,2954.0,3069.0,3051.0,3170.0,2566.0,3308.0,3347.0,3169.0,3341.0,3156.0,3280.0,3371.0,3338.0,18.66022713,0.019772165
1526.0,1989.0,2173.0,2064.0,2063.0,2064.0,2061.0,2062.0,2062.0,2063.0,2059.0,2057.0,2056.0,2056.0,2053.0,2054.0,2052.0,2053.0,2054.0,2050.0,2049.0,2052.0,2058.0,2062.0,2064.0,2884.0,3370.0,3378.0,3207.0,3363.0,3171.0,2954.0,3069.0,3051.0,3169.0,2567.0,3306.0,3346.0,3167.0,3341.0,3155.0,3280.0,3372.0,3339.0,18.680224385,0.019812240000000002
1526.0,1989.0,2173.0,2062.0,2059.0,2057.0,2057.0,2060.0,2062.0,2055.0,2051.0,2045.0,2047.0,2054.0,2057.0,2055.0,2054.0,2057.0,2062.0,2059.0,2058.0,2056.0,2062.0,2069.0,2066.0,2884.0,3371.0,3378.0,3206.0,3362.0,3170.0,2953.0,3069.0,3050.0,3170.0,2565.0,3306.0,3347.0,3168.0,3339.0,3154.0,3281.0,3371.0,3338.0,18.700224463,0.019725638
1529.0,1990.0,2174.0,2053.0,2050.0,2052.0,2056.0,2059.0,2057.0,2060.0,2057.0,2059.0,2055.0,2056.0,2055.0,2056.0,2055.0,2057.0,2055.0,2047.0,2049.0,2053.0,2061.0,2065.0,2061.0,2885.0,3373.0,3379.0,3206.0,3363.0,3170.0,2953.0,3066.0,3049.0,3170.0,2566.0,3305.0,3348.0,3168.0,3340.0,3156.0,3281.0,3370.0,3341.0,18.720227596,0.019848132
1527.0,1989.0,2173.0,2063.0,2065.0,2064.0,2069.0,2064.0,2058.0,2054.0,2060.0,2059.0,2054.0,2051.0,2048.0,2045.0,2050.0,2054.0,2058.0,2058.0,2054.0,2059.0,2061.0,2067.0,2067.0,2884.0,3372.0,3379.0,3209.0,3363.0,3173.0,2953.0,3068.0,3053.0,3171.0,2566.0,3306.0,3348.0,3168.0,3339.0,3155.0,3281.0,3373.0,3338.0,18.740236249,0.019852758
1526.0,1992.0,2173.0,2057.0,2059.0,2059.0,2055.0,2051.0,2049.0,2052.0,2051.0,2055.0,2054.0,2054.0,2054.0,2051.0,2054.0,2058.0,2061.0,2057.0,2052.0,2054.0,2062.0,2070.0,2072.0,2883.0,3371.0,3378.0,3206.0,3362.0,3171.0,2953.0,3068.0,3051.0,3170.0,2567.0,3304.0,3348.0,3167.0,3340.0,3155.0,3281.0,3371.0,3340.0,18.760225493,0.019753002000000002
1527.0,1990.0,2173.0,2066.0,2063.0,2062.0,2062.0,2064.0,2070.0,2067.0,2062.0,2061.0,2060.0,2062.0,2059.0,2061.0,2060.0,2059.0,2060.0,2057.0,2059.0,2056.0,2061.0,2065.0,2064.0,2885.0,3370.0,3379.0,3206.0,3362.0,3170.0,2953.0,3068.0,3050.0,3169.0,2566.0,3306.0,3349.0,3168.0,3341.0,3155.0,3280.0,3372.0,3339.0,18.780231099,0.019853017
1527.0,1992.0,2173.0,2061.0,2057.0,2058.0,2059.0,2062.0,2064.0,2060.0,2058.0,2058.0,2058.0,2060.0,2057.0,2057.0,2056.0,2059.0,2059.0,2053.0,2053.0,2056.0,2063.0,2065.0,2062.0,2885.0,3371.0,3378.0,3207.0,3363.0,3171.0,2953.0,3069.0,3051.0,3169.0,2567.0,3305.0,3347.0,3169.0,3341.0,3154.0,3281.0,3371.0,3337.0,18.800225542,0.019843002000000002
1527.0,1993.0,2173.0,2053.0,2058.0,2063.0,2066.0,2060.0,2056.0,2058.0,2063.0,2067.0,2061.0,2056.0,2059.0,2059.0,2061.0,2054.0,2056.0,2048.0,2047.0,2052.0,2058.0,2058.0,2061.0,2886.0,3369.0,3378.0,3207.0,3362.0,3171.0,2953.0,3068.0,3050.0,3170.0,2566.0,3305.0,3348.0,3168.0,3340.0,3155.0,3281.0,3372.0,3338.0,18.820229566000002,0.019873215
1527.0,1992.0,2174.0,2064.0,2061.0,2064.0,2060.0,2056.0,2060.0,2060.0,2061.0,2060.0,2059.0,2057.0,2057.0,2057.0,2058.0,2061.0,2060.0,2054.0,2057.0,2060.0,2066.0,2069.0,2071.0,2885.0,3372.0,3379.0,3207.0,3362.0,3171.0,2954.0,3069.0,3051.0,3171.0,2565.0,3306.0,3350.0,3167.0,3340.0,3156.0,3282.0,3371.0,3337.0,18.840228397,0.019766245
1528.0,1992.0,2173.0,2057.0,2061.0,2060.0,2061.0,2058.0,2057.0,2055.0,2061.0,2062.0,2065.0,2062.0,2056.0,2052.0,2056.0,2057.0,2060.0,2054.0,2051.0,2051.0,2057.0,2063.0,2065.0,2885.0,3372.0,3379.0,3209.0,3361.0,3172.0,2953.0,3068.0,3051.0,3170.0,2565.0,3305.0,3347.0,3168.0,3341.0,3156.0,3279.0,3371.0,3338.0,18.860229599,0.019845471
1529.0,1993.0,2173.0,2055.0,2056.0,2056.0,2054.0,2049.0,2052.0,2054.0,2057.0,2061.0,2057.0,2053.0,2052.0,2052.0,2054.0,2056.0,2054.0,2047.0,2047.0,2052.0,2064.0,2066.0,2063.0,2885.0,3371.0,3378.0,3208.0,3363.0,3172.0,2954.0,3068.0,3051.0,3169.0,2566.0,3306.0,3347.0,3167.0,3339.0,3157.0,3280.0,3370.0,3339.0,18.880229481,0.019840922
1529.0,1991.0,2173.0,2061.0,2062.0,2064.0,2059.0,2058.0,2058.0,2055.0,2055.0,2054.0,2052.0,2058.0,2058.0,2066.0,2070.0,2067.0,2070.0,2066.0,2067.0,2068.0,2069.0,2067.0,2066.0,2885.0,3371.0,3378.0,3208.0,3363.0,3171.0,2952.0,3068.0,3052.0,3168.0,2566.0,3305.0,3346.0,3168.0,3342.0,3157.0,3279.0,3371.0,3338.0,18.900227256,0.019783795
1527.0,1990.0,2173.0,2057.0,2062.0,2068.0,2070.0,2065.0,2062.0,2055.0,2054.0,2051.0,2051.0,2047.0,2048.0,2047.0,2052.0,2048.0,2043.0,2050.0,2051.0,2055.0,2062.0,2060.0,2063.0,2883.0,3371.0,3376.0,3208.0,3362.0,3172.0,2954.0,3068.0,3049.0,3170.0,2567.0,3306.0,3349.0,3168.0,3342.0,3154.0,3281.0,3371.0,3339.0,18.920227492,0.019866413000000003
1529.0,1991.0,2173.0,2052.0,2054.0,2055.0,2063.0,2069.0,2071.0,2064.0,2056.0,2058.0,2057.0,2066.0,2061.0,2054.0,2051.0,2055.0,2066.0,2066.0,2065.0,2060.0,2056.0,2062.0,2066.0,2885.0,3371.0,3378.0,3208.0,3364.0,3171.0,2954.0,3069.0,3050.0,3170.0,2565.0,3306.0,3346.0,3168.0,3341.0,3154.0,3281.0,3371.0,3338.0,18.940230028,0.019871781
1529.0,1991.0,2173.0,2055.0,2063.0,2063.0,2060.0,2055.0,2051.0,2052.0,2051.0,2056.0,2057.0,2051.0,2045.0,2048.0,2054.0,2062.0,2063.0,2058.0,2055.0,2055.0,2059.0,2070.0,2065.0,2884.0,3371.0,3379.0,3207.0,3363.0,3171.0,2955.0,3069.0,3050.0,3171.0,2566.0,3307.0,3348.0,3168.0,3341.0,3156.0,3280.0,3369.0,3339.0,18.960239113,0.019827646
1526.0,1988.0,2173.0,2059.0,2065.0,2063.0,2058.0,2056.0,2054.0,2055.0,2061.0,2060.0,2053.0,2049.0,2048.0,2050.0,2056.0,2056.0,2052.0,2044.0,2045.0,2053.0,2063.0,2066.0,2064.0,2884.0,3372.0,3379.0,3209.0,3363.0,3170.0,2953.0,3068.0,3050.0,3169.0,2566.0,3306.0,3349.0,3169.0,3342.0,3158.0,3281.0,3372.0,3340.0,18.98022983,0.019754785
1527.0,1989.0,2173.0,2053.0,2058.0,2056.0,2057.0,2058.0,2060.0,2056.0,2056.0,2052.0,2057.0,2062.0,2063.0,2066.0,2065.0,2062.0,2060.0,2058.0,2061.0,2061.0,2062.0,2063.0,2061.0,2886.0,3371.0,3378.0,3208.0,3361.0,3172.0,2954.0,3068.0,3051.0,3170.0,2566.0,3307.0,3348.0,3168.0,3342.0,3156.0,3281.0,3369.0,3341.0,19.000228128,0.019866908000000003
1527.0,1990.0,2173.0,2062.0,2064.0,2065.0,2064.0,2065.0,2065.0,2063.0,2065.0,2059.0,2051.0,2054.0,2054.0,2049.0,2050.0,2049.0,2053.0,2051.0,2049.0,2050.0,2055.0,2062.0,2060.0,2884.0,3370.0,3378.0,3207.0,3362.0,3170.0,2953.0,3069.0,3051.0,3172.0,2565.0,3305.0,3348.0,3167.0,3341.0,3156.0,3280.0,3373.0,3338.0,19.02023198,0.019855248000000002
1528.0,1995.0,2173.0,2067.0,2063.0,2061.0,2061.0,2062.0,2059.0,2053.0,2051.0,2052.0,2053.0,2056.0,2055.0,2054.0,2053.0,2055.0,2061.0,2059.0,2063.0,2059.0,2065.0,2073.0,2070.0,2884.0,3373.0,3379.0,3206.0,3363.0,3170.0,2953.0,3069.0,3050.0,3169.0,2566.0,3307.0,3349.0,3169.0,3342.0,3157.0,3281.0,3372.0,3340.0,19.040228587,0.019760705
1529.0,1995.0,2173.0,2054.0,2055.0,2056.0,2057.0,2060.0,2060.0,2052.0,2050.0,2053.0,2053.0,2052.0,2050.0,2049.0,2051.0,2058.0,2061.0,2056.0,2056.0,2057.0,2068.0,2073.0,2072.0,2885.0,3371.0,3378.0,3209.0,3365.0,3171.0,2955.0,3069.0,3051.0,3169.0,2567.0,3307.0,3347.0,3170.0,3341.0,3156.0,3280.0,3371.0,3337.0,19.060231313,0.019745255
1529.0,1995.0,2173.0,2060.0,2065.0,2067.0,2067.0,2064.0,2063.0,2064.0,2064.0,2062.0,2059.0,2053.0,2055.0,2055.0,2057.0,2052.0,2049.0,2046.0,2050.0,2052.0,2060.0,2063.0,2061.0,2885.0,3370.0,3379.0,3207.0,3363.0,3171.0,2953.0,3068.0,3051.0,3168.0,2566.0,3306.0,3346.0,3166.0,3340.0,3154.0,3281.0,3371.0,3338.0,19.080229185,0.019837268
1530.0,1992.0,2172.0,2050.0,2057.0,2051.0,2052.0,2052.0,2052.0,2050.0,2045.0,2045.0,2050.0,2051.0,2050.0,2051.0,2053.0,2054.0,2057.0,2053.0,2055.0,2057.0,2059.0,2059.0,2062.0,2884.0,3372.0,3378.0,3208.0,3363.0,3173.0,2954.0,3068.0,3051.0,3171.0,2566.0,3306.0,3348.0,3168.0,3340.0,3157.0,3281.0,3371.0,3338.0,19.100230362,0.019863955000000003
1529.0,1991.0,2173.0,2061.0,2066.0,2064.0,2065.0,2069.0,2068.0,2068.0,2069.0,2066.0,2062.0,2064.0,2065.0,2057.0,2051.0,2053.0,2053.0,2049.0,2047.0,2041.0,2049.0,2056.0,2060.0,2885.0,3370.0,3380.0,3209.0,3363.0,3171.0,2953.0,3069.0,3051.0,3170.0,2566.0,3305.0,3350.0,3169.0,3342.0,3155.0,3281.0,3371.0,3338.0,19.120230449,0.019833951000000002
1529.0,1991.0,2174.0,2062.0,2058.0,2054.0,2056.0,2059.0,2054.0,2055.0,2054.0,2050.0,2051.0,2055.0,2052.0,2052.0,2053.0,2056.0,2060.0,2052.0,2052.0,2055.0,2063.0,2065.0,2069.0,2885.0,3370.0,3378.0,3207.0,3364.0,3171.0,2954.0,3069.0,3051.0,3170.0,2566.0,3306.0,3348.0,3168.0,3341.0,3157.0,3281.0,3371.0,3338.0,19.140232594,0.019866089
1527.0,1989.0,2172.0,2055.0,2059.0,2061.0,2058.0,2060.0,2060.0,2056.0,2059.0,2063.0,2061.0,2056.0,2052.0,2050.0,2050.0,2057.0,2058.0,2054.0,2053.0,2057.0,2062.0,2061.0,2059.0,2884.0,3373.0,3379.0,3208.0,3362.0,3173.0,2955.0,3068.0,3052.0,3171.0,2567.0,3307.0,3348.0,3169.0,3341.0,3157.0,3281.0,3372.0,3337.0,19.160232859,0.019788164
1526.0,1993.0,2174.0,2067.0,2072.0,2073.0,2068.0,2063.0,2063.0,2065.0,2064.0,2063.0,2059.0,2058.0,2056.0,2060.0,2059.0,2058.0,2057.0,2055.0,2052.0,2057.0,2063.0,2062.0,2062.0,2885.0,3372.0,3379.0,3209.0,3364.0,3170.0,2953.0,3068.0,3051.0,3171.0,2565.0,3307.0,3348.0,3167.0,3341.0,3155.0,3280.0,3371.0,3337.0,19.180230503,0.019823359000000002
1527.0,1991.0,2173.0,2059.0,2063.0,2058.0,2060.0,2060.0,2059.0,2058.0,2056.0,2058.0,2057.0,2061.0,2061.0,2058.0,2056.0,2055.0,2057.0,2054.0,2056.0,2057.0,2056.0,2065.0,2068.0,2885.0,3370.0,3377.0,3207.0,3362.0,3172.0,2953.0,3068.0,3051.0,3171.0,2567.0,3305.0,3348.0,3169.0,3340.0,3156.0,3282.0,3372.0,3338.0,19.200230668,0.019873755
1528.0,1991.0,2173.0,2059.0,2063.0,2064.0,2065.0,2066.0,2067.0,2064.0,2064.0,2062.0,2061.0,2063.0,2057.0,2056.0,2060.0,2061.0,2065.0,2057.0,2049.0,2054.0,2063.0,2067.0,2067.0,2886.0,3370.0,3379.0,3209.0,3364.0,3171.0,2953.0,3069.0,3052.0,3171.0,2566.0,3307.0,3348.0,3168.0,3341.0,3156.0,3280.0,3371.0,3340.0,19.220230792,0.019872734
1526.0,1991.0,2173.0,2072.0,2069.0,2071.0,2072.0,2070.0,2068.0,2068.0,2060.0,2063.0,2063.0,2060.0,2055.0,2052.0,2055.0,2056.0,2056.0,2053.0,2053.0,2052.0,2059.0,2067.0,2065.0,2885.0,3372.0,3377.0,3207.0,3361.0,3170.0,2952.0,3068.0,3051.0,3170.0,2565.0,3307.0,3347.0,3168.0,3341.0,3155.0,3281.0,3372.0,3339.0,19.240239478,0.019872855000000002
1529.0,1993.0,2173.0,2058.0,2063.0,2063.0,2063.0,2058.0,2056.0,2057.0,2057.0,2061.0,2064.0,2062.0,2061.0,2059.0,2067.0,2066.0,2060.0,2060.0,2055.0,2056.0,2065.0,2070.0,2068.0,2884.0,3370.0,3378.0,3207.0,3364.0,3172.0,2954.0,3069.0,3051.0,3169.0,2565.0,3305.0,3348.0,3167.0,3341.0,3155.0,3281.0,3371.0,3340.0,19.260231428,0.019754009000000003
1527.0,1992.0,2173.0,2054.0,2060.0,2057.0,2052.0,2051.0,2057.0,2063.0,2062.0,2057.0,2059.0,2063.0,2064.0,2065.0,2060.0,2058.0,2057.0,2055.0,2063.0,2064.0,2062.0,2063.0,2064.0,2885.0,3371.0,3378.0,3208.0,3362.0,3171.0,2954.0,3069.0,3051.0,3169.0,2565.0,3306.0,3348.0,3168.0,3340.0,3154.0,3280.0,3371.0,3339.0,19.280231382,0.019864767000000002
1527.0,1992.0,2173.0,2064.0,2066.0,2064.0,2068.0,2069.0,2065.0,2059.0,2056.0,2055.0,2059.0,2065.0,2062.0,2055.0,2055.0,2057.0,2065.0,2061.0,2058.0,2051.0,2056.0,2061.0,2062.0,2885.0,3371.0,3378.0,3208.0,3362.0,3173.0,2954.0,3070.0,3052.0,3170.0,2567.0,3307.0,3349.0,3169.0,3342.0,3155.0,3281.0,3371.0,3338.0,19.300231667,0.019845826
1527.0,1991.0,2173.0,2060.0,2060.0,2060.0,2065.0,2064.0,2065.0,2063.0,2064.0,2066.0,2064.0,2060.0,2057.0,2055.0,2061.0,2066.0,2065.0,2055.0,2053.0,2052.0,2064.0,2072.0,2069.0,2885.0,3371.0,3380.0,3209.0,3363.0,3170.0,2953.0,3069.0,3051.0,3171.0,2565.0,3306.0,3350.0,3168.0,3341.0,3156.0,3281.0,3372.0,3338.0,19.320232643,0.019820951
1527.0,1994.0,2173.0,2059.0,2058.0,2059.0,2057.0,2058.0,2060.0,2054.0,2057.0,2057.0,2059.0,2059.0,2055.0,2055.0,2056.0,2053.0,2057.0,2054.0,2058.0,2059.0,2064.0,2064.0,2064.0,2885.0,3371.0,3380.0,3209.0,3364.0,3170.0,2955.0,3069.0,3050.0,3169.0,2566.0,3307.0,3348.0,3168.0,3341.0,3157.0,3280.0,3372.0,3340.0,19.340232511,0.019777426
1527.0,1991.0,2173.0,2059.0,2061.0,2063.0,2065.0,2064.0,2064.0,2064.0,2063.0,2062.0,2060.0,2059.0,2060.0,2059.0,2064.0,2063.0,2062.0,2057.0,2054.0,2055.0,2060.0,2064.0,2060.0,2886.0,3373.0,3379.0,3208.0,3363.0,3172.0,2955.0,3069.0,3050.0,3169.0,2566.0,3307.0,3349.0,3168.0,3342.0,3157.0,3281.0,3370.0,3339.0,19.360234896,0.019757409
1530.0,1991.0,2173.0,2061.0,2061.0,2062.0,2063.0,2064.0,2062.0,2053.0,2052.0,2053.0,2051.0,2056.0,2058.0,2059.0,2057.0,2062.0,2062.0,2062.0,2060.0,2058.0,2062.0,2064.0,2064.0,2885.0,3370.0,3378.0,3207.0,3361.0,3172.0,2954.0,3070.0,3052.0,3171.0,2567.0,3307.0,3348.0,3167.0,3340.0,3157.0,3279.0,3372.0,3341.0,19.380233122,0.019827558000000002
1527.0,1993.0,2173.0,2057.0,2063.0,2062.0,2063.0,2062.0,2059.0,2054.0,2051.0,2052.0,2055.0,2057.0,2051.0,2050.0,2053.0,2056.0,2061.0,2058.0,2055.0,2056.0,2064.0,2069.0,2068.0,2884.0,3372.0,3377.0,3208.0,3363.0,3171.0,2952.0,3069.0,3050.0,3171.0,2566.0,3309.0,3350.0,3169.0,3342.0,3158.0,3283.0,3373.0,3341.0,19.400232595,0.019862802000000002
1527.0,1990.0,2173.0,2053.0,2058.0,2064.0,2068.0,2064.0,2064.0,2060.0,2058.0,2062.0,2062.0,2060.0,2055.0,2058.0,2064.0,2065.0,2062.0,2054.0,2052.0,2050.0,2058.0,2065.0,2059.0,2884.0,3371.0,3379.0,3208.0,3363.0,3173.0,2954.0,3067.0,3051.0,3171.0,2566.0,3306.0,3349.0,3170.0,3340.0,3156.0,3282.0,3372.0,3339.0,19.420235639,0.019857134000000002
1529.0,1989.0,2174.0,2067.0,2069.0,2069.0,2066.0,2062.0,2058.0,2057.0,2057.0,2059.0,2062.0,2061.0,2056.0,2055.0,2058.0,2057.0,2063.0,2063.0,2061.0,2057.0,2059.0,2065.0,2063.0,2884.0,3371.0,3379.0,3207.0,3362.0,3172.0,2954.0,3069.0,3051.0,3171.0,2566.0,3307.0,3349.0,3167.0,3341.0,3156.0,3281.0,3371.0,3339.0,19.440241929,0.019844385000000003
1528.0,1990.0,2173.0,2057.0,2060.0,2060.0,2056.0,2054.0,2053.0,2054.0,2060.0,2059.0,2055.0,2053.0,2050.0,2051.0,2053.0,2054.0,2053.0,2049.0,2051.0,2053.0,2060.0,2064.0,2066.0,2885.0,3371.0,3380.0,3209.0,3363.0,3173.0,2954.0,3071.0,3051.0,3170.0,2567.0,3305.0,3350.0,3170.0,3340.0,3156.0,3282.0,3371.0,3339.0,19.460236154,0.019867178000000003
1529.0,1993.0,2173.0,2065.0,2067.0,2064.0,2065.0,2066.0,2066.0,2064.0,2063.0,2061.0,2060.0,2056.0,2056.0,2057.0,2058.0,2055.0,2056.0,2055.0,2053.0,2060.0,2065.0,2066.0,2068.0,2884.0,3372.0,3380.0,3207.0,3364.0,3172.0,2954.0,3068.0,3051.0,3168.0,2567.0,3305.0,3347.0,3168.0,3342.0,3156.0,3281.0,3371.0,3339.0,19.480233875,0.019825681
1526.0,1993.0,2173.0,2058.0,2059.0,2061.0,2064.0,2061.0,2059.0,2054.0,2052.0,2055.0,2059.0,2063.0,2054.0,2053.0,2055.0,2058.0,2062.0,2057.0,2058.0,2061.0,2065.0,2068.0,2067.0,2885.0,3370.0,3378.0,3205.0,3361.0,3171.0,2952.0,3068.0,3051.0,3169.0,2566.0,3307.0,3348.0,3168.0,3342.0,3157.0,3281.0,3371.0,3339.0,19.500234231,0.019856741
1527.0,1992.0,2173.0,2057.0,2060.0,2062.0,2059.0,2055.0,2056.0,2058.0,2060.0,2057.0,2054.0,2056.0,2058.0,2058.0,2058.0,2055.0,2056.0,2054.0,2056.0,2055.0,2061.0,2062.0,2060.0,2885.0,3372.0,3380.0,3208.0,3364.0,3172.0,2953.0,3068.0,3051.0,3171.0,2567.0,3307.0,3349.0,3169.0,3342.0,3156.0,3281.0,3371.0,3338.0,19.520263947,0.019852980000000003
1527.0,1992.0,2173.0,2063.0,2065.0,2059.0,2056.0,2058.0,2059.0,2057.0,2054.0,2057.0,2054.0,2057.0,2059.0,2054.0,2056.0,2058.0,2060.0,2066.0,2064.0,2063.0,2068.0,2070.0,2073.0,2884.0,3372.0,3381.0,3208.0,3362.0,3170.0,2954.0,3067.0,3051.0,3170.0,2566.0,3306.0,3348.0,3168.0,3342.0,3155.0,3281.0,3371.0,3340.0,19.5402369,0.019788429
1528.0,1990.0,2173.0,2058.0,2062.0,2063.0,2063.0,2059.0,2060.0,2052.0,2048.0,2050.0,2048.0,2050.0,2047.0,2047.0,2050.0,2049.0,2047.0,2042.0,2041.0,2045.0,2060.0,2068.0,2067.0,2884.0,3371.0,3377.0,3208.0,3363.0,3171.0,2953.0,3069.0,3051.0,3169.0,2567.0,3306.0,3348.0,3169.0,3340.0,3156.0,3282.0,3373.0,3341.0,19.560237501,0.019761118
1528.0,1989.0,2173.0,2059.0,2063.0,2066.0,2066.0,2062.0,2064.0,2065.0,2064.0,2061.0,2060.0,2056.0,2055.0,2060.0,2062.0,2060.0,2060.0,2052.0,2057.0,2064.0,2069.0,2068.0,2063.0,2884.0,3371.0,3378.0,3207.0,3363.0,3172.0,2954.0,3068.0,3050.0,3170.0,2566.0,3307.0,3347.0,3168.0,3341.0,3156.0,3281.0,3373.0,3339.0,19.580238022,0.019803579
1527.0,1990.0,2173.0,2059.0,2062.0,2062.0,2063.0,2062.0,2059.0,2057.0,2058.0,2059.0,2056.0,2060.0,2057.0,2062.0,2066.0,2063.0,2062.0,2056.0,2060.0,2059.0,2066.0,2067.0,2064.0,2884.0,3370.0,3379.0,3207.0,3363.0,3171.0,2954.0,3068.0,3051.0,3171.0,2567.0,3307.0,3350.0,3169.0,3341.0,3156.0,3281.0,3372.0,3339.0,19.600237915,0.019737775000000003
1527.0,1991.0,2173.0,2056.0,2059.0,2060.0,2061.0,2061.0,2065.0,2066.0,2063.0,2061.0,2057.0,2058.0,2059.0,2054.0,2054.0,2054.0,2061.0,2058.0,2058.0,2055.0,2059.0,2065.0,2070.0,2884.0,3370.0,3378.0,3206.0,3363.0,3171.0,2954.0,3069.0,3051.0,3168.0,2565.0,3306.0,3349.0,3168.0,3340.0,3154.0,3281.0,3372.0,3338.0,19.62023584,0.01978618
1527.0,1992.0,2173.0,2060.0,2066.0,2067.0,2067.0,2064.0,2059.0,2057.0,2057.0,2062.0,2058.0,2059.0,2058.0,2054.0,2057.0,2060.0,2061.0,2058.0,2056.0,2052.0,2060.0,2068.0,2067.0,2883.0,3373.0,3379.0,3207.0,3364.0,3173.0,2954.0,3070.0,3051.0,3168.0,2566.0,3307.0,3347.0,3167.0,3342.0,3155.0,3281.0,3370.0,3339.0,19.6402379,0.019803393000000002
1527.0,1990.0,2173.0,2050.0,2056.0,2054.0,2051.0,2054.0,2056.0,2056.0,2063.0,2060.0,2055.0,2053.0,2055.0,2058.0,2061.0,2054.0,2051.0,2048.0,2053.0,2051.0,2062.0,2066.0,2061.0,2884.0,3371.0,3379.0,3207.0,3364.0,3170.0,2954.0,3068.0,3053.0,3170.0,2566.0,3307.0,3348.0,3168.0,3341.0,3154.0,3281.0,3372.0,3339.0,19.660235699,0.019872884
1528.0,1991.0,2173.0,2055.0,2056.0,2055.0,2060.0,2061.0,2060.0,2059.0,2061.0,2057.0,2054.0,2055.0,2057.0,2056.0,2052.0,2046.0,2046.0,2042.0,2050.0,2055.0,2060.0,2065.0,2067.0,2884.0,3372.0,3380.0,3207.0,3362.0,3171.0,2953.0,3069.0,3049.0,3169.0,2566.0,3307.0,3347.0,3169.0,3342.0,3157.0,3282.0,3371.0,3340.0,19.680235859,0.019839823000000003
1528.0,1993.0,2173.0,2062.0,2066.0,2063.0,2063.0,2060.0,2061.0,2062.0,2061.0,2059.0,2057.0,2055.0,2060.0,2060.0,2062.0,2060.0,2060.0,2054.0,2056.0,2057.0,2057.0,2060.0,2058.0,2884.0,3371.0,3378.0,3206.0,3363.0,3171.0,2955.0,3069.0,3052.0,3170.0,2565.0,3307.0,3349.0,3169.0,3342.0,3157.0,3280.0,3373.0,3338.0,19.700238576,0.019854282
1526.0,1993.0,2173.0,2058.0,2063.0,2058.0,2060.0,2062.0,2062.0,2056.0,2057.0,2052.0,2055.0,2059.0,2055.0,2053.0,2054.0,2058.0,2057.0,2054.0,2055.0,2056.0,2059.0,2064.0,2064.0,2885.0,3372.0,3380.0,3206.0,3363.0,3171.0,2955.0,3069.0,3051.0,3170.0,2567.0,3307.0,3349.0,3170.0,3341.0,3155.0,3280.0,3371.0,3339.0,19.720236439,0.019741321000000003
1527.0,1992.0,2172.0,2055.0,2055.0,2059.0,2059.0,2058.0,2057.0,2048.0,2048.0,2054.0,2057.0,2058.0,2055.0,2050.0,2056.0,2059.0,2064.0,2060.0,2060.0,2056.0,2061.0,2067.0,2065.0,2883.0,3371.0,3378.0,3206.0,3362.0,3172.0,2955.0,3069.0,3051.0,3169.0,2566.0,3306.0,3350.0,3170.0,3342.0,3156.0,3281.0,3372.0,3340.0,19.740237101,0.019818157000000003
1527.0,1991.0,2173.0,2049.0,2059.0,2060.0,2059.0,2052.0,2057.0,2059.0,2064.0,2065.0,2059.0,2055.0,2058.0,2061.0,2064.0,2058.0,2056.0,2051.0,2055.0,2060.0,2065.0,2066.0,2060.0,2884.0,3371.0,3377.0,3206.0,3362.0,3171.0,2953.0,3068.0,3051.0,3169.0,2567.0,3307.0,3349.0,3169.0,3343.0,3155.0,3281.0,3373.0,3340.0,19.760237269,0.019867702
1527.0,1991.0,2173.0,2061.0,2065.0,2064.0,2060.0,2059.0,2062.0,2058.0,2054.0,2049.0,2051.0,2055.0,2055.0,2053.0,2055.0,2051.0,2055.0,2056.0,2062.0,2064.0,2068.0,2072.0,2070.0,2883.0,3371.0,3379.0,3207.0,3364.0,3172.0,2954.0,3069.0,3051.0,3170.0,2565.0,3307.0,3347.0,3168.0,3340.0,3156.0,3282.0,3371.0,3340.0,19.78024725,0.019853879
1527.0,1992.0,2173.0,2062.0,2060.0,2059.0,2055.0,2054.0,2061.0,2058.0,2057.0,2050.0,2055.0,2056.0,2053.0,2054.0,2058.0,2055.0,2061.0,2056.0,2055.0,2056.0,2062.0,2070.0,2072.0,2883.0,3370.0,3379.0,3207.0,3363.0,3172.0,2953.0,3068.0,3050.0,3170.0,2566.0,3306.0,3350.0,3169.0,3342.0,3155.0,3280.0,3371.0,3338.0,19.800237709,0.019823465000000002
1530.0,1994.0,2173.0,2055.0,2057.0,2058.0,2061.0,2061.0,2061.0,2056.0,2053.0,2060.0,2059.0,2065.0,2057.0,2054.0,2054.0,2054.0,2057.0,2054.0,2055.0,2056.0,2056.0,2061.0,2062.0,2885.0,3371.0,3377.0,3207.0,3362.0,3171.0,2953.0,3068.0,3051.0,3169.0,2565.0,3308.0,3347.0,3167.0,3342.0,3156.0,3279.0,3372.0,3338.0,19.820237935,0.019858638
1527.0,1990.0,2173.0,2053.0,2058.0,2064.0,2063.0,2060.0,2064.0,2061.0,2061.0,2065.0,2063.0,2061.0,2059.0,2061.0,2060.0,2063.0,2067.0,2063.0,2059.0,2060.0,2067.0,2072.0,2066.0,2885.0,3371.0,3379.0,3207.0,3363.0,3170.0,2954.0,3069.0,3051.0,3170.0,2565.0,3306.0,3349.0,3167.0,3341.0,3155.0,3281.0,3373.0,3338.0,19.840239746,0.019847334
1529.0,1992.0,2173.0,2062.0,2067.0,2064.0,2053.0,2053.0,2061.0,2060.0,2062.0,2061.0,2060.0,2060.0,2061.0,2058.0,2061.0,2056.0,2056.0,2049.0,2054.0,2055.0,2063.0,2063.0,2062.0,2883.0,3371.0,3379.0,3206.0,3362.0,3170.0,2954.0,3069.0,3051.0,3169.0,2565.0,3305.0,3348.0,3168.0,3340.0,3155.0,3281.0,3373.0,3339.0,19.860241021,0.019851865
1527.0,1990.0,2173.0,2061.0,2061.0,2061.0,2059.0,2056.0,2064.0,2060.0,2055.0,2052.0,2055.0,2055.0,2050.0,2045.0,2045.0,2046.0,2051.0,2051.0,2052.0,2052.0,2063.0,2063.0,2069.0,2884.0,3372.0,3379.0,3207.0,3363.0,3171.0,2953.0,3067.0,3051.0,3171.0,2566.0,3306.0,3349.0,3168.0,3341.0,3155.0,3279.0,3372.0,3340.0,19.880241562,0.019825979
1526.0,1995.0,2174.0,2054.0,2059.0,2060.0,2060.0,2060.0,2059.0,2057.0,2057.0,2054.0,2061.0,2061.0,2060.0,2055.0,2056.0,2058.0,2058.0,2052.0,2053.0,2055.0,2063.0,2067.0,2062.0,2885.0,3371.0,3378.0,3208.0,3363.0,3171.0,2954.0,3068.0,3050.0,3171.0,2566.0,3306.0,3349.0,3168.0,3343.0,3155.0,3280.0,3371.0,3338.0,19.900238611,0.019778651
1528.0,1991.0,2173.0,2063.0,2066.0,2063.0,2064.0,2062.0,2060.0,2058.0,2057.0,2056.0,2057.0,2055.0,2053.0,2056.0,2058.0,2059.0,2050.0,2052.0,2056.0,2057.0,2060.0,2065.0,2061.0,2885.0,3370.0,3377.0,3209.0,3362.0,3171.0,2953.0,3067.0,3050.0,3170.0,2566.0,3307.0,3347.0,3168.0,3340.0,3156.0,3282.0,3372.0,3339.0,19.920239693,0.019863235
1527.0,1989.0,2173.0,2056.0,2061.0,2062.0,2057.0,2053.0,2052.0,2046.0,2052.0,2055.0,2055.0,2060.0,2058.0,2057.0,2058.0,2055.0,2058.0,2053.0,2059.0,2059.0,2064.0,2065.0,2066.0,2884.0,3372.0,3378.0,3207.0,3365.0,3171.0,2954.0,3070.0,3051.0,3171.0,2566.0,3305.0,3348.0,3167.0,3340.0,3155.0,3281.0,3372.0,3337.0,19.940240349,0.019609129000000003
1527.0,1990.0,2173.0,2059.0,2065.0,2060.0,2061.0,2057.0,2060.0,2065.0,2064.0,2064.0,2062.0,2058.0,2058.0,2059.0,2058.0,2050.0,2049.0,2046.0,2047.0,2050.0,2051.0,2056.0,2057.0,2884.0,3370.0,3377.0,3207.0,3363.0,3172.0,2954.0,3068.0,3052.0,3170.0,2566.0,3305.0,3348.0,3167.0,3340.0,3156.0,3282.0,3370.0,3339.0,19.960239832,0.019862783000000002
1527.0,1992.0,2173.0,2062.0,2063.0,2063.0,2065.0,2068.0,2067.0,2067.0,2066.0,2062.0,2064.0,2067.0,2063.0,2062.0,2059.0,2062.0,2061.0,2059.0,2061.0,2062.0,2068.0,2069.0,2067.0,2883.0,3371.0,3377.0,3206.0,3364.0,3171.0,2954.0,3068.0,3050.0,3170.0,2566.0,3305.0,3347.0,3168.0,3341.0,3156.0,3281.0,3370.0,3340.0,19.980242785,0.019875899000000002
1526.0,1993.0,2173.0,2066.0,2066.0,2069.0,2069.0,2066.0,2063.0,2061.0,2059.0,2059.0,2058.0,2059.0,2055.0,2055.0,2060.0,2059.0,2059.0,2053.0,2050.0,2059.0,2066.0,2070.0,2066.0,2884.0,3370.0,3378.0,3207.0,3363.0,3171.0,2954.0,3069.0,3052.0,3170.0,2567.0,3307.0,3348.0,3168.0,3342.0,3155.0,3280.0,3373.0,3338.0,20.000242111,0.019750151
1528.0,1992.0,2173.0,2053.0,2056.0,2060.0,2055.0,2055.0,2058.0,2057.0,2057.0,2055.0,2054.0,2058.0,2056.0,2056.0,2053.0,2048.0,2050.0,2052.0,2053.0,2051.0,2056.0,2058.0,2060.0,2885.0,3370.0,3378.0,3207.0,3365.0,3172.0,2955.0,3068.0,3050.0,3169.0,2566.0,3307.0,3348.0,3168.0,3342.0,3157.0,3283.0,3371.0,3339.0,20.020247215,0.019846577
1529.0,1993.0,2173.0,2061.0,2066.0,2067.0,2064.0,2060.0,2056.0,2057.0,2059.0,2058.0,2051.0,2052.0,2046.0,2042.0,2046.0,2051.0,2048.0,2048.0,2051.0,2051.0,2060.0,2066.0,2070.0,2885.0,3372.0,3378.0,3206.0,3364.0,3171.0,2953.0,3068.0,3052.0,3170.0,2566.0,3308.0,3349.0,3169.0,3343.0,3155.0,3280.0,3368.0,3338.0,20.040241019,0.019848343
1527.0,1991.0,2173.0,2063.0,2060.0,2062.0,2059.0,2058.0,2058.0,2058.0,2056.0,2056.0,2058.0,2058.0,2059.0,2060.0,2057.0,2060.0,2059.0,2055.0,2054.0,2051.0,2057.0,2057.0,2061.0,2884.0,3371.0,3378.0,3208.0,3363.0,3171.0,2955.0,3068.0,3053.0,3169.0,2566.0,3305.0,3347.0,3167.0,3340.0,3156.0,3279.0,3371.0,3338.0,20.060243207,0.019848364
1527.0,1994.0,2173.0,2055.0,2055.0,2054.0,2061.0,2058.0,2052.0,2050.0,2054.0,2058.0,2059.0,2061.0,2059.0,2053.0,2054.0,2057.0,2057.0,2054.0,2054.0,2057.0,2063.0,2069.0,2068.0,2884.0,3372.0,3379.0,3207.0,3365.0,3172.0,2955.0,3068.0,3051.0,3170.0,2567.0,3306.0,3348.0,3168.0,3341.0,3156.0,3282.0,3370.0,3339.0,20.080241347,0.019828938
1529.0,1993.0,2173.0,2057.0,2064.0,2062.0,2062.0,2059.0,2058.0,2058.0,2059.0,2056.0,2056.0,2055.0,2055.0,2054.0,2056.0,2054.0,2052.0,2051.0,2051.0,2057.0,2063.0,2064.0,2062.0,2885.0,3371.0,3377.0,3206.0,3362.0,3171.0,2956.0,3070.0,3053.0,3171.0,2566.0,3307.0,3349.0,3169.0,3343.0,3156.0,3280.0,3371.0,3339.0,20.100241435,0.019827619
