position 1_tdc_data,position 1_tac_data,position 1_pdc_data,position 1_pac_data_0,position 1_pac_data_1,position 1_pac_data_2,position 1_pac_data_3,position 1_pac_data_4,position 1_pac_data_5,position 1_pac_data_6,position 1_pac_data_7,position 1_pac_data_8,position 1_pac_data_9,position 1_pac_data_10,position 1_pac_data_11,position 1_pac_data_12,position 1_pac_data_13,position 1_pac_data_14,position 1_pac_data_15,position 1_pac_data_16,position 1_pac_data_17,position 1_pac_data_18,position 1_pac_data_19,position 1_pac_data_20,position 1_pac_data_21,position 1_elec_data_0,position 1_elec_data_1,position 1_elec_data_2,position 1_elec_data_3,position 1_elec_data_4,position 1_elec_data_5,position 1_elec_data_6,position 1_elec_data_7,position 1_elec_data_8,position 1_elec_data_9,position 1_elec_data_10,position 1_elec_data_11,position 1_elec_data_12,position 1_elec_data_13,position 1_elec_data_14,position 1_elec_data_15,position 1_elec_data_16,position 1_elec_data_17,position 1_elec_data_18,header_from_controller_start,frame_collection_from_header
1494.0,2206.0,2235.0,1867.0,1909.0,1913.0,1918.0,2032.0,1942.0,1907.0,1965.0,1807.0,1845.0,1839.0,1847.0,1859.0,1801.0,1754.0,1843.0,1818.0,1829.0,1850.0,1838.0,1844.0,1845.0,2921.0,3356.0,3361.0,3193.0,3345.0,3145.0,2943.0,3052.0,3030.0,3151.0,2619.0,3294.0,3336.0,3155.0,3325.0,3136.0,3256.0,3354.0,3319.0,185.742256558,0.019246675
1496.0,2204.0,2240.0,1810.0,1811.0,1797.0,1801.0,1803.0,1816.0,1797.0,1797.0,1803.0,1829.0,1806.0,1819.0,1823.0,1856.0,1864.0,1805.0,1787.0,1800.0,1783.0,1769.0,1758.0,1786.0,2930.0,3358.0,3365.0,3196.0,3344.0,3147.0,2941.0,3052.0,3028.0,3149.0,2613.0,3291.0,3333.0,3153.0,3324.0,3134.0,3256.0,3353.0,3318.0,185.762256605,0.019956079
1495.0,2200.0,2241.0,1923.0,1935.0,1949.0,1978.0,2027.0,1956.0,1924.0,1930.0,1900.0,1906.0,1983.0,1958.0,1955.0,1993.0,1953.0,1962.0,1987.0,2001.0,2023.0,2011.0,2034.0,2025.0,2935.0,3359.0,3367.0,3199.0,3346.0,3149.0,2943.0,3054.0,3027.0,3149.0,2607.0,3290.0,3331.0,3151.0,3325.0,3133.0,3255.0,3353.0,3319.0,185.782256609,0.019253697
1496.0,2197.0,2240.0,2013.0,2003.0,2004.0,2020.0,2019.0,1962.0,1970.0,1992.0,1996.0,2037.0,2034.0,2043.0,2032.0,2024.0,2034.0,2049.0,2026.0,2045.0,2040.0,2040.0,2097.0,2076.0,2939.0,3359.0,3365.0,3200.0,3346.0,3149.0,2944.0,3053.0,3026.0,3149.0,2603.0,3287.0,3330.0,3150.0,3323.0,3130.0,3254.0,3354.0,3319.0,185.802259708,0.019959010000000003
1496.0,2194.0,2240.0,2076.0,2065.0,2044.0,2026.0,2044.0,2025.0,2034.0,2054.0,2006.0,2024.0,2028.0,2035.0,2020.0,2021.0,2044.0,2093.0,2045.0,2019.0,2045.0,2122.0,2055.0,1999.0,2935.0,3360.0,3365.0,3196.0,3347.0,3149.0,2943.0,3051.0,3030.0,3149.0,2619.0,3293.0,3334.0,3156.0,3327.0,3133.0,3255.0,3355.0,3320.0,185.822260559,0.019247025
1495.0,2192.0,2246.0,1899.0,1894.0,1919.0,1949.0,1853.0,1791.0,1796.0,1805.0,1846.0,1827.0,1793.0,1760.0,1795.0,1781.0,1873.0,1834.0,1776.0,1811.0,1798.0,1813.0,1797.0,1768.0,2921.0,3356.0,3362.0,3191.0,3346.0,3145.0,2942.0,3050.0,3032.0,3150.0,2649.0,3300.0,3340.0,3163.0,3330.0,3139.0,3256.0,3355.0,3319.0,185.842256385,0.01923833
1494.0,2189.0,2250.0,1770.0,1788.0,1744.0,1745.0,1806.0,1798.0,1815.0,1788.0,1812.0,1858.0,1837.0,1890.0,1897.0,1871.0,1885.0,1880.0,1879.0,1875.0,1868.0,1885.0,1854.0,1879.0,2917.0,3353.0,3361.0,3187.0,3345.0,3144.0,2943.0,3047.0,3032.0,3147.0,2661.0,3301.0,3341.0,3164.0,3331.0,3140.0,3255.0,3355.0,3320.0,185.862256849,0.019965848
1494.0,2184.0,2250.0,1912.0,1897.0,1928.0,1965.0,1969.0,1986.0,1985.0,1991.0,1994.0,1995.0,2030.0,2052.0,2035.0,1994.0,1990.0,2008.0,2011.0,1996.0,2026.0,2013.0,2021.0,2040.0,2924.0,3355.0,3361.0,3190.0,3347.0,3144.0,2942.0,3050.0,3030.0,3146.0,2651.0,3298.0,3337.0,3164.0,3330.0,3137.0,3255.0,3355.0,3322.0,185.882257973,0.019244186
1496.0,2178.0,2251.0,2047.0,2032.0,2061.0,2062.0,2060.0,2096.0,2082.0,2101.0,2093.0,2089.0,2101.0,2106.0,2093.0,2103.0,2077.0,2093.0,2076.0,2039.0,2014.0,2003.0,1992.0,1970.0,2932.0,3358.0,3364.0,3194.0,3345.0,3146.0,2944.0,3051.0,3030.0,3148.0,2639.0,3293.0,3337.0,3158.0,3327.0,3135.0,3254.0,3354.0,3321.0,185.90225931,0.019959089000000003
1495.0,2173.0,2252.0,2052.0,2013.0,1982.0,1977.0,1967.0,1989.0,2000.0,1962.0,1938.0,1954.0,1953.0,1974.0,1976.0,2011.0,1992.0,2001.0,1991.0,1988.0,2003.0,2019.0,2018.0,2014.0,2931.0,3356.0,3361.0,3195.0,3346.0,3146.0,2944.0,3050.0,3030.0,3146.0,2644.0,3295.0,3339.0,3161.0,3328.0,3139.0,3255.0,3354.0,3319.0,185.922261545,0.019253004
1493.0,2169.0,2253.0,1943.0,1978.0,1972.0,1949.0,1958.0,1945.0,1987.0,1988.0,1981.0,1982.0,1961.0,1936.0,1975.0,1956.0,1967.0,2018.0,1999.0,1974.0,1993.0,1997.0,2045.0,2052.0,2927.0,3355.0,3361.0,3194.0,3346.0,3146.0,2945.0,3050.0,3030.0,3147.0,2656.0,3298.0,3340.0,3166.0,3330.0,3139.0,3256.0,3354.0,3321.0,185.942269715,0.01924932
1494.0,2167.0,2252.0,2007.0,1987.0,2014.0,2046.0,2079.0,2104.0,2078.0,2066.0,2082.0,2115.0,2140.0,2140.0,2111.0,2114.0,2080.0,2076.0,2041.0,2014.0,2021.0,2041.0,1998.0,2029.0,2919.0,3352.0,3359.0,3188.0,3343.0,3142.0,2945.0,3047.0,3030.0,3146.0,2670.0,3302.0,3342.0,3168.0,3330.0,3142.0,3255.0,3354.0,3321.0,185.962259089,0.019951101000000002
1495.0,2162.0,2253.0,2102.0,2067.0,2083.0,2076.0,2093.0,2083.0,2110.0,2146.0,2096.0,2119.0,2091.0,2055.0,2076.0,2094.0,2074.0,2072.0,2018.0,2018.0,2010.0,2012.0,2048.0,2037.0,2915.0,3352.0,3359.0,3187.0,3345.0,3142.0,2945.0,3049.0,3033.0,3150.0,2675.0,3306.0,3342.0,3169.0,3333.0,3143.0,3255.0,3354.0,3321.0,185.98226038,0.019248432000000003
1494.0,2162.0,2252.0,2029.0,2013.0,2036.0,2070.0,2082.0,2146.0,2153.0,2133.0,2128.0,2137.0,2134.0,2140.0,2137.0,2137.0,2071.0,2074.0,2077.0,2080.0,2069.0,2091.0,2079.0,2052.0,2915.0,3351.0,3360.0,3187.0,3342.0,3145.0,2944.0,3048.0,3031.0,3148.0,2666.0,3303.0,3341.0,3165.0,3331.0,3140.0,3254.0,3355.0,3321.0,186.002262114,0.019240553
1495.0,2157.0,2249.0,2184.0,2157.0,2112.0,2087.0,2097.0,2119.0,2140.0,2085.0,2086.0,2138.0,2103.0,2064.0,2071.0,2095.0,2136.0,2143.0,2095.0,2111.0,2163.0,2204.0,2249.0,2259.0,2922.0,3356.0,3363.0,3191.0,3345.0,3146.0,2944.0,3049.0,3029.0,3148.0,2653.0,3299.0,3341.0,3164.0,3330.0,3139.0,3256.0,3354.0,3320.0,186.022262292,0.019233239000000003
1496.0,2151.0,2246.0,2264.0,2244.0,2213.0,2250.0,2236.0,2217.0,2174.0,2172.0,2194.0,2221.0,2218.0,2207.0,2213.0,2202.0,2182.0,2216.0,2192.0,2206.0,2260.0,2238.0,2249.0,2265.0,2925.0,3355.0,3363.0,3191.0,3345.0,3146.0,2943.0,3051.0,3031.0,3148.0,2647.0,3300.0,3338.0,3163.0,3330.0,3138.0,3256.0,3355.0,3320.0,186.0422592,0.019242717000000003
1493.0,2147.0,2243.0,2286.0,2277.0,2241.0,2230.0,2184.0,2193.0,2198.0,2160.0,2171.0,2132.0,2134.0,2167.0,2144.0,2194.0,2259.0,2249.0,2210.0,2214.0,2198.0,2231.0,2259.0,2259.0,2921.0,3353.0,3362.0,3191.0,3345.0,3144.0,2943.0,3049.0,3031.0,3147.0,2646.0,3298.0,3339.0,3162.0,3329.0,3139.0,3257.0,3354.0,3321.0,186.062260164,0.019950197000000003
1493.0,2144.0,2245.0,2034.0,2050.0,1996.0,1928.0,1971.0,1965.0,2043.0,2045.0,2011.0,2007.0,2025.0,2051.0,2072.0,2080.0,2060.0,2051.0,2048.0,2045.0,2015.0,2010.0,2014.0,2010.0,2919.0,3354.0,3360.0,3187.0,3345.0,3143.0,2941.0,3051.0,3032.0,3149.0,2650.0,3299.0,3339.0,3162.0,3331.0,3139.0,3256.0,3354.0,3321.0,186.082260924,0.01923892
1493.0,2141.0,2248.0,1984.0,1973.0,1995.0,2003.0,2026.0,2038.0,2054.0,2025.0,1992.0,1994.0,1971.0,2001.0,2024.0,1946.0,1889.0,1949.0,1963.0,1968.0,1959.0,1909.0,1934.0,1924.0,2919.0,3355.0,3359.0,3190.0,3345.0,3144.0,2944.0,3049.0,3029.0,3148.0,2651.0,3297.0,3340.0,3162.0,3329.0,3139.0,3255.0,3353.0,3322.0,186.102263249,0.019244766
1494.0,2135.0,2248.0,1896.0,1916.0,1939.0,1967.0,1976.0,2029.0,2039.0,2017.0,2039.0,2006.0,2012.0,1999.0,1972.0,1933.0,1916.0,1940.0,1929.0,1960.0,1973.0,1975.0,1987.0,2010.0,2918.0,3352.0,3359.0,3188.0,3345.0,3145.0,2943.0,3050.0,3031.0,3149.0,2657.0,3299.0,3341.0,3164.0,3330.0,3142.0,3256.0,3354.0,3320.0,186.122263625,0.019241300000000003
1495.0,2132.0,2251.0,1959.0,1926.0,1915.0,1916.0,1930.0,1958.0,1932.0,1969.0,1964.0,1936.0,1951.0,1984.0,1962.0,1923.0,1929.0,1937.0,1875.0,1867.0,1931.0,1893.0,1929.0,1939.0,2918.0,3352.0,3359.0,3190.0,3345.0,3143.0,2943.0,3049.0,3031.0,3147.0,2663.0,3302.0,3341.0,3166.0,3332.0,3142.0,3255.0,3354.0,3323.0,186.142261453,0.019237628
1494.0,2129.0,2253.0,1916.0,1923.0,1894.0,1918.0,1925.0,1927.0,1947.0,1914.0,1945.0,1974.0,1975.0,1968.0,1975.0,1985.0,1957.0,1961.0,1927.0,1889.0,1859.0,1878.0,1861.0,1837.0,2915.0,3351.0,3359.0,3187.0,3343.0,3143.0,2942.0,3047.0,3030.0,3147.0,2669.0,3302.0,3340.0,3167.0,3331.0,3143.0,3254.0,3354.0,3322.0,186.162260437,0.019957935
1494.0,2125.0,2257.0,1891.0,1898.0,1869.0,1852.0,1888.0,1922.0,1896.0,1878.0,1874.0,1806.0,1778.0,1828.0,1874.0,1856.0,1896.0,1849.0,1749.0,1818.0,1835.0,1918.0,1937.0,1926.0,2917.0,3354.0,3362.0,3190.0,3346.0,3145.0,2943.0,3049.0,3031.0,3147.0,2674.0,3303.0,3342.0,3170.0,3333.0,3142.0,3254.0,3355.0,3322.0,186.182262282,0.019242912
1492.0,2124.0,2259.0,1926.0,1989.0,1951.0,1925.0,2011.0,1977.0,2023.0,2067.0,2064.0,2027.0,1999.0,1981.0,1979.0,1973.0,1937.0,1987.0,1936.0,1908.0,1966.0,2034.0,2053.0,2015.0,2921.0,3352.0,3360.0,3189.0,3346.0,3144.0,2943.0,3047.0,3029.0,3147.0,2672.0,3301.0,3344.0,3169.0,3332.0,3141.0,3252.0,3355.0,3322.0,186.202264667,0.019253422000000003
1494.0,2119.0,2256.0,2120.0,2098.0,2129.0,2135.0,2171.0,2177.0,2103.0,2140.0,2154.0,2128.0,2140.0,2137.0,2151.0,2137.0,2129.0,2122.0,2103.0,2119.0,2111.0,2079.0,2047.0,2050.0,2919.0,3352.0,3359.0,3189.0,3345.0,3143.0,2943.0,3047.0,3031.0,3147.0,2673.0,3303.0,3341.0,3168.0,3332.0,3142.0,3255.0,3355.0,3323.0,186.222264763,0.019248891
1495.0,2115.0,2257.0,2093.0,2098.0,2094.0,2072.0,2125.0,2043.0,2047.0,2064.0,2052.0,2058.0,2103.0,2080.0,1997.0,2020.0,2002.0,2017.0,1985.0,1978.0,1975.0,2024.0,2101.0,2043.0,2919.0,3352.0,3360.0,3189.0,3343.0,3145.0,2943.0,3046.0,3030.0,3146.0,2672.0,3302.0,3342.0,3166.0,3332.0,3142.0,3255.0,3355.0,3320.0,186.242261695,0.019243874
1494.0,2112.0,2260.0,2069.0,2029.0,1991.0,1947.0,1941.0,1913.0,1935.0,1902.0,1951.0,2023.0,1935.0,1931.0,1990.0,1957.0,2049.0,2005.0,1988.0,2008.0,1969.0,1970.0,1939.0,1983.0,2929.0,3355.0,3362.0,3191.0,3345.0,3147.0,2943.0,3049.0,3028.0,3147.0,2660.0,3297.0,3340.0,3163.0,3329.0,3139.0,3254.0,3354.0,3321.0,186.26226244,0.019958863
1494.0,2112.0,2261.0,1964.0,1908.0,1902.0,1938.0,1999.0,1974.0,2001.0,2052.0,2062.0,2053.0,2080.0,2027.0,2018.0,1939.0,1929.0,1944.0,1894.0,1953.0,1899.0,1845.0,1827.0,1779.0,2936.0,3357.0,3365.0,3197.0,3347.0,3149.0,2943.0,3051.0,3027.0,3147.0,2648.0,3295.0,3335.0,3159.0,3329.0,3136.0,3253.0,3354.0,3322.0,186.282267302,0.019257895
1493.0,2106.0,2265.0,1836.0,1844.0,1878.0,1931.0,1931.0,1884.0,1881.0,1858.0,1865.0,1848.0,1839.0,1874.0,1878.0,1879.0,1858.0,1805.0,1853.0,1770.0,1781.0,1854.0,1863.0,1833.0,2943.0,3357.0,3365.0,3198.0,3349.0,3151.0,2944.0,3050.0,3026.0,3145.0,2649.0,3293.0,3336.0,3159.0,3328.0,3135.0,3251.0,3355.0,3322.0,186.302261752,0.019234926000000003
1496.0,2104.0,2266.0,1913.0,1928.0,1915.0,1946.0,1917.0,1994.0,1978.0,1941.0,1937.0,1928.0,1980.0,1997.0,1883.0,1926.0,1931.0,1948.0,1968.0,1946.0,1931.0,1948.0,2000.0,1996.0,2947.0,3359.0,3366.0,3202.0,3348.0,3151.0,2944.0,3051.0,3025.0,3144.0,2645.0,3292.0,3335.0,3157.0,3329.0,3135.0,3251.0,3354.0,3322.0,186.322264523,0.019975415
1493.0,2100.0,2264.0,2074.0,2075.0,2066.0,2095.0,2031.0,2062.0,2126.0,2167.0,2143.0,2106.0,2097.0,2094.0,2116.0,2192.0,2203.0,2178.0,2119.0,2140.0,2181.0,2203.0,2157.0,2153.0,2947.0,3358.0,3367.0,3201.0,3349.0,3151.0,2945.0,3050.0,3024.0,3143.0,2640.0,3289.0,3333.0,3156.0,3329.0,3134.0,3250.0,3354.0,3321.0,186.342262772,0.01922441
1495.0,2100.0,2262.0,2171.0,2156.0,2138.0,2123.0,2138.0,2158.0,2121.0,2070.0,2032.0,2062.0,2050.0,2063.0,2064.0,2111.0,2093.0,2110.0,2183.0,2200.0,2196.0,2200.0,2151.0,2142.0,2948.0,3359.0,3366.0,3200.0,3349.0,3152.0,2943.0,3050.0,3025.0,3146.0,2635.0,3289.0,3331.0,3155.0,3326.0,3135.0,3250.0,3354.0,3322.0,186.362263755,0.019961658
1496.0,2094.0,2263.0,1978.0,1987.0,2058.0,2055.0,1986.0,1997.0,1990.0,1947.0,1965.0,2002.0,2029.0,2017.0,2027.0,2003.0,1997.0,2007.0,2025.0,2058.0,2067.0,2131.0,2110.0,2053.0,2950.0,3361.0,3367.0,3204.0,3349.0,3153.0,2944.0,3051.0,3024.0,3143.0,2632.0,3286.0,3332.0,3154.0,3325.0,3134.0,3252.0,3355.0,3321.0,186.382265084,0.019249753
1493.0,2093.0,2261.0,2067.0,2082.0,2077.0,2072.0,2086.0,2118.0,2090.0,2097.0,2096.0,2113.0,2172.0,2176.0,2195.0,2171.0,2194.0,2180.0,2194.0,2163.0,2230.0,2248.0,2213.0,2201.0,2951.0,3361.0,3367.0,3203.0,3348.0,3152.0,2944.0,3052.0,3025.0,3146.0,2635.0,3288.0,3333.0,3156.0,3326.0,3135.0,3252.0,3355.0,3322.0,186.402263387,0.019233448
1493.0,2090.0,2259.0,2234.0,2207.0,2224.0,2194.0,2206.0,2207.0,2210.0,2227.0,2222.0,2195.0,2175.0,2147.0,2141.0,2164.0,2225.0,2283.0,2235.0,2211.0,2240.0,2225.0,2237.0,2258.0,2946.0,3359.0,3365.0,3200.0,3349.0,3149.0,2943.0,3052.0,3026.0,3146.0,2637.0,3292.0,3334.0,3159.0,3328.0,3135.0,3253.0,3354.0,3322.0,186.422265992,0.019973887000000003
1495.0,2086.0,2254.0,2282.0,2315.0,2303.0,2231.0,2243.0,2224.0,2191.0,2164.0,2138.0,2119.0,2106.0,2164.0,2167.0,2156.0,2169.0,2176.0,2207.0,2237.0,2197.0,2235.0,2236.0,2219.0,2939.0,3357.0,3365.0,3198.0,3347.0,3149.0,2944.0,3051.0,3027.0,3146.0,2637.0,3291.0,3335.0,3157.0,3327.0,3137.0,3253.0,3354.0,3320.0,186.442263443,0.01923725
1493.0,2085.0,2256.0,2120.0,2111.0,2149.0,2137.0,2141.0,2171.0,2129.0,2133.0,2163.0,2153.0,2114.0,2172.0,2160.0,2143.0,2153.0,2168.0,2153.0,2117.0,2085.0,2114.0,2113.0,2107.0,2938.0,3358.0,3364.0,3197.0,3346.0,3148.0,2943.0,3050.0,3025.0,3145.0,2631.0,3291.0,3334.0,3157.0,3326.0,3133.0,3252.0,3355.0,3321.0,186.462264321,0.019963854
1494.0,2084.0,2253.0,2070.0,2076.0,2069.0,2112.0,2114.0,2106.0,2156.0,2145.0,2195.0,2190.0,2186.0,2181.0,2159.0,2089.0,2067.0,2080.0,2071.0,2065.0,2075.0,2101.0,2124.0,2138.0,2947.0,3362.0,3367.0,3201.0,3350.0,3152.0,2943.0,3053.0,3025.0,3147.0,2618.0,3289.0,3334.0,3157.0,3329.0,3134.0,3254.0,3353.0,3323.0,186.482266358,0.019253342
1493.0,2081.0,2251.0,2179.0,2171.0,2191.0,2202.0,2201.0,2206.0,2203.0,2208.0,2210.0,2200.0,2203.0,2185.0,2164.0,2196.0,2138.0,2118.0,2150.0,2153.0,2154.0,2171.0,2172.0,2181.0,2942.0,3360.0,3364.0,3200.0,3350.0,3149.0,2945.0,3052.0,3026.0,3148.0,2625.0,3292.0,3336.0,3157.0,3327.0,3134.0,3253.0,3355.0,3322.0,186.502265282,0.019238302000000002
1493.0,2078.0,2250.0,2171.0,2191.0,2192.0,2185.0,2183.0,2196.0,2208.0,2217.0,2161.0,2139.0,2131.0,2119.0,2096.0,2096.0,2101.0,2115.0,2094.0,2105.0,2078.0,2060.0,2069.0,2081.0,2933.0,3357.0,3362.0,3197.0,3347.0,3147.0,2944.0,3051.0,3028.0,3146.0,2636.0,3296.0,3338.0,3159.0,3329.0,3136.0,3255.0,3354.0,3322.0,186.522268698,0.01997231
1493.0,2079.0,2254.0,1990.0,1949.0,1944.0,1935.0,1910.0,1890.0,1885.0,1874.0,1925.0,1919.0,1875.0,1885.0,1905.0,1847.0,1843.0,1902.0,1850.0,1850.0,1865.0,1878.0,1899.0,1863.0,2930.0,3357.0,3364.0,3194.0,3345.0,3149.0,2942.0,3050.0,3029.0,3147.0,2642.0,3295.0,3339.0,3162.0,3330.0,3138.0,3255.0,3355.0,3322.0,186.542265668,0.019237195000000002
1493.0,2077.0,2255.0,1959.0,1962.0,1964.0,1955.0,1953.0,1922.0,1907.0,1925.0,1929.0,1899.0,1927.0,1951.0,1950.0,1950.0,1951.0,1990.0,1953.0,1990.0,1983.0,1975.0,1971.0,1986.0,2933.0,3356.0,3362.0,3194.0,3346.0,3149.0,2941.0,3050.0,3027.0,3146.0,2640.0,3294.0,3337.0,3160.0,3330.0,3137.0,3254.0,3354.0,3323.0,186.562265373,0.019959191
1492.0,2072.0,2252.0,2147.0,2138.0,2150.0,2158.0,2148.0,2178.0,2183.0,2180.0,2175.0,2184.0,2169.0,2139.0,2112.0,2108.0,2133.0,2144.0,2149.0,2118.0,2139.0,2168.0,2179.0,2219.0,2935.0,3356.0,3365.0,3196.0,3348.0,3150.0,2943.0,3052.0,3027.0,3148.0,2637.0,3295.0,3337.0,3161.0,3330.0,3138.0,3256.0,3356.0,3322.0,186.582268318,0.019254476
1494.0,2072.0,2252.0,2206.0,2195.0,2204.0,2168.0,2132.0,2165.0,2156.0,2112.0,2070.0,2103.0,2074.0,2098.0,2106.0,2103.0,2087.0,2098.0,2112.0,2084.0,2101.0,2115.0,2086.0,2074.0,2931.0,3359.0,3364.0,3195.0,3348.0,3148.0,2943.0,3051.0,3027.0,3148.0,2637.0,3295.0,3337.0,3160.0,3330.0,3139.0,3256.0,3356.0,3323.0,186.602273496,0.019245164000000002
1494.0,2069.0,2253.0,1980.0,1955.0,1969.0,2016.0,2029.0,2044.0,2114.0,2076.0,2084.0,2087.0,2101.0,2053.0,2078.0,2043.0,2016.0,2024.0,2008.0,2003.0,1995.0,2015.0,2013.0,1967.0,2931.0,3357.0,3363.0,3195.0,3346.0,3149.0,2941.0,3050.0,3027.0,3148.0,2635.0,3295.0,3335.0,3160.0,3328.0,3138.0,3255.0,3354.0,3319.0,186.622267476,0.019236143
1493.0,2068.0,2259.0,1829.0,1832.0,1856.0,1854.0,1890.0,1842.0,1819.0,1824.0,1802.0,1762.0,1764.0,1720.0,1708.0,1716.0,1738.0,1731.0,1739.0,1730.0,1731.0,1735.0,1740.0,1719.0,2933.0,3358.0,3365.0,3197.0,3347.0,3148.0,2943.0,3051.0,3029.0,3148.0,2645.0,3295.0,3340.0,3161.0,3330.0,3139.0,3253.0,3356.0,3323.0,186.642266184,0.01924607
1494.0,2069.0,2266.0,1702.0,1707.0,1655.0,1698.0,1686.0,1723.0,1724.0,1722.0,1774.0,1711.0,1676.0,1703.0,1701.0,1696.0,1699.0,1761.0,1796.0,1686.0,1591.0,1672.0,1640.0,1723.0,2934.0,3354.0,3363.0,3195.0,3346.0,3147.0,2945.0,3049.0,3028.0,3143.0,2664.0,3298.0,3340.0,3167.0,3332.0,3141.0,3251.0,3355.0,3320.0,186.662267554,0.01996631
1492.0,2064.0,2270.0,1803.0,1819.0,1803.0,1844.0,1793.0,1790.0,1819.0,1874.0,1927.0,1859.0,1849.0,1817.0,1843.0,1892.0,1852.0,1840.0,1899.0,1785.0,1761.0,1838.0,1887.0,1869.0,2929.0,3351.0,3359.0,3192.0,3345.0,3144.0,2947.0,3047.0,3031.0,3144.0,2692.0,3303.0,3344.0,3174.0,3332.0,3146.0,3249.0,3355.0,3322.0,186.682269142,0.019257632
1495.0,2065.0,2267.0,1964.0,1959.0,1963.0,1963.0,2039.0,2072.0,2033.0,2023.0,2040.0,2062.0,2038.0,2053.0,2039.0,2021.0,2041.0,2042.0,2050.0,2074.0,2057.0,2064.0,2109.0,2138.0,2924.0,3349.0,3358.0,3189.0,3345.0,3141.0,2948.0,3047.0,3031.0,3143.0,2700.0,3305.0,3346.0,3174.0,3335.0,3145.0,3249.0,3355.0,3323.0,186.70226804200001,0.019238757000000002
1493.0,2062.0,2266.0,2194.0,2212.0,2152.0,2120.0,2118.0,2145.0,2111.0,2111.0,2143.0,2131.0,2135.0,2185.0,2166.0,2201.0,2180.0,2161.0,2140.0,2166.0,2194.0,2189.0,2203.0,2217.0,2928.0,3350.0,3358.0,3188.0,3342.0,3142.0,2949.0,3046.0,3029.0,3145.0,2684.0,3301.0,3342.0,3170.0,3331.0,3141.0,3250.0,3355.0,3320.0,186.722269262,0.019256850000000002
1492.0,2061.0,2263.0,2245.0,2232.0,2258.0,2233.0,2247.0,2273.0,2241.0,2261.0,2265.0,2214.0,2186.0,2183.0,2159.0,2134.0,2114.0,2128.0,2133.0,2126.0,2143.0,2120.0,2138.0,2157.0,2936.0,3354.0,3363.0,3196.0,3347.0,3147.0,2947.0,3050.0,3030.0,3146.0,2665.0,3297.0,3340.0,3166.0,3332.0,3140.0,3251.0,3354.0,3323.0,186.742269203,0.019241633
1494.0,2062.0,2265.0,2028.0,2003.0,2010.0,2011.0,2006.0,2026.0,2035.0,2024.0,2029.0,2036.0,2021.0,2036.0,2014.0,1993.0,2014.0,1999.0,1981.0,1952.0,1928.0,1934.0,1929.0,1948.0,2939.0,3356.0,3363.0,3198.0,3347.0,3147.0,2946.0,3049.0,3026.0,3145.0,2656.0,3295.0,3339.0,3163.0,3330.0,3137.0,3248.0,3355.0,3321.0,186.762268265,0.019955695000000002
1494.0,2059.0,2267.0,1904.0,1927.0,1939.0,1959.0,1957.0,1961.0,1985.0,1983.0,1969.0,1935.0,1947.0,1960.0,1977.0,1980.0,1984.0,1962.0,1940.0,1962.0,1940.0,1937.0,1954.0,1908.0,2939.0,3356.0,3362.0,3197.0,3346.0,3147.0,2946.0,3049.0,3029.0,3145.0,2669.0,3297.0,3340.0,3167.0,3330.0,3141.0,3249.0,3355.0,3322.0,186.782270889,0.019257022000000002
1493.0,2057.0,2265.0,2015.0,2023.0,2063.0,2045.0,2075.0,2068.0,2040.0,2022.0,2062.0,2094.0,2066.0,2030.0,2067.0,2152.0,2080.0,2072.0,2133.0,2129.0,2105.0,2146.0,2166.0,2135.0,2933.0,3351.0,3361.0,3191.0,3346.0,3145.0,2946.0,3049.0,3031.0,3145.0,2683.0,3303.0,3342.0,3170.0,3332.0,3142.0,3251.0,3354.0,3323.0,186.802269082,0.019242995000000002
1494.0,2054.0,2262.0,2234.0,2239.0,2206.0,2154.0,2169.0,2136.0,2149.0,2143.0,2155.0,2142.0,2146.0,2143.0,2181.0,2202.0,2212.0,2237.0,2249.0,2257.0,2265.0,2259.0,2285.0,2277.0,2925.0,3351.0,3357.0,3189.0,3342.0,3143.0,2946.0,3046.0,3031.0,3145.0,2682.0,3302.0,3342.0,3170.0,3332.0,3142.0,3251.0,3354.0,3321.0,186.822271528,0.019965066
1493.0,2056.0,2260.0,2224.0,2196.0,2198.0,2211.0,2198.0,2195.0,2171.0,2157.0,2155.0,2159.0,2179.0,2143.0,2117.0,2146.0,2158.0,2141.0,2107.0,2090.0,2140.0,2129.0,2100.0,2110.0,2927.0,3354.0,3360.0,3189.0,3347.0,3144.0,2946.0,3050.0,3031.0,3146.0,2671.0,3300.0,3341.0,3168.0,3331.0,3140.0,3251.0,3356.0,3322.0,186.842268131,0.019247002000000003
1495.0,2056.0,2265.0,1943.0,1924.0,1939.0,1934.0,1933.0,1938.0,1931.0,1932.0,1908.0,1919.0,1874.0,1868.0,1834.0,1824.0,1817.0,1851.0,1817.0,1797.0,1839.0,1841.0,1856.0,1871.0,2941.0,3356.0,3365.0,3198.0,3348.0,3148.0,2944.0,3051.0,3026.0,3146.0,2647.0,3293.0,3335.0,3160.0,3329.0,3138.0,3251.0,3354.0,3323.0,186.862269367,0.019965019
1495.0,2053.0,2270.0,1876.0,1895.0,1924.0,1894.0,1841.0,1877.0,1941.0,1974.0,2000.0,1928.0,1873.0,1812.0,1758.0,1770.0,1806.0,1802.0,1784.0,1755.0,1727.0,1765.0,1793.0,1809.0,2956.0,3361.0,3367.0,3206.0,3349.0,3154.0,2945.0,3050.0,3022.0,3143.0,2628.0,3285.0,3330.0,3155.0,3326.0,3132.0,3249.0,3354.0,3321.0,186.882271798,0.019248998
1494.0,2053.0,2275.0,1770.0,1767.0,1721.0,1744.0,1730.0,1721.0,1713.0,1680.0,1679.0,1730.0,1723.0,1735.0,1751.0,1779.0,1796.0,1746.0,1782.0,1798.0,1836.0,1835.0,1834.0,1830.0,2960.0,3360.0,3368.0,3208.0,3350.0,3155.0,2945.0,3050.0,3020.0,3142.0,2637.0,3285.0,3334.0,3157.0,3326.0,3134.0,3248.0,3355.0,3323.0,186.902270015,0.019243689
1495.0,2052.0,2276.0,1920.0,1925.0,1942.0,1926.0,1924.0,1928.0,1908.0,1887.0,1924.0,1930.0,1905.0,1908.0,1865.0,1884.0,1877.0,1932.0,1920.0,1892.0,1880.0,1878.0,1893.0,1918.0,2958.0,3361.0,3368.0,3206.0,3349.0,3153.0,2944.0,3048.0,3021.0,3140.0,2644.0,3290.0,3335.0,3159.0,3330.0,3135.0,3248.0,3354.0,3324.0,186.922271724,0.019963980000000003
1492.0,2050.0,2277.0,1934.0,1944.0,1933.0,1945.0,1978.0,1968.0,1950.0,1957.0,1949.0,1955.0,1982.0,1979.0,1964.0,1984.0,1957.0,1962.0,1987.0,2000.0,2030.0,2011.0,2006.0,2025.0,2958.0,3359.0,3367.0,3206.0,3350.0,3155.0,2944.0,3049.0,3020.0,3140.0,2645.0,3289.0,3334.0,3158.0,3329.0,3136.0,3248.0,3355.0,3322.0,186.942272757,0.019250409
1493.0,2048.0,2279.0,1990.0,2005.0,1996.0,2011.0,1998.0,1989.0,1983.0,1984.0,2007.0,2047.0,2043.0,2032.0,2030.0,2040.0,2062.0,2035.0,2021.0,2008.0,2013.0,1984.0,1999.0,2016.0,2958.0,3359.0,3366.0,3206.0,3351.0,3154.0,2943.0,3049.0,3020.0,3140.0,2641.0,3285.0,3334.0,3158.0,3327.0,3134.0,3246.0,3353.0,3322.0,186.962270623,0.019245770000000002
1494.0,2049.0,2279.0,2073.0,2062.0,2073.0,2070.0,2055.0,2049.0,2039.0,2017.0,2055.0,2060.0,2014.0,1995.0,2009.0,2016.0,1975.0,1938.0,1929.0,1930.0,1950.0,1951.0,1931.0,2035.0,2969.0,3363.0,3370.0,3211.0,3353.0,3159.0,2944.0,3052.0,3017.0,3141.0,2625.0,3283.0,3331.0,3154.0,3326.0,3134.0,3249.0,3355.0,3322.0,186.982272355,0.019958881
1495.0,2047.0,2283.0,1919.0,1876.0,1874.0,1911.0,1872.0,1862.0,1822.0,1816.0,1803.0,1810.0,1816.0,1797.0,1753.0,1749.0,1745.0,1757.0,1767.0,1748.0,1772.0,1826.0,1762.0,1740.0,2975.0,3364.0,3370.0,3216.0,3355.0,3162.0,2942.0,3049.0,3017.0,3140.0,2621.0,3281.0,3330.0,3152.0,3326.0,3132.0,3247.0,3355.0,3323.0,187.00227181,0.019245612000000002
1494.0,2046.0,2282.0,1946.0,1950.0,1957.0,1990.0,2003.0,2018.0,2004.0,2020.0,2055.0,2050.0,2036.0,2045.0,2046.0,2063.0,2098.0,2117.0,2131.0,2119.0,2126.0,2142.0,2149.0,2156.0,2965.0,3361.0,3369.0,3209.0,3355.0,3157.0,2943.0,3049.0,3018.0,3140.0,2645.0,3285.0,3333.0,3159.0,3328.0,3137.0,3246.0,3356.0,3322.0,187.02227322,0.019238419
1494.0,2043.0,2281.0,2133.0,2123.0,2110.0,2118.0,2116.0,2138.0,2111.0,2103.0,2109.0,2095.0,2107.0,2104.0,2083.0,2071.0,2091.0,2102.0,2133.0,2110.0,2094.0,2116.0,2113.0,2122.0,2955.0,3359.0,3367.0,3203.0,3351.0,3154.0,2945.0,3048.0,3021.0,3140.0,2666.0,3293.0,3338.0,3166.0,3331.0,3142.0,3247.0,3355.0,3323.0,187.042273095,0.019251110000000002
1495.0,2043.0,2279.0,2205.0,2182.0,2177.0,2181.0,2173.0,2171.0,2176.0,2163.0,2152.0,2163.0,2170.0,2160.0,2156.0,2165.0,2153.0,2147.0,2146.0,2139.0,2155.0,2155.0,2133.0,2155.0,2943.0,3354.0,3363.0,3198.0,3349.0,3149.0,2944.0,3046.0,3024.0,3140.0,2683.0,3298.0,3340.0,3169.0,3332.0,3142.0,3248.0,3354.0,3322.0,187.062271649,0.019247468
1495.0,2041.0,2280.0,2083.0,2088.0,2074.0,2061.0,2052.0,2030.0,2022.0,2031.0,2007.0,1995.0,1995.0,2004.0,1990.0,1987.0,1997.0,2014.0,1990.0,1990.0,1984.0,1977.0,1982.0,1953.0,2939.0,3356.0,3363.0,3196.0,3348.0,3150.0,2945.0,3045.0,3024.0,3143.0,2683.0,3299.0,3339.0,3171.0,3332.0,3143.0,3248.0,3357.0,3324.0,187.082274176,0.019953335000000003
1495.0,2038.0,2283.0,1944.0,1937.0,1953.0,1960.0,1950.0,1951.0,1956.0,1956.0,1960.0,1947.0,1950.0,1975.0,1951.0,1953.0,1946.0,1918.0,1929.0,1945.0,1935.0,1941.0,1924.0,1931.0,2946.0,3356.0,3364.0,3202.0,3349.0,3151.0,2943.0,3046.0,3022.0,3141.0,2674.0,3293.0,3341.0,3169.0,3333.0,3141.0,3248.0,3356.0,3324.0,187.102272301,0.019235469
1493.0,2041.0,2284.0,1967.0,1952.0,1929.0,1931.0,1945.0,1967.0,1957.0,1964.0,1955.0,1932.0,1918.0,1914.0,1911.0,1939.0,1937.0,1939.0,1945.0,1939.0,1961.0,2000.0,2004.0,1986.0,2953.0,3357.0,3363.0,3201.0,3349.0,3153.0,2943.0,3044.0,3022.0,3140.0,2670.0,3292.0,3339.0,3166.0,3333.0,3141.0,3246.0,3354.0,3324.0,187.122273889,0.019250027000000003
1494.0,2041.0,2284.0,1972.0,1966.0,1964.0,1995.0,2028.0,2032.0,2036.0,2015.0,2038.0,2035.0,2025.0,2021.0,2025.0,2018.0,2030.0,2033.0,2056.0,2054.0,2009.0,2021.0,2021.0,2023.0,2950.0,3356.0,3365.0,3199.0,3349.0,3152.0,2944.0,3045.0,3024.0,3141.0,2685.0,3298.0,3341.0,3172.0,3333.0,3144.0,3247.0,3357.0,3325.0,187.142275012,0.019248904
1494.0,2041.0,2286.0,1998.0,1991.0,2000.0,1961.0,1948.0,1975.0,1990.0,1994.0,1997.0,2013.0,1996.0,1982.0,1984.0,2004.0,2013.0,2003.0,1994.0,1978.0,1976.0,1949.0,1954.0,1937.0,2935.0,3349.0,3360.0,3193.0,3346.0,3146.0,2945.0,3042.0,3026.0,3138.0,2711.0,3303.0,3345.0,3177.0,3337.0,3147.0,3246.0,3355.0,3323.0,187.16227361,0.019239352
1493.0,2040.0,2287.0,1988.0,2017.0,1995.0,1991.0,1981.0,1995.0,1990.0,1962.0,1978.0,1993.0,1985.0,1991.0,1988.0,1974.0,1977.0,2009.0,2011.0,1994.0,1983.0,1970.0,1973.0,1982.0,2931.0,3349.0,3358.0,3191.0,3346.0,3145.0,2946.0,3043.0,3027.0,3139.0,2718.0,3307.0,3347.0,3180.0,3337.0,3151.0,3246.0,3356.0,3325.0,187.182275221,0.019244853000000003
1493.0,2040.0,2287.0,2037.0,2010.0,2034.0,2033.0,2045.0,2033.0,2016.0,2032.0,2030.0,2045.0,2052.0,2057.0,2056.0,2077.0,2083.0,2066.0,2086.0,2070.0,2075.0,2072.0,2104.0,2097.0,2935.0,3350.0,3360.0,3192.0,3346.0,3145.0,2946.0,3044.0,3026.0,3140.0,2709.0,3304.0,3345.0,3178.0,3335.0,3148.0,3247.0,3356.0,3323.0,187.202273455,0.019240512
1492.0,2040.0,2285.0,2172.0,2181.0,2154.0,2145.0,2149.0,2151.0,2162.0,2181.0,2121.0,2110.0,2122.0,2098.0,2115.0,2072.0,2070.0,2093.0,2066.0,2086.0,2119.0,2128.0,2099.0,2131.0,2938.0,3351.0,3359.0,3194.0,3347.0,3145.0,2945.0,3045.0,3024.0,3140.0,2701.0,3300.0,3344.0,3175.0,3333.0,3145.0,3245.0,3355.0,3323.0,187.222289623,0.019268757
1495.0,2038.0,2283.0,2139.0,2108.0,2098.0,2094.0,2114.0,2113.0,2134.0,2107.0,2115.0,2125.0,2099.0,2121.0,2166.0,2164.0,2142.0,2113.0,2085.0,2099.0,2122.0,2137.0,2132.0,2144.0,2933.0,3349.0,3359.0,3190.0,3346.0,3143.0,2947.0,3045.0,3028.0,3140.0,2715.0,3305.0,3347.0,3181.0,3337.0,3148.0,3247.0,3357.0,3323.0,187.242277531,0.019240258
1492.0,2039.0,2285.0,2038.0,2056.0,2042.0,2060.0,2082.0,2095.0,2106.0,2107.0,2104.0,2099.0,2115.0,2126.0,2091.0,2072.0,2071.0,2088.0,2044.0,2031.0,2054.0,2036.0,2025.0,2041.0,2922.0,3346.0,3356.0,3185.0,3344.0,3142.0,2945.0,3042.0,3030.0,3141.0,2733.0,3310.0,3350.0,3187.0,3340.0,3152.0,3246.0,3356.0,3324.0,187.262274696,0.019237559
1492.0,2038.0,2287.0,2023.0,2002.0,2004.0,1994.0,1977.0,1974.0,1960.0,1953.0,1951.0,1948.0,1961.0,1978.0,1949.0,1939.0,1918.0,1902.0,1901.0,1916.0,1894.0,1854.0,1833.0,1858.0,2916.0,3344.0,3355.0,3183.0,3342.0,3139.0,2946.0,3041.0,3029.0,3140.0,2739.0,3313.0,3353.0,3187.0,3341.0,3155.0,3247.0,3357.0,3323.0,187.282277593,0.019234879
1494.0,2038.0,2291.0,1893.0,1862.0,1834.0,1877.0,1844.0,1835.0,1824.0,1808.0,1803.0,1808.0,1827.0,1812.0,1801.0,1811.0,1828.0,1828.0,1810.0,1805.0,1799.0,1814.0,1824.0,1851.0,2917.0,3344.0,3356.0,3183.0,3343.0,3141.0,2946.0,3040.0,3029.0,3140.0,2743.0,3312.0,3353.0,3189.0,3341.0,3153.0,3246.0,3356.0,3325.0,187.302278313,0.019246325
1494.0,2040.0,2295.0,1804.0,1803.0,1789.0,1797.0,1787.0,1802.0,1808.0,1820.0,1848.0,1844.0,1809.0,1814.0,1806.0,1806.0,1821.0,1851.0,1884.0,1881.0,1873.0,1843.0,1839.0,1813.0,2919.0,3342.0,3353.0,3181.0,3343.0,3141.0,2945.0,3038.0,3030.0,3138.0,2750.0,3312.0,3354.0,3193.0,3342.0,3156.0,3243.0,3358.0,3325.0,187.32227813,0.019240166
1493.0,2035.0,2295.0,1914.0,1926.0,1928.0,1930.0,1947.0,1955.0,1955.0,1957.0,1951.0,1966.0,1993.0,1965.0,1979.0,2020.0,2032.0,2044.0,2053.0,2061.0,2065.0,2092.0,2101.0,2107.0,2921.0,3342.0,3354.0,3182.0,3345.0,3140.0,2945.0,3037.0,3027.0,3139.0,2753.0,3312.0,3352.0,3191.0,3340.0,3155.0,3243.0,3356.0,3326.0,187.342277802,0.019246434
1493.0,2037.0,2292.0,2107.0,2151.0,2160.0,2167.0,2175.0,2173.0,2204.0,2228.0,2234.0,2237.0,2235.0,2214.0,2211.0,2180.0,2183.0,2185.0,2174.0,2213.0,2193.0,2206.0,2224.0,2227.0,2920.0,3342.0,3353.0,3183.0,3343.0,3139.0,2947.0,3040.0,3027.0,3139.0,2746.0,3311.0,3350.0,3188.0,3342.0,3154.0,3244.0,3356.0,3326.0,187.362276193,0.019241627
1493.0,2038.0,2289.0,2202.0,2180.0,2183.0,2168.0,2166.0,2209.0,2205.0,2193.0,2175.0,2157.0,2177.0,2168.0,2138.0,2188.0,2176.0,2173.0,2190.0,2199.0,2202.0,2160.0,2155.0,2160.0,2922.0,3343.0,3355.0,3184.0,3344.0,3139.0,2947.0,3040.0,3029.0,3138.0,2740.0,3309.0,3350.0,3186.0,3341.0,3154.0,3243.0,3356.0,3326.0,187.382278741,0.019243892000000002
1492.0,2033.0,2289.0,2084.0,2074.0,2061.0,2025.0,2042.0,2069.0,2043.0,2041.0,2017.0,2031.0,2043.0,2046.0,2021.0,2015.0,2036.0,2049.0,2061.0,2048.0,2078.0,2079.0,2076.0,2068.0,2924.0,3345.0,3354.0,3184.0,3343.0,3142.0,2947.0,3041.0,3029.0,3138.0,2739.0,3311.0,3348.0,3186.0,3340.0,3152.0,3244.0,3357.0,3324.0,187.40227844,0.019241198
1496.0,2036.0,2292.0,1980.0,1964.0,1986.0,2008.0,2015.0,2032.0,2032.0,2037.0,2029.0,2015.0,2023.0,2005.0,1967.0,1951.0,1980.0,1965.0,1952.0,1951.0,1933.0,1932.0,1950.0,1941.0,2923.0,3343.0,3354.0,3185.0,3342.0,3139.0,2946.0,3041.0,3028.0,3138.0,2738.0,3308.0,3350.0,3186.0,3338.0,3154.0,3245.0,3357.0,3324.0,187.422279862,0.019247088000000002
1494.0,2038.0,2291.0,2017.0,2017.0,2043.0,2029.0,2025.0,2048.0,1992.0,1976.0,2002.0,1991.0,2011.0,2023.0,2013.0,2014.0,2022.0,2014.0,2034.0,2041.0,2055.0,2077.0,2082.0,2093.0,2926.0,3343.0,3356.0,3188.0,3346.0,3143.0,2946.0,3042.0,3027.0,3138.0,2735.0,3308.0,3349.0,3184.0,3339.0,3153.0,3244.0,3357.0,3326.0,187.442280057,0.019244874000000002
1495.0,2036.0,2288.0,2198.0,2164.0,2128.0,2142.0,2138.0,2134.0,2151.0,2136.0,2095.0,2132.0,2128.0,2153.0,2156.0,2160.0,2186.0,2201.0,2210.0,2191.0,2200.0,2224.0,2224.0,2205.0,2924.0,3345.0,3356.0,3185.0,3343.0,3140.0,2948.0,3039.0,3027.0,3138.0,2741.0,3311.0,3349.0,3187.0,3341.0,3153.0,3244.0,3357.0,3324.0,187.462276543,0.019236111
1493.0,2037.0,2288.0,2173.0,2166.0,2163.0,2147.0,2129.0,2122.0,2108.0,2084.0,2090.0,2103.0,2095.0,2100.0,2100.0,2090.0,2096.0,2087.0,2103.0,2142.0,2136.0,2147.0,2144.0,2137.0,2914.0,3340.0,3354.0,3181.0,3340.0,3138.0,2948.0,3037.0,3030.0,3137.0,2751.0,3315.0,3353.0,3190.0,3340.0,3156.0,3245.0,3356.0,3325.0,187.482278511,0.019246074000000002
1493.0,2037.0,2288.0,2135.0,2131.0,2115.0,2121.0,2158.0,2157.0,2151.0,2163.0,2161.0,2166.0,2140.0,2133.0,2117.0,2079.0,2062.0,2055.0,2042.0,2038.0,2052.0,2047.0,2067.0,2070.0,2906.0,3338.0,3352.0,3179.0,3340.0,3136.0,2947.0,3036.0,3030.0,3140.0,2758.0,3315.0,3355.0,3191.0,3341.0,3155.0,3247.0,3358.0,3325.0,187.502282147,0.019253474
1492.0,2037.0,2286.0,2081.0,2075.0,2085.0,2101.0,2094.0,2116.0,2129.0,2114.0,2101.0,2126.0,2143.0,2135.0,2114.0,2090.0,2058.0,2010.0,2026.0,2034.0,2051.0,2070.0,2089.0,2079.0,2902.0,3339.0,3351.0,3177.0,3340.0,3137.0,2946.0,3037.0,3031.0,3141.0,2762.0,3316.0,3354.0,3194.0,3343.0,3156.0,3247.0,3358.0,3325.0,187.522279714,0.019236968
1494.0,2038.0,2283.0,2155.0,2166.0,2180.0,2206.0,2218.0,2202.0,2198.0,2212.0,2239.0,2225.0,2234.0,2225.0,2189.0,2181.0,2200.0,2194.0,2196.0,2202.0,2191.0,2195.0,2216.0,2256.0,2903.0,3337.0,3349.0,3175.0,3340.0,3136.0,2946.0,3038.0,3029.0,3140.0,2756.0,3317.0,3353.0,3192.0,3341.0,3157.0,3246.0,3357.0,3325.0,187.542280092,0.019251946000000002
1492.0,2037.0,2281.0,2239.0,2217.0,2164.0,2130.0,2136.0,2135.0,2159.0,2137.0,2102.0,2109.0,2146.0,2154.0,2186.0,2199.0,2190.0,2196.0,2187.0,2181.0,2187.0,2214.0,2199.0,2183.0,2904.0,3340.0,3353.0,3178.0,3342.0,3137.0,2945.0,3039.0,3030.0,3140.0,2750.0,3316.0,3353.0,3191.0,3341.0,3154.0,3248.0,3355.0,3322.0,187.562277469,0.019237997
1494.0,2036.0,2281.0,2093.0,2091.0,2072.0,2078.0,2097.0,2105.0,2097.0,2095.0,2138.0,2119.0,2121.0,2132.0,2117.0,2071.0,2068.0,2059.0,2031.0,2039.0,2047.0,2029.0,1999.0,1996.0,2902.0,3339.0,3352.0,3175.0,3342.0,3137.0,2946.0,3039.0,3029.0,3140.0,2749.0,3314.0,3351.0,3191.0,3341.0,3154.0,3250.0,3356.0,3323.0,187.5822798,0.019237652
1492.0,2036.0,2282.0,2018.0,2026.0,2049.0,2003.0,2011.0,2025.0,2016.0,2027.0,2011.0,2021.0,2021.0,1994.0,2019.0,2021.0,2030.0,2045.0,2051.0,2044.0,2040.0,2022.0,2043.0,2044.0,2904.0,3340.0,3354.0,3180.0,3340.0,3138.0,2945.0,3039.0,3030.0,3141.0,2746.0,3315.0,3352.0,3188.0,3340.0,3154.0,3248.0,3357.0,3324.0,187.602281203,0.019246769
1494.0,2039.0,2283.0,2138.0,2145.0,2177.0,2130.0,2086.0,2080.0,2025.0,1955.0,1977.0,1956.0,1933.0,1971.0,1970.0,1964.0,1937.0,1968.0,1983.0,1998.0,2010.0,1991.0,1977.0,1932.0,2909.0,3342.0,3354.0,3182.0,3343.0,3138.0,2945.0,3039.0,3027.0,3141.0,2736.0,3311.0,3351.0,3187.0,3339.0,3155.0,3247.0,3357.0,3325.0,187.622281927,0.019244685
1495.0,2036.0,2285.0,1866.0,1940.0,1944.0,1963.0,1981.0,1944.0,1945.0,1875.0,1855.0,1898.0,1874.0,1909.0,1955.0,1927.0,1918.0,1934.0,1916.0,1921.0,1927.0,1950.0,1952.0,1934.0,2921.0,3346.0,3358.0,3185.0,3344.0,3140.0,2946.0,3042.0,3027.0,3141.0,2727.0,3309.0,3350.0,3185.0,3338.0,3152.0,3247.0,3358.0,3325.0,187.642281884,0.019249161
1493.0,2037.0,2286.0,1940.0,1954.0,1951.0,1950.0,1934.0,1954.0,1959.0,1958.0,1994.0,1991.0,1982.0,2005.0,2013.0,2014.0,2048.0,2090.0,1994.0,2008.0,1981.0,2039.0,2062.0,2073.0,2927.0,3347.0,3357.0,3186.0,3345.0,3143.0,2944.0,3042.0,3027.0,3141.0,2723.0,3306.0,3347.0,3182.0,3339.0,3151.0,3246.0,3356.0,3324.0,187.662279427,0.019216234000000002
1494.0,2038.0,2285.0,2081.0,2116.0,2100.0,2081.0,2046.0,2042.0,2017.0,2016.0,2046.0,2077.0,2069.0,2076.0,2136.0,2154.0,2142.0,2137.0,2106.0,2045.0,2041.0,2055.0,2064.0,2056.0,2925.0,3346.0,3357.0,3187.0,3343.0,3140.0,2948.0,3042.0,3027.0,3139.0,2728.0,3306.0,3348.0,3183.0,3338.0,3150.0,3247.0,3355.0,3322.0,187.68228096,0.019240125
1491.0,2038.0,2286.0,1987.0,1989.0,1990.0,2017.0,2034.0,2067.0,2080.0,2027.0,2060.0,2082.0,2118.0,2201.0,2133.0,1990.0,2009.0,2017.0,2016.0,2019.0,2019.0,2027.0,1990.0,1964.0,2921.0,3343.0,3355.0,3184.0,3341.0,3141.0,2947.0,3040.0,3028.0,3140.0,2735.0,3311.0,3351.0,3187.0,3339.0,3152.0,3246.0,3356.0,3324.0,187.702280134,0.019237482
1495.0,2037.0,2286.0,2036.0,2036.0,1976.0,2001.0,2017.0,1985.0,1990.0,1984.0,2013.0,2032.0,2033.0,2041.0,2042.0,1992.0,1967.0,1970.0,2035.0,2048.0,2043.0,2068.0,2047.0,2063.0,2923.0,3346.0,3356.0,3182.0,3342.0,3140.0,2948.0,3042.0,3029.0,3141.0,2731.0,3308.0,3348.0,3184.0,3339.0,3151.0,3246.0,3356.0,3323.0,187.722278969,0.019236189
1492.0,2040.0,2288.0,1949.0,1959.0,1987.0,1934.0,1897.0,1915.0,1938.0,1933.0,1952.0,1998.0,1986.0,1917.0,1885.0,1942.0,1969.0,1983.0,1989.0,1940.0,1945.0,1952.0,1953.0,1945.0,2930.0,3346.0,3357.0,3190.0,3344.0,3141.0,2948.0,3044.0,3027.0,3139.0,2725.0,3305.0,3348.0,3182.0,3337.0,3147.0,3242.0,3354.0,3325.0,187.74228192,0.019967829000000003
1492.0,2041.0,2292.0,1916.0,1926.0,1873.0,1899.0,1921.0,1923.0,1950.0,1964.0,2008.0,1949.0,1900.0,1960.0,1996.0,2005.0,2015.0,2015.0,1964.0,1913.0,1888.0,1897.0,1941.0,1965.0,2936.0,3347.0,3355.0,3191.0,3344.0,3144.0,2950.0,3043.0,3026.0,3140.0,2722.0,3304.0,3346.0,3179.0,3337.0,3149.0,3242.0,3356.0,3323.0,187.762280321,0.019247073
1493.0,2039.0,2291.0,2077.0,2069.0,2006.0,2050.0,2120.0,2087.0,2074.0,2139.0,2134.0,2104.0,2113.0,2114.0,2088.0,2133.0,2163.0,2124.0,2089.0,2023.0,2004.0,2055.0,2086.0,2104.0,2936.0,3346.0,3359.0,3189.0,3344.0,3141.0,2951.0,3045.0,3026.0,3139.0,2727.0,3304.0,3346.0,3182.0,3336.0,3147.0,3242.0,3356.0,3323.0,187.782282339,0.019954603
1493.0,2040.0,2290.0,2151.0,2132.0,2166.0,2076.0,1989.0,2053.0,2084.0,2103.0,2093.0,2070.0,2075.0,2149.0,2168.0,2169.0,2192.0,2172.0,2083.0,2087.0,2048.0,2014.0,2014.0,1992.0,2932.0,3345.0,3356.0,3186.0,3344.0,3141.0,2951.0,3043.0,3029.0,3137.0,2731.0,3304.0,3349.0,3184.0,3338.0,3149.0,3242.0,3356.0,3323.0,187.802283085,0.019250222
1492.0,2041.0,2286.0,2092.0,2138.0,2129.0,2091.0,2050.0,2041.0,2054.0,2006.0,1988.0,2036.0,2007.0,2051.0,2073.0,2009.0,2018.0,2037.0,2087.0,2127.0,2137.0,2200.0,2083.0,2042.0,2930.0,3345.0,3355.0,3186.0,3343.0,3140.0,2950.0,3043.0,3028.0,3138.0,2734.0,3306.0,3346.0,3183.0,3339.0,3148.0,3243.0,3355.0,3324.0,187.822282586,0.019237907000000002
1493.0,2040.0,2287.0,2166.0,2223.0,2222.0,2181.0,2160.0,2145.0,2114.0,2059.0,2027.0,2010.0,2003.0,2045.0,2062.0,2055.0,2099.0,2132.0,2092.0,2106.0,2139.0,2168.0,2235.0,2196.0,2929.0,3345.0,3355.0,3184.0,3344.0,3140.0,2951.0,3043.0,3029.0,3138.0,2733.0,3307.0,3347.0,3183.0,3337.0,3151.0,3243.0,3356.0,3322.0,187.842288023,0.019964948
1492.0,2040.0,2284.0,2240.0,2196.0,2151.0,2166.0,2135.0,2138.0,2072.0,2036.0,2074.0,2085.0,2088.0,2084.0,2085.0,2130.0,2179.0,2200.0,2192.0,2208.0,2206.0,2236.0,2178.0,2144.0,2930.0,3346.0,3355.0,3186.0,3343.0,3139.0,2951.0,3043.0,3028.0,3138.0,2729.0,3304.0,3347.0,3182.0,3338.0,3147.0,3243.0,3356.0,3323.0,187.862281114,0.019956592000000002
1493.0,2040.0,2282.0,2195.0,2213.0,2262.0,2247.0,2179.0,2125.0,2114.0,2148.0,2139.0,2159.0,2177.0,2188.0,2152.0,2133.0,2131.0,2170.0,2197.0,2204.0,2242.0,2243.0,2256.0,2282.0,2931.0,3345.0,3357.0,3186.0,3341.0,3138.0,2950.0,3044.0,3028.0,3140.0,2726.0,3305.0,3346.0,3182.0,3337.0,3146.0,3243.0,3355.0,3324.0,187.882282883,0.019250652
1495.0,2041.0,2282.0,2124.0,2099.0,2108.0,2099.0,2094.0,2134.0,2149.0,2123.0,2154.0,2168.0,2121.0,2144.0,2166.0,2162.0,2186.0,2142.0,2138.0,2074.0,2092.0,2140.0,2153.0,2109.0,2931.0,3346.0,3355.0,3186.0,3342.0,3140.0,2950.0,3042.0,3028.0,3139.0,2724.0,3304.0,3346.0,3181.0,3336.0,3147.0,3242.0,3355.0,3322.0,187.902283434,0.019254967
1491.0,2039.0,2282.0,2047.0,2090.0,2127.0,2072.0,2046.0,2064.0,2049.0,2049.0,2096.0,2057.0,2034.0,2026.0,2000.0,2012.0,2053.0,2086.0,2141.0,2145.0,2134.0,2072.0,2169.0,2101.0,2929.0,3344.0,3356.0,3184.0,3343.0,3139.0,2951.0,3044.0,3028.0,3139.0,2724.0,3304.0,3347.0,3180.0,3335.0,3148.0,3243.0,3354.0,3320.0,187.922282223,0.01925185
1492.0,2036.0,2281.0,2180.0,2150.0,2118.0,2016.0,2021.0,2085.0,2093.0,2090.0,2104.0,2124.0,2119.0,2030.0,2084.0,2139.0,2130.0,2146.0,2196.0,2218.0,2163.0,2114.0,2088.0,2041.0,2929.0,3346.0,3355.0,3185.0,3341.0,3137.0,2950.0,3042.0,3029.0,3139.0,2722.0,3305.0,3345.0,3179.0,3334.0,3148.0,3245.0,3354.0,3321.0,187.942284597,0.019962380000000002
1493.0,2038.0,2280.0,2057.0,2117.0,2102.0,2139.0,2107.0,2107.0,2152.0,2168.0,2141.0,2152.0,2157.0,2167.0,2105.0,2070.0,2000.0,1994.0,2007.0,2017.0,2009.0,2019.0,2059.0,2095.0,2923.0,3343.0,3355.0,3182.0,3341.0,3137.0,2952.0,3044.0,3031.0,3138.0,2731.0,3307.0,3347.0,3182.0,3337.0,3149.0,3244.0,3354.0,3323.0,187.96228313,0.019219765
1494.0,2038.0,2277.0,2165.0,2134.0,2149.0,2204.0,2240.0,2130.0,2123.0,2060.0,2030.0,2036.0,1967.0,1997.0,2012.0,2044.0,2043.0,2089.0,2070.0,2084.0,2164.0,2215.0,2190.0,2176.0,2917.0,3342.0,3353.0,3179.0,3340.0,3136.0,2950.0,3042.0,3031.0,3140.0,2739.0,3308.0,3350.0,3186.0,3339.0,3150.0,3244.0,3355.0,3323.0,187.982284975,0.019252313
1494.0,2034.0,2278.0,2076.0,1984.0,2010.0,2037.0,2040.0,2066.0,2079.0,2109.0,2158.0,2121.0,2121.0,2106.0,2087.0,2054.0,2044.0,2042.0,2061.0,2045.0,2061.0,2141.0,2111.0,2124.0,2916.0,3341.0,3350.0,3177.0,3340.0,3136.0,2948.0,3042.0,3031.0,3141.0,2741.0,3310.0,3351.0,3185.0,3338.0,3150.0,3246.0,3355.0,3322.0,188.002286198,0.019252176000000003
1492.0,2037.0,2280.0,2027.0,1999.0,1994.0,1976.0,1984.0,1993.0,2028.0,2052.0,2107.0,2079.0,2046.0,2025.0,2021.0,1990.0,2003.0,1966.0,1908.0,1933.0,1966.0,1986.0,1972.0,1953.0,2910.0,3341.0,3351.0,3176.0,3339.0,3136.0,2949.0,3041.0,3033.0,3139.0,2745.0,3312.0,3351.0,3187.0,3340.0,3153.0,3245.0,3355.0,3323.0,188.022283718,0.01923959
1492.0,2039.0,2284.0,1976.0,1950.0,1883.0,1830.0,1833.0,1854.0,1836.0,1847.0,1861.0,1844.0,1904.0,1880.0,1909.0,1937.0,1967.0,1954.0,1957.0,1916.0,1865.0,1875.0,1823.0,1807.0,2906.0,3336.0,3349.0,3174.0,3339.0,3133.0,2949.0,3038.0,3031.0,3138.0,2758.0,3315.0,3353.0,3191.0,3340.0,3156.0,3244.0,3355.0,3323.0,188.04228686,0.019959223
1495.0,2036.0,2285.0,1999.0,1924.0,1876.0,1905.0,1833.0,1807.0,1824.0,1799.0,1785.0,1801.0,1863.0,1913.0,1889.0,1932.0,1973.0,1998.0,2018.0,1982.0,1995.0,1932.0,1927.0,1889.0,2902.0,3336.0,3348.0,3172.0,3338.0,3131.0,2950.0,3038.0,3033.0,3138.0,2771.0,3318.0,3357.0,3197.0,3344.0,3159.0,3246.0,3356.0,3324.0,188.062287616,0.019249066000000002
1492.0,2038.0,2287.0,1916.0,1957.0,1972.0,2005.0,1970.0,1969.0,1992.0,2020.0,1968.0,2018.0,2040.0,2072.0,2098.0,2084.0,2077.0,2082.0,2078.0,2022.0,2024.0,2023.0,2035.0,2047.0,2896.0,3332.0,3345.0,3167.0,3338.0,3129.0,2950.0,3035.0,3032.0,3138.0,2782.0,3318.0,3358.0,3199.0,3344.0,3161.0,3243.0,3357.0,3323.0,188.082287561,0.019241253
1493.0,2039.0,2284.0,2223.0,2259.0,2186.0,2175.0,2181.0,2184.0,2145.0,2165.0,2162.0,2141.0,2086.0,2080.0,2112.0,2208.0,2214.0,2153.0,2196.0,2210.0,2172.0,2205.0,2218.0,2209.0,2888.0,3331.0,3343.0,3165.0,3335.0,3127.0,2949.0,3036.0,3036.0,3139.0,2784.0,3322.0,3357.0,3199.0,3344.0,3161.0,3245.0,3355.0,3324.0,188.102287529,0.019242518
1493.0,2036.0,2281.0,2173.0,2143.0,2129.0,2167.0,2112.0,2126.0,2137.0,2142.0,2167.0,2172.0,2156.0,2155.0,2206.0,2222.0,2247.0,2249.0,2214.0,2147.0,2153.0,2166.0,2144.0,2111.0,2887.0,3329.0,3345.0,3164.0,3334.0,3129.0,2950.0,3035.0,3034.0,3139.0,2783.0,3322.0,3357.0,3201.0,3344.0,3160.0,3244.0,3354.0,3325.0,188.122284213,0.019238422
1494.0,2039.0,2282.0,2043.0,2061.0,2110.0,2102.0,2069.0,2063.0,2091.0,2125.0,2114.0,2090.0,2082.0,2076.0,2057.0,2049.0,2084.0,2101.0,2102.0,2100.0,2058.0,2061.0,2077.0,2080.0,2888.0,3331.0,3346.0,3167.0,3336.0,3130.0,2949.0,3036.0,3035.0,3139.0,2777.0,3319.0,3357.0,3198.0,3343.0,3158.0,3245.0,3356.0,3325.0,188.142287805,0.019965419
1492.0,2038.0,2286.0,1813.0,1839.0,1873.0,1881.0,1886.0,1925.0,1912.0,1941.0,2007.0,1987.0,2019.0,2067.0,2024.0,1959.0,1855.0,1836.0,1809.0,1782.0,1775.0,1778.0,1793.0,1823.0,2895.0,3332.0,3349.0,3172.0,3338.0,3133.0,2948.0,3037.0,3033.0,3137.0,2770.0,3319.0,3356.0,3195.0,3344.0,3157.0,3246.0,3357.0,3323.0,188.162285409,0.019243105
1494.0,2041.0,2289.0,1814.0,1816.0,1792.0,1795.0,1756.0,1769.0,1802.0,1833.0,1827.0,1853.0,1839.0,1815.0,1847.0,1847.0,1836.0,1888.0,1885.0,1858.0,1920.0,1871.0,1801.0,1816.0,2903.0,3337.0,3350.0,3174.0,3338.0,3135.0,2949.0,3036.0,3032.0,3136.0,2768.0,3315.0,3355.0,3194.0,3341.0,3155.0,3242.0,3356.0,3323.0,188.182287834,0.019239562
1493.0,2040.0,2294.0,1845.0,1768.0,1799.0,1798.0,1864.0,1919.0,1893.0,1888.0,1884.0,1905.0,1919.0,1925.0,1939.0,1914.0,1840.0,1879.0,1872.0,1831.0,1839.0,1827.0,1855.0,1871.0,2905.0,3334.0,3346.0,3175.0,3337.0,3135.0,2949.0,3035.0,3029.0,3137.0,2771.0,3316.0,3354.0,3194.0,3343.0,3157.0,3243.0,3356.0,3324.0,188.202287635,0.019243735
1493.0,2040.0,2294.0,1899.0,1906.0,1910.0,1929.0,1955.0,1954.0,2011.0,2003.0,1995.0,2016.0,2029.0,2021.0,2025.0,2009.0,1968.0,1958.0,2006.0,2013.0,2012.0,2054.0,2074.0,2018.0,2909.0,3335.0,3351.0,3176.0,3340.0,3134.0,2949.0,3035.0,3030.0,3135.0,2771.0,3317.0,3354.0,3193.0,3343.0,3158.0,3242.0,3357.0,3324.0,188.222286375,0.019248147
1492.0,2039.0,2293.0,2074.0,2064.0,2074.0,2071.0,2016.0,2061.0,2068.0,2089.0,1978.0,1989.0,2015.0,2068.0,2095.0,2105.0,2111.0,2189.0,2185.0,2096.0,2108.0,2130.0,2153.0,2187.0,2914.0,3336.0,3350.0,3178.0,3341.0,3135.0,2949.0,3036.0,3027.0,3135.0,2758.0,3310.0,3351.0,3188.0,3341.0,3155.0,3242.0,3356.0,3324.0,188.242288234,0.019962833000000003
1492.0,2038.0,2289.0,2251.0,2224.0,2246.0,2277.0,2255.0,2210.0,2214.0,2199.0,2175.0,2187.0,2217.0,2189.0,2193.0,2189.0,2223.0,2264.0,2284.0,2299.0,2269.0,2282.0,2302.0,2286.0,2923.0,3342.0,3353.0,3182.0,3345.0,3140.0,2950.0,3039.0,3028.0,3137.0,2743.0,3309.0,3348.0,3184.0,3339.0,3151.0,3242.0,3356.0,3323.0,188.262287429,0.019245559000000002
1493.0,2040.0,2285.0,2276.0,2220.0,2235.0,2209.0,2189.0,2233.0,2276.0,2296.0,2261.0,2232.0,2260.0,2252.0,2264.0,2284.0,2283.0,2253.0,2214.0,2200.0,2197.0,2221.0,2230.0,2237.0,2928.0,3344.0,3356.0,3188.0,3344.0,3141.0,2951.0,3041.0,3027.0,3137.0,2727.0,3305.0,3345.0,3178.0,3337.0,3147.0,3244.0,3356.0,3322.0,188.282287675,0.019252363
1492.0,2041.0,2284.0,2172.0,2165.0,2158.0,2219.0,2200.0,2139.0,2138.0,2207.0,2196.0,2146.0,2139.0,2093.0,2078.0,2106.0,2096.0,2038.0,2023.0,2089.0,2103.0,2125.0,2140.0,2122.0,2937.0,3348.0,3360.0,3191.0,3346.0,3144.0,2949.0,3044.0,3025.0,3140.0,2708.0,3298.0,3341.0,3175.0,3336.0,3144.0,3243.0,3357.0,3324.0,188.302288991,0.019248208000000003
1492.0,2040.0,2288.0,2010.0,2019.0,2032.0,2038.0,2107.0,2058.0,2008.0,2028.0,1988.0,1938.0,1995.0,1922.0,1869.0,1888.0,1880.0,1891.0,1921.0,1961.0,1953.0,1936.0,1951.0,1984.0,2941.0,3350.0,3359.0,3194.0,3347.0,3144.0,2948.0,3044.0,3024.0,3138.0,2709.0,3299.0,3344.0,3173.0,3335.0,3144.0,3244.0,3357.0,3323.0,188.322289674,0.019232277000000002
1494.0,2039.0,2289.0,1958.0,1946.0,1959.0,1984.0,2001.0,2008.0,2001.0,1956.0,1960.0,1956.0,1999.0,1987.0,2003.0,1984.0,1947.0,1963.0,1918.0,1946.0,1926.0,1897.0,1926.0,1936.0,2936.0,3347.0,3357.0,3190.0,3345.0,3144.0,2947.0,3041.0,3025.0,3137.0,2721.0,3301.0,3344.0,3178.0,3336.0,3145.0,3244.0,3354.0,3325.0,188.342300502,0.019247225
1491.0,2036.0,2290.0,1951.0,1978.0,1925.0,1906.0,1933.0,1890.0,1902.0,1906.0,1925.0,1969.0,1967.0,2013.0,2012.0,2021.0,2088.0,2043.0,2024.0,2046.0,1991.0,1970.0,1990.0,2019.0,2930.0,3345.0,3355.0,3187.0,3344.0,3141.0,2947.0,3039.0,3026.0,3137.0,2734.0,3305.0,3348.0,3182.0,3337.0,3150.0,3246.0,3356.0,3324.0,188.362288929,0.019230437
1492.0,2039.0,2289.0,1990.0,2056.0,2086.0,2117.0,2145.0,2158.0,2145.0,2126.0,2135.0,2125.0,2152.0,2121.0,2106.0,2060.0,2033.0,2047.0,2035.0,2032.0,2049.0,2035.0,2042.0,2043.0,2928.0,3346.0,3356.0,3187.0,3343.0,3140.0,2950.0,3041.0,3026.0,3136.0,2732.0,3303.0,3347.0,3179.0,3338.0,3148.0,3242.0,3356.0,3325.0,188.382288938,0.019236606
1492.0,2038.0,2289.0,2101.0,2085.0,2117.0,2192.0,2149.0,2018.0,2046.0,2041.0,2046.0,2120.0,2124.0,2091.0,2063.0,2042.0,1974.0,1997.0,2033.0,2029.0,2038.0,1994.0,2023.0,2039.0,2935.0,3347.0,3358.0,3189.0,3343.0,3142.0,2948.0,3042.0,3025.0,3137.0,2719.0,3300.0,3343.0,3177.0,3335.0,3146.0,3242.0,3355.0,3323.0,188.402291188,0.019968238000000003
1494.0,2036.0,2285.0,2139.0,2149.0,2146.0,2203.0,2117.0,2023.0,1991.0,2016.0,2077.0,2051.0,2126.0,2097.0,2044.0,2090.0,2060.0,2098.0,2162.0,2167.0,2261.0,2276.0,2235.0,2257.0,2940.0,3349.0,3359.0,3192.0,3345.0,3143.0,2947.0,3042.0,3022.0,3136.0,2709.0,3297.0,3341.0,3172.0,3334.0,3145.0,3242.0,3357.0,3323.0,188.422289795,0.019242288
1491.0,2034.0,2284.0,2155.0,2112.0,2102.0,2124.0,2159.0,2172.0,2166.0,2192.0,2204.0,2240.0,2263.0,2251.0,2291.0,2292.0,2281.0,2281.0,2286.0,2254.0,2183.0,2143.0,2148.0,2151.0,2941.0,3350.0,3359.0,3193.0,3345.0,3144.0,2947.0,3043.0,3023.0,3136.0,2704.0,3296.0,3342.0,3171.0,3333.0,3143.0,3243.0,3355.0,3322.0,188.442291303,0.019249838000000002
1492.0,2035.0,2282.0,2267.0,2267.0,2262.0,2215.0,2222.0,2203.0,2217.0,2214.0,2192.0,2154.0,2050.0,2045.0,2078.0,2079.0,2130.0,2195.0,2219.0,2215.0,2207.0,2213.0,2235.0,2252.0,2936.0,3349.0,3359.0,3191.0,3346.0,3142.0,2949.0,3045.0,3026.0,3140.0,2708.0,3301.0,3344.0,3174.0,3335.0,3144.0,3246.0,3357.0,3323.0,188.462292644,0.019251492000000002
1494.0,2037.0,2285.0,2097.0,2053.0,2006.0,2033.0,1956.0,1923.0,1933.0,1946.0,2008.0,2036.0,2048.0,2040.0,2070.0,2074.0,2050.0,2064.0,2026.0,1925.0,1890.0,1865.0,1835.0,1881.0,2935.0,3349.0,3359.0,3191.0,3346.0,3145.0,2948.0,3042.0,3024.0,3139.0,2708.0,3301.0,3346.0,3175.0,3336.0,3147.0,3245.0,3355.0,3323.0,188.482288681,0.0192401
1492.0,2038.0,2288.0,1855.0,1832.0,1881.0,1908.0,1880.0,1875.0,1856.0,1835.0,1861.0,1812.0,1843.0,1842.0,1793.0,1851.0,1873.0,1783.0,1775.0,1813.0,1869.0,1922.0,1898.0,1852.0,2938.0,3349.0,3359.0,3191.0,3346.0,3144.0,2948.0,3042.0,3024.0,3137.0,2709.0,3299.0,3342.0,3174.0,3335.0,3143.0,3245.0,3357.0,3324.0,188.502291008,0.019964851000000002
1493.0,2037.0,2289.0,1909.0,1823.0,1826.0,1835.0,1864.0,1930.0,1928.0,1872.0,1779.0,1817.0,1875.0,1900.0,1895.0,1944.0,1986.0,1902.0,1952.0,2008.0,2059.0,2087.0,2046.0,2024.0,2942.0,3349.0,3359.0,3194.0,3347.0,3144.0,2946.0,3043.0,3021.0,3136.0,2710.0,3299.0,3343.0,3175.0,3334.0,3145.0,3243.0,3357.0,3323.0,188.522290421,0.019245129
1493.0,2036.0,2289.0,2093.0,2075.0,2095.0,2003.0,1982.0,1969.0,1970.0,1984.0,2002.0,2082.0,2023.0,2039.0,2080.0,2139.0,2144.0,2097.0,2085.0,2129.0,2113.0,2147.0,2118.0,2044.0,2942.0,3347.0,3361.0,3194.0,3347.0,3144.0,2947.0,3042.0,3020.0,3135.0,2708.0,3295.0,3343.0,3175.0,3334.0,3142.0,3243.0,3356.0,3321.0,188.542292071,0.019247727000000003
1495.0,2037.0,2286.0,2162.0,2196.0,2177.0,2208.0,2183.0,2173.0,2159.0,2174.0,2200.0,2206.0,2244.0,2226.0,2251.0,2228.0,2264.0,2249.0,2215.0,2215.0,2224.0,2221.0,2173.0,2213.0,2945.0,3351.0,3361.0,3194.0,3348.0,3147.0,2949.0,3044.0,3023.0,3137.0,2703.0,3296.0,3341.0,3172.0,3335.0,3143.0,3244.0,3355.0,3323.0,188.562292765,0.019247065
1495.0,2038.0,2282.0,2225.0,2287.0,2270.0,2299.0,2290.0,2186.0,2123.0,2094.0,2181.0,2237.0,2249.0,2175.0,2208.0,2222.0,2226.0,2236.0,2223.0,2200.0,2228.0,2253.0,2215.0,2196.0,2945.0,3351.0,3361.0,3194.0,3346.0,3145.0,2949.0,3042.0,3022.0,3136.0,2697.0,3296.0,3340.0,3171.0,3333.0,3142.0,3245.0,3355.0,3322.0,188.582290075,0.019240336
1494.0,2037.0,2283.0,2163.0,2138.0,2086.0,2066.0,2069.0,2046.0,2031.0,2061.0,2082.0,2107.0,2127.0,2126.0,2134.0,2173.0,2183.0,2247.0,2219.0,2058.0,2011.0,2019.0,2028.0,2021.0,2945.0,3353.0,3361.0,3193.0,3348.0,3146.0,2948.0,3045.0,3023.0,3137.0,2695.0,3297.0,3340.0,3171.0,3333.0,3142.0,3245.0,3355.0,3323.0,188.602292915,0.01996384
1492.0,2039.0,2284.0,2011.0,2002.0,2020.0,2099.0,2083.0,2068.0,2161.0,2160.0,2088.0,2020.0,2007.0,1977.0,1946.0,1957.0,2027.0,1997.0,2001.0,1993.0,2011.0,2044.0,2033.0,2020.0,2942.0,3350.0,3360.0,3195.0,3346.0,3145.0,2948.0,3044.0,3025.0,3138.0,2698.0,3297.0,3342.0,3170.0,3334.0,3142.0,3243.0,3355.0,3323.0,188.62229269,0.019245102
1492.0,2035.0,2283.0,1996.0,2014.0,2020.0,2024.0,2009.0,2055.0,2034.0,2033.0,2068.0,2119.0,2178.0,2118.0,2064.0,1996.0,2066.0,2023.0,2006.0,2071.0,2074.0,2113.0,2086.0,2081.0,2938.0,3351.0,3360.0,3191.0,3344.0,3144.0,2948.0,3043.0,3023.0,3137.0,2705.0,3298.0,3344.0,3174.0,3333.0,3142.0,3245.0,3355.0,3324.0,188.642292946,0.019247849
1492.0,2036.0,2281.0,2264.0,2238.0,2168.0,2184.0,2224.0,2154.0,2119.0,2127.0,2131.0,2173.0,2188.0,2181.0,2267.0,2313.0,2225.0,2205.0,2158.0,2188.0,2214.0,2181.0,2224.0,2207.0,2932.0,3348.0,3358.0,3189.0,3344.0,3143.0,2950.0,3043.0,3024.0,3139.0,2713.0,3301.0,3344.0,3176.0,3336.0,3146.0,3244.0,3356.0,3324.0,188.662291587,0.019253404000000002
1493.0,2037.0,2276.0,2263.0,2268.0,2242.0,2304.0,2297.0,2291.0,2230.0,2147.0,2104.0,2075.0,2134.0,2133.0,2151.0,2209.0,2216.0,2282.0,2303.0,2331.0,2302.0,2359.0,2371.0,2337.0,2926.0,3345.0,3356.0,3184.0,3343.0,3141.0,2948.0,3043.0,3029.0,3140.0,2717.0,3305.0,3346.0,3181.0,3338.0,3148.0,3247.0,3356.0,3324.0,188.682291869,0.019242872
1492.0,2039.0,2276.0,2181.0,2139.0,2084.0,2104.0,2138.0,2202.0,2273.0,2323.0,2329.0,2299.0,2247.0,2243.0,2300.0,2276.0,2299.0,2271.0,2180.0,2130.0,2103.0,2088.0,2121.0,2124.0,2920.0,3346.0,3354.0,3181.0,3342.0,3141.0,2947.0,3041.0,3027.0,3139.0,2714.0,3306.0,3345.0,3179.0,3337.0,3147.0,3248.0,3356.0,3323.0,188.702292798,0.019956203000000002
1492.0,2037.0,2275.0,2175.0,2160.0,2154.0,2109.0,1984.0,1984.0,1968.0,1989.0,1994.0,2004.0,2034.0,2107.0,2039.0,2084.0,2065.0,2109.0,2101.0,2135.0,2032.0,2025.0,1944.0,1978.0,2920.0,3347.0,3356.0,3185.0,3342.0,3138.0,2948.0,3042.0,3027.0,3142.0,2717.0,3307.0,3347.0,3180.0,3338.0,3149.0,3248.0,3355.0,3324.0,188.722293219,0.019251921
1492.0,2037.0,2278.0,1832.0,1860.0,1934.0,1997.0,2018.0,2020.0,2027.0,2098.0,2113.0,2114.0,2069.0,2066.0,2070.0,1960.0,1881.0,1875.0,1857.0,1821.0,1828.0,1859.0,1860.0,1871.0,2921.0,3346.0,3357.0,3184.0,3344.0,3141.0,2948.0,3042.0,3029.0,3141.0,2716.0,3307.0,3347.0,3178.0,3338.0,3148.0,3249.0,3356.0,3322.0,188.742294622,0.019245001
1495.0,2036.0,2280.0,1986.0,1996.0,1975.0,1954.0,1920.0,1907.0,1897.0,1911.0,1859.0,1817.0,1816.0,1829.0,1835.0,1877.0,1901.0,1941.0,1954.0,1975.0,2005.0,1916.0,1904.0,1887.0,2922.0,3345.0,3357.0,3184.0,3343.0,3142.0,2945.0,3042.0,3026.0,3138.0,2717.0,3306.0,3346.0,3179.0,3338.0,3150.0,3248.0,3356.0,3323.0,188.762292296,0.019246267
1494.0,2035.0,2283.0,1953.0,1902.0,1825.0,1780.0,1777.0,1795.0,1769.0,1723.0,1759.0,1835.0,1814.0,1823.0,1875.0,1884.0,1963.0,1948.0,1965.0,1937.0,1956.0,1981.0,1941.0,1879.0,2925.0,3346.0,3358.0,3186.0,3346.0,3143.0,2945.0,3042.0,3024.0,3138.0,2718.0,3305.0,3347.0,3181.0,3336.0,3148.0,3246.0,3355.0,3325.0,188.7822924,0.019243264
1492.0,2035.0,2284.0,1934.0,1924.0,1928.0,1957.0,1986.0,1990.0,2020.0,2057.0,2045.0,2052.0,2039.0,2028.0,2023.0,2056.0,2067.0,2073.0,2021.0,2018.0,2047.0,2022.0,2025.0,2029.0,2923.0,3346.0,3356.0,3184.0,3343.0,3140.0,2945.0,3038.0,3024.0,3139.0,2723.0,3306.0,3347.0,3182.0,3337.0,3148.0,3245.0,3358.0,3324.0,188.802304255,0.019971879
1492.0,2037.0,2283.0,2137.0,2109.0,2108.0,2135.0,2154.0,2145.0,2128.0,2114.0,2133.0,2117.0,2127.0,2154.0,2145.0,2132.0,2155.0,2132.0,2146.0,2153.0,2136.0,2116.0,2104.0,2114.0,2922.0,3344.0,3355.0,3186.0,3345.0,3141.0,2947.0,3043.0,3025.0,3141.0,2724.0,3307.0,3348.0,3183.0,3339.0,3151.0,3247.0,3358.0,3324.0,188.822294332,0.019227965
1493.0,2038.0,2282.0,2058.0,2038.0,2031.0,2011.0,2043.0,2056.0,2018.0,2034.0,2011.0,2007.0,2007.0,2009.0,1999.0,1998.0,1989.0,2027.0,2008.0,2004.0,2025.0,2042.0,2058.0,2041.0,2923.0,3347.0,3357.0,3187.0,3346.0,3142.0,2946.0,3041.0,3024.0,3139.0,2719.0,3306.0,3347.0,3182.0,3337.0,3150.0,3248.0,3358.0,3324.0,188.84229685,0.019240537000000002
1492.0,2040.0,2285.0,1981.0,1974.0,1944.0,1965.0,1985.0,1948.0,1944.0,1972.0,1976.0,1993.0,1977.0,1940.0,1954.0,1962.0,1952.0,1943.0,1973.0,1951.0,1931.0,1918.0,1906.0,1916.0,2929.0,3349.0,3360.0,3190.0,3345.0,3144.0,2946.0,3042.0,3022.0,3137.0,2704.0,3303.0,3346.0,3177.0,3335.0,3147.0,3245.0,3356.0,3325.0,188.862293934,0.019246663
1493.0,2040.0,2286.0,2014.0,2011.0,2000.0,2000.0,2018.0,2021.0,2008.0,1983.0,1967.0,1943.0,1954.0,1967.0,1987.0,1977.0,2006.0,2018.0,1976.0,1958.0,1908.0,1927.0,1908.0,1896.0,2942.0,3353.0,3361.0,3195.0,3347.0,3148.0,2944.0,3043.0,3018.0,3138.0,2684.0,3294.0,3342.0,3171.0,3334.0,3142.0,3245.0,3356.0,3325.0,188.882294173,0.019252166
1491.0,2037.0,2290.0,1900.0,1917.0,1932.0,1882.0,1906.0,1906.0,1903.0,1926.0,1901.0,1918.0,1939.0,1886.0,1847.0,1852.0,1828.0,1827.0,1818.0,1824.0,1807.0,1819.0,1792.0,1813.0,2951.0,3356.0,3366.0,3202.0,3348.0,3150.0,2942.0,3045.0,3016.0,3136.0,2668.0,3288.0,3339.0,3168.0,3331.0,3141.0,3246.0,3358.0,3323.0,188.902297412,0.019955669000000002
1494.0,2037.0,2296.0,1744.0,1773.0,1873.0,1815.0,1759.0,1684.0,1635.0,1673.0,1714.0,1732.0,1748.0,1719.0,1664.0,1656.0,1677.0,1699.0,1705.0,1703.0,1731.0,1720.0,1712.0,1722.0,2964.0,3359.0,3367.0,3208.0,3353.0,3157.0,2943.0,3045.0,3011.0,3137.0,2660.0,3285.0,3336.0,3165.0,3332.0,3140.0,3243.0,3356.0,3325.0,188.922297434,0.019245531
1491.0,2034.0,2300.0,1747.0,1740.0,1727.0,1707.0,1734.0,1743.0,1749.0,1747.0,1750.0,1759.0,1762.0,1789.0,1791.0,1758.0,1767.0,1778.0,1809.0,1857.0,1888.0,1862.0,1849.0,1850.0,2970.0,3360.0,3371.0,3210.0,3354.0,3157.0,2943.0,3045.0,3010.0,3133.0,2661.0,3284.0,3338.0,3165.0,3333.0,3141.0,3243.0,3357.0,3326.0,188.942296976,0.019243168
1494.0,2038.0,2299.0,2038.0,2026.0,2055.0,2062.0,2060.0,2058.0,2072.0,2082.0,2098.0,2121.0,2153.0,2186.0,2083.0,2056.0,2082.0,2105.0,2112.0,2158.0,2131.0,2068.0,2076.0,2098.0,2967.0,3360.0,3370.0,3210.0,3353.0,3156.0,2943.0,3044.0,3010.0,3133.0,2666.0,3287.0,3337.0,3165.0,3331.0,3139.0,3242.0,3359.0,3323.0,188.962295509,0.019243283
1493.0,2036.0,2292.0,2252.0,2328.0,2324.0,2281.0,2270.0,2248.0,2233.0,2237.0,2251.0,2272.0,2280.0,2280.0,2293.0,2316.0,2302.0,2301.0,2304.0,2317.0,2326.0,2373.0,2385.0,2392.0,2962.0,3360.0,3368.0,3207.0,3352.0,3154.0,2945.0,3046.0,3014.0,3135.0,2670.0,3286.0,3336.0,3164.0,3331.0,3140.0,3243.0,3356.0,3324.0,188.982307982,0.019260925
1492.0,2037.0,2288.0,2321.0,2288.0,2343.0,2391.0,2404.0,2322.0,2281.0,2326.0,2295.0,2288.0,2315.0,2314.0,2321.0,2328.0,2369.0,2364.0,2329.0,2362.0,2355.0,2322.0,2303.0,2254.0,2959.0,3358.0,3366.0,3205.0,3351.0,3153.0,2946.0,3045.0,3016.0,3136.0,2670.0,3290.0,3337.0,3166.0,3330.0,3140.0,3243.0,3356.0,3323.0,189.002297121,0.019233665
1492.0,2037.0,2284.0,2279.0,2278.0,2262.0,2261.0,2258.0,2241.0,2265.0,2268.0,2249.0,2264.0,2321.0,2315.0,2288.0,2311.0,2286.0,2281.0,2270.0,2276.0,2279.0,2308.0,2300.0,2292.0,2953.0,3357.0,3365.0,3202.0,3351.0,3152.0,2943.0,3044.0,3015.0,3138.0,2672.0,3291.0,3339.0,3167.0,3331.0,3142.0,3246.0,3357.0,3324.0,189.022297555,0.019247098
1492.0,2038.0,2286.0,2224.0,2211.0,2200.0,2213.0,2206.0,2177.0,2140.0,2141.0,2099.0,2085.0,2108.0,2109.0,2109.0,2074.0,2054.0,2027.0,2018.0,2009.0,2013.0,1980.0,1985.0,2025.0,2946.0,3354.0,3364.0,3198.0,3348.0,3149.0,2944.0,3043.0,3020.0,3139.0,2683.0,3295.0,3340.0,3171.0,3334.0,3145.0,3247.0,3358.0,3324.0,189.042296378,0.019246031
1491.0,2041.0,2286.0,1985.0,1972.0,1989.0,1934.0,1926.0,1927.0,1924.0,1907.0,1914.0,1904.0,1939.0,1957.0,1967.0,1991.0,1993.0,2005.0,2016.0,2029.0,2013.0,2006.0,2003.0,2029.0,2939.0,3353.0,3361.0,3194.0,3349.0,3148.0,2944.0,3042.0,3020.0,3137.0,2701.0,3300.0,3346.0,3179.0,3337.0,3149.0,3247.0,3357.0,3324.0,189.062296646,0.019963602
1492.0,2039.0,2282.0,2127.0,2135.0,2151.0,2193.0,2184.0,2178.0,2215.0,2220.0,2243.0,2264.0,2257.0,2233.0,2225.0,2286.0,2279.0,2190.0,2175.0,2185.0,2210.0,2226.0,2258.0,2278.0,2931.0,3348.0,3358.0,3190.0,3346.0,3144.0,2945.0,3042.0,3025.0,3139.0,2712.0,3303.0,3348.0,3181.0,3336.0,3147.0,3246.0,3358.0,3325.0,189.082301354,0.019253699000000003
1494.0,2038.0,2274.0,2358.0,2364.0,2357.0,2343.0,2375.0,2384.0,2403.0,2397.0,2387.0,2408.0,2393.0,2410.0,2425.0,2431.0,2438.0,2430.0,2438.0,2460.0,2444.0,2437.0,2415.0,2415.0,2921.0,3346.0,3355.0,3184.0,3341.0,3140.0,2945.0,3040.0,3026.0,3139.0,2716.0,3307.0,3347.0,3181.0,3338.0,3150.0,3247.0,3355.0,3322.0,189.102301025,0.019235830000000002
1494.0,2040.0,2268.0,2486.0,2453.0,2449.0,2451.0,2438.0,2418.0,2398.0,2374.0,2362.0,2363.0,2354.0,2381.0,2364.0,2379.0,2372.0,2355.0,2349.0,2369.0,2382.0,2379.0,2398.0,2386.0,2914.0,3348.0,3357.0,3183.0,3345.0,3142.0,2944.0,3042.0,3028.0,3142.0,2710.0,3307.0,3348.0,3180.0,3339.0,3151.0,3250.0,3356.0,3324.0,189.122300639,0.019244886000000003
1494.0,2042.0,2266.0,2314.0,2273.0,2280.0,2295.0,2273.0,2250.0,2267.0,2250.0,2197.0,2237.0,2235.0,2201.0,2203.0,2194.0,2211.0,2209.0,2211.0,2247.0,2252.0,2260.0,2280.0,2274.0,2919.0,3349.0,3358.0,3188.0,3346.0,3144.0,2945.0,3045.0,3026.0,3142.0,2691.0,3304.0,3345.0,3175.0,3335.0,3147.0,3251.0,3355.0,3323.0,189.142297121,0.019229402
1491.0,2043.0,2262.0,2129.0,2153.0,2190.0,2192.0,2195.0,2218.0,2210.0,2200.0,2221.0,2211.0,2201.0,2276.0,2267.0,2235.0,2242.0,2229.0,2217.0,2261.0,2248.0,2252.0,2256.0,2250.0,2926.0,3351.0,3361.0,3192.0,3345.0,3146.0,2943.0,3046.0,3025.0,3144.0,2670.0,3297.0,3342.0,3170.0,3333.0,3142.0,3252.0,3355.0,3322.0,189.162297046,0.01995968
1491.0,2044.0,2259.0,2223.0,2250.0,2245.0,2246.0,2261.0,2258.0,2266.0,2295.0,2281.0,2244.0,2277.0,2252.0,2230.0,2230.0,2199.0,2209.0,2217.0,2229.0,2187.0,2181.0,2192.0,2192.0,2936.0,3357.0,3363.0,3195.0,3347.0,3146.0,2944.0,3047.0,3024.0,3143.0,2649.0,3294.0,3338.0,3162.0,3332.0,3140.0,3251.0,3355.0,3323.0,189.182297414,0.019250568000000003
1493.0,2047.0,2259.0,2131.0,2160.0,2170.0,2163.0,2141.0,2145.0,2147.0,2142.0,2110.0,2053.0,2047.0,2052.0,2054.0,2076.0,2067.0,2073.0,2070.0,2069.0,2040.0,2073.0,2090.0,2068.0,2940.0,3359.0,3366.0,3199.0,3348.0,3149.0,2943.0,3048.0,3023.0,3145.0,2636.0,3290.0,3336.0,3160.0,3329.0,3136.0,3251.0,3356.0,3322.0,189.202299826,0.019259748
1495.0,2046.0,2262.0,1949.0,1977.0,1983.0,1928.0,1871.0,1897.0,1948.0,1960.0,1921.0,1908.0,1933.0,1954.0,1965.0,1937.0,1947.0,1944.0,1975.0,1956.0,1933.0,1966.0,1971.0,1925.0,2947.0,3360.0,3366.0,3200.0,3350.0,3151.0,2944.0,3050.0,3020.0,3143.0,2630.0,3289.0,3337.0,3159.0,3328.0,3137.0,3251.0,3354.0,3322.0,189.222299738,0.019252616
1495.0,2045.0,2262.0,1985.0,1983.0,2021.0,2028.0,2054.0,2090.0,2090.0,2083.0,2095.0,2120.0,2096.0,2087.0,2049.0,2073.0,2119.0,2078.0,1997.0,1975.0,1973.0,1994.0,1978.0,2008.0,2951.0,3361.0,3366.0,3202.0,3349.0,3151.0,2944.0,3050.0,3020.0,3144.0,2627.0,3287.0,3333.0,3159.0,3327.0,3136.0,3249.0,3355.0,3322.0,189.242298204,0.019242839
1493.0,2043.0,2262.0,2120.0,2090.0,2090.0,2118.0,2171.0,2154.0,2153.0,2164.0,2141.0,2121.0,2088.0,2123.0,2081.0,2048.0,2057.0,2017.0,2003.0,2013.0,2021.0,2047.0,2069.0,2149.0,2944.0,3358.0,3367.0,3200.0,3348.0,3149.0,2943.0,3051.0,3023.0,3144.0,2636.0,3289.0,3336.0,3160.0,3328.0,3138.0,3253.0,3355.0,3322.0,189.262299074,0.019962257
1491.0,2046.0,2260.0,2089.0,2085.0,2122.0,2124.0,2075.0,2072.0,2061.0,2078.0,2042.0,2026.0,2048.0,2070.0,2064.0,2058.0,2057.0,2085.0,2069.0,2081.0,2113.0,2131.0,2175.0,2084.0,2943.0,3359.0,3365.0,3198.0,3346.0,3151.0,2944.0,3049.0,3022.0,3145.0,2637.0,3290.0,3335.0,3159.0,3330.0,3137.0,3250.0,3355.0,3321.0,189.282298924,0.019239972
1494.0,2044.0,2261.0,1972.0,1922.0,1946.0,1974.0,1981.0,1974.0,2007.0,1964.0,1929.0,1957.0,1989.0,2024.0,2004.0,2014.0,2043.0,2011.0,2032.0,2040.0,2036.0,2089.0,2063.0,2052.0,2945.0,3359.0,3364.0,3199.0,3348.0,3150.0,2945.0,3050.0,3022.0,3143.0,2639.0,3291.0,3336.0,3161.0,3329.0,3136.0,3252.0,3354.0,3321.0,189.302299831,0.019957011
1491.0,2047.0,2262.0,2118.0,2151.0,2125.0,2077.0,2114.0,2096.0,2114.0,2067.0,2018.0,2072.0,2042.0,2058.0,2057.0,2060.0,2002.0,2020.0,2049.0,2070.0,2077.0,2096.0,2118.0,2155.0,2943.0,3358.0,3365.0,3198.0,3347.0,3148.0,2945.0,3050.0,3024.0,3146.0,2642.0,3292.0,3337.0,3161.0,3330.0,3138.0,3251.0,3353.0,3321.0,189.322300403,0.019255446000000002
1492.0,2050.0,2260.0,2179.0,2184.0,2167.0,2143.0,2186.0,2151.0,2119.0,2162.0,2174.0,2138.0,2155.0,2155.0,2125.0,2129.0,2143.0,2096.0,2113.0,2122.0,2079.0,2081.0,2045.0,2036.0,2937.0,3357.0,3363.0,3195.0,3348.0,3148.0,2945.0,3050.0,3025.0,3145.0,2650.0,3293.0,3338.0,3163.0,3330.0,3139.0,3251.0,3354.0,3321.0,189.34230088,0.019253217
1495.0,2051.0,2261.0,2014.0,2005.0,2002.0,1979.0,1947.0,1919.0,1918.0,1887.0,1922.0,1966.0,1938.0,1956.0,2015.0,2025.0,2035.0,2022.0,2054.0,2072.0,2105.0,2079.0,2064.0,2050.0,2933.0,3355.0,3362.0,3193.0,3344.0,3144.0,2944.0,3048.0,3025.0,3144.0,2658.0,3295.0,3338.0,3164.0,3329.0,3142.0,3252.0,3354.0,3320.0,189.362300862,0.019234957
1492.0,2049.0,2262.0,2040.0,2089.0,2090.0,2098.0,2086.0,2080.0,2097.0,2098.0,2028.0,1970.0,2010.0,1982.0,2003.0,2005.0,2010.0,1998.0,2025.0,2018.0,2025.0,2037.0,2069.0,2081.0,2933.0,3356.0,3363.0,3193.0,3346.0,3145.0,2945.0,3047.0,3027.0,3144.0,2663.0,3299.0,3339.0,3167.0,3331.0,3143.0,3253.0,3353.0,3321.0,189.382303276,0.019215180000000002
1492.0,2052.0,2261.0,2139.0,2139.0,2156.0,2186.0,2163.0,2111.0,2114.0,2112.0,2109.0,2113.0,2136.0,2132.0,2173.0,2189.0,2215.0,2224.0,2149.0,2144.0,2121.0,2147.0,2159.0,2140.0,2928.0,3354.0,3361.0,3192.0,3344.0,3143.0,2946.0,3047.0,3027.0,3147.0,2669.0,3299.0,3341.0,3168.0,3332.0,3143.0,3253.0,3353.0,3321.0,189.402303192,0.019231738
1492.0,2053.0,2259.0,2122.0,2105.0,2077.0,2074.0,2066.0,2042.0,2034.0,2032.0,2067.0,2075.0,2095.0,2099.0,2083.0,2070.0,2064.0,2085.0,2113.0,2088.0,2097.0,2112.0,2067.0,2025.0,2925.0,3353.0,3360.0,3191.0,3344.0,3142.0,2945.0,3048.0,3029.0,3146.0,2673.0,3299.0,3341.0,3172.0,3331.0,3144.0,3253.0,3352.0,3321.0,189.422302102,0.019250200000000002
1494.0,2052.0,2261.0,2110.0,2064.0,2089.0,2089.0,2036.0,2043.0,2031.0,2035.0,1958.0,1951.0,1942.0,1916.0,1928.0,1946.0,1945.0,1975.0,1984.0,1996.0,2037.0,2044.0,2063.0,2071.0,2923.0,3354.0,3361.0,3190.0,3345.0,3143.0,2946.0,3048.0,3029.0,3146.0,2673.0,3302.0,3341.0,3170.0,3332.0,3144.0,3253.0,3355.0,3323.0,189.442304147,0.019247467
1491.0,2054.0,2259.0,2082.0,2073.0,2049.0,2038.0,2055.0,2095.0,2078.0,2095.0,2082.0,2125.0,2103.0,2091.0,2113.0,2102.0,2086.0,2085.0,2108.0,2124.0,2108.0,2122.0,2110.0,2112.0,2923.0,3352.0,3359.0,3189.0,3344.0,3143.0,2945.0,3048.0,3030.0,3144.0,2672.0,3299.0,3341.0,3172.0,3332.0,3145.0,3253.0,3352.0,3319.0,189.462300824,0.019237929
1493.0,2055.0,2260.0,2012.0,2036.0,2047.0,2060.0,2078.0,2033.0,2038.0,2060.0,2066.0,2042.0,2048.0,2060.0,2076.0,2080.0,2094.0,2101.0,2087.0,2073.0,2082.0,2117.0,2137.0,2170.0,2928.0,3355.0,3362.0,3191.0,3346.0,3144.0,2947.0,3050.0,3030.0,3147.0,2667.0,3299.0,3342.0,3171.0,3332.0,3143.0,3252.0,3354.0,3321.0,189.482303888,0.019246422000000003
1493.0,2055.0,2256.0,2209.0,2209.0,2220.0,2193.0,2179.0,2147.0,2162.0,2195.0,2133.0,2138.0,2158.0,2155.0,2204.0,2221.0,2193.0,2174.0,2193.0,2227.0,2210.0,2227.0,2231.0,2224.0,2929.0,3355.0,3360.0,3190.0,3345.0,3143.0,2948.0,3051.0,3030.0,3147.0,2662.0,3298.0,3339.0,3165.0,3331.0,3140.0,3253.0,3354.0,3322.0,189.502325801,0.019260142
1492.0,2052.0,2254.0,2258.0,2267.0,2252.0,2260.0,2252.0,2249.0,2253.0,2238.0,2214.0,2208.0,2237.0,2184.0,2159.0,2154.0,2171.0,2140.0,2135.0,2143.0,2153.0,2127.0,2160.0,2172.0,2927.0,3353.0,3361.0,3190.0,3344.0,3143.0,2947.0,3050.0,3031.0,3147.0,2658.0,3297.0,3340.0,3168.0,3330.0,3142.0,3253.0,3354.0,3322.0,189.522303958,0.019229174
1491.0,2055.0,2256.0,2039.0,2029.0,2029.0,2039.0,2027.0,2043.0,2028.0,1997.0,2009.0,1998.0,1980.0,1992.0,1967.0,1956.0,1967.0,1969.0,1982.0,1974.0,1986.0,2016.0,1999.0,2023.0,2923.0,3355.0,3361.0,3189.0,3343.0,3142.0,2947.0,3051.0,3032.0,3148.0,2665.0,3299.0,3339.0,3168.0,3331.0,3144.0,3254.0,3353.0,3320.0,189.542304648,0.019240026
1491.0,2055.0,2257.0,2004.0,2019.0,2010.0,2035.0,2034.0,2018.0,2016.0,2062.0,2073.0,2066.0,2036.0,2039.0,2013.0,2061.0,2050.0,2043.0,2065.0,2046.0,2020.0,2032.0,2043.0,2031.0,2921.0,3354.0,3361.0,3189.0,3343.0,3141.0,2946.0,3051.0,3031.0,3147.0,2666.0,3298.0,3339.0,3168.0,3328.0,3142.0,3253.0,3353.0,3319.0,189.562302234,0.019239056
1491.0,2053.0,2257.0,2071.0,2061.0,2072.0,2074.0,2088.0,2075.0,2062.0,2053.0,2032.0,2040.0,2031.0,2003.0,2016.0,2039.0,2037.0,2038.0,2057.0,2059.0,2061.0,2085.0,2084.0,2084.0,2923.0,3355.0,3361.0,3191.0,3344.0,3142.0,2948.0,3051.0,3031.0,3149.0,2669.0,3299.0,3340.0,3169.0,3332.0,3144.0,3252.0,3352.0,3320.0,189.582304649,0.019255333
1491.0,2054.0,2256.0,2053.0,2073.0,2079.0,2089.0,2062.0,2059.0,2066.0,2047.0,2077.0,2084.0,2097.0,2076.0,2066.0,2052.0,2060.0,2054.0,2045.0,2052.0,2050.0,2034.0,2042.0,2043.0,2920.0,3352.0,3358.0,3189.0,3343.0,3139.0,2946.0,3049.0,3033.0,3148.0,2674.0,3300.0,3341.0,3174.0,3332.0,3144.0,3252.0,3352.0,3321.0,189.602301655,0.019237215000000002
1494.0,2055.0,2259.0,2021.0,2015.0,2023.0,2021.0,2018.0,2044.0,2054.0,2039.0,2019.0,1998.0,1985.0,1981.0,1986.0,1969.0,1952.0,1930.0,1909.0,1917.0,1926.0,1916.0,1916.0,1911.0,2917.0,3353.0,3359.0,3187.0,3342.0,3140.0,2948.0,3050.0,3035.0,3147.0,2679.0,3302.0,3341.0,3175.0,3332.0,3148.0,3252.0,3352.0,3321.0,189.622304477,0.019977181
1492.0,2054.0,2259.0,2044.0,2072.0,2101.0,2076.0,2073.0,2069.0,2067.0,2090.0,2060.0,2064.0,2045.0,2052.0,2055.0,2064.0,2042.0,2025.0,2009.0,2017.0,2041.0,2035.0,2086.0,2097.0,2917.0,3353.0,3359.0,3185.0,3341.0,3138.0,2948.0,3049.0,3033.0,3149.0,2681.0,3304.0,3342.0,3176.0,3333.0,3147.0,3252.0,3354.0,3320.0,189.642304297,0.019243198
1491.0,2054.0,2256.0,2150.0,2150.0,2174.0,2162.0,2170.0,2153.0,2148.0,2145.0,2157.0,2162.0,2143.0,2153.0,2110.0,2115.0,2103.0,2105.0,2110.0,2109.0,2098.0,2086.0,2103.0,2085.0,2919.0,3352.0,3358.0,3187.0,3342.0,3139.0,2949.0,3051.0,3033.0,3148.0,2675.0,3302.0,3342.0,3175.0,3333.0,3146.0,3253.0,3352.0,3320.0,189.662302939,0.019948554
1493.0,2054.0,2257.0,2109.0,2101.0,2139.0,2132.0,2126.0,2119.0,2083.0,2082.0,2068.0,2092.0,2087.0,2063.0,2039.0,2041.0,2054.0,2061.0,2070.0,2068.0,2020.0,2015.0,2033.0,2011.0,2918.0,3351.0,3359.0,3186.0,3342.0,3140.0,2949.0,3051.0,3032.0,3147.0,2680.0,3302.0,3341.0,3174.0,3332.0,3147.0,3250.0,3352.0,3320.0,189.682305092,0.019243780000000002
1491.0,2056.0,2258.0,1878.0,1884.0,1933.0,1931.0,1948.0,1943.0,1923.0,1939.0,1945.0,1930.0,1940.0,1958.0,1943.0,1956.0,1962.0,1985.0,1985.0,1989.0,1984.0,2000.0,1938.0,1944.0,2918.0,3350.0,3358.0,3187.0,3341.0,3140.0,2948.0,3049.0,3033.0,3145.0,2683.0,3301.0,3341.0,3173.0,3333.0,3147.0,3250.0,3351.0,3321.0,189.702302995,0.019248212
1491.0,2056.0,2264.0,1799.0,1826.0,1829.0,1802.0,1828.0,1829.0,1849.0,1864.0,1844.0,1877.0,1893.0,1864.0,1813.0,1813.0,1803.0,1820.0,1764.0,1744.0,1729.0,1741.0,1727.0,1722.0,2921.0,3352.0,3357.0,3188.0,3342.0,3140.0,2948.0,3047.0,3033.0,3147.0,2685.0,3300.0,3341.0,3174.0,3332.0,3146.0,3250.0,3353.0,3321.0,189.722305656,0.019976980000000002
