position 1_tdc_data,position 1_tac_data,position 1_pdc_data,position 1_pac_data_0,position 1_pac_data_1,position 1_pac_data_2,position 1_pac_data_3,position 1_pac_data_4,position 1_pac_data_5,position 1_pac_data_6,position 1_pac_data_7,position 1_pac_data_8,position 1_pac_data_9,position 1_pac_data_10,position 1_pac_data_11,position 1_pac_data_12,position 1_pac_data_13,position 1_pac_data_14,position 1_pac_data_15,position 1_pac_data_16,position 1_pac_data_17,position 1_pac_data_18,position 1_pac_data_19,position 1_pac_data_20,position 1_pac_data_21,position 1_elec_data_0,position 1_elec_data_1,position 1_elec_data_2,position 1_elec_data_3,position 1_elec_data_4,position 1_elec_data_5,position 1_elec_data_6,position 1_elec_data_7,position 1_elec_data_8,position 1_elec_data_9,position 1_elec_data_10,position 1_elec_data_11,position 1_elec_data_12,position 1_elec_data_13,position 1_elec_data_14,position 1_elec_data_15,position 1_elec_data_16,position 1_elec_data_17,position 1_elec_data_18,header_from_controller_start,frame_collection_from_header
1500.0,2146.0,2193.0,2233.0,2149.0,2192.0,2243.0,2184.0,2115.0,2162.0,2132.0,2072.0,2080.0,2124.0,2120.0,2115.0,2066.0,2092.0,2124.0,2096.0,2081.0,2080.0,2075.0,2062.0,1998.0,2876.0,3350.0,3356.0,3175.0,3336.0,3135.0,2945.0,3054.0,3041.0,3155.0,2626.0,3303.0,3342.0,3159.0,3327.0,3135.0,3263.0,3351.0,3316.0,172.182090977,0.019248090000000002
1499.0,2143.0,2200.0,1878.0,1856.0,1866.0,1827.0,1862.0,1780.0,1773.0,1808.0,1808.0,1769.0,1767.0,1743.0,1726.0,1749.0,1784.0,1792.0,1742.0,1716.0,1723.0,1679.0,1652.0,1705.0,2880.0,3351.0,3356.0,3175.0,3337.0,3133.0,2943.0,3051.0,3039.0,3153.0,2628.0,3303.0,3340.0,3158.0,3327.0,3136.0,3264.0,3351.0,3317.0,172.202101659,0.019965793000000003
1501.0,2136.0,2208.0,1653.0,1687.0,1709.0,1683.0,1679.0,1691.0,1672.0,1703.0,1721.0,1712.0,1669.0,1601.0,1614.0,1616.0,1647.0,1716.0,1656.0,1613.0,1652.0,1693.0,1724.0,1722.0,2886.0,3353.0,3358.0,3181.0,3339.0,3136.0,2944.0,3052.0,3041.0,3154.0,2637.0,3305.0,3341.0,3161.0,3328.0,3135.0,3262.0,3353.0,3317.0,172.222845817,0.019982801
1499.0,2131.0,2213.0,1775.0,1789.0,1668.0,1675.0,1720.0,1743.0,1725.0,1715.0,1770.0,1758.0,1692.0,1807.0,1748.0,1735.0,1726.0,1704.0,1734.0,1736.0,1816.0,1828.0,1782.0,1803.0,2887.0,3350.0,3357.0,3178.0,3338.0,3135.0,2944.0,3050.0,3042.0,3156.0,2651.0,3307.0,3342.0,3164.0,3329.0,3139.0,3263.0,3354.0,3319.0,172.242093596,0.0189969
1498.0,2128.0,2221.0,1709.0,1709.0,1737.0,1793.0,1809.0,1824.0,1882.0,1893.0,1738.0,1665.0,1697.0,1810.0,1733.0,1782.0,1762.0,1734.0,1765.0,1716.0,1688.0,1679.0,1618.0,1652.0,2886.0,3351.0,3356.0,3178.0,3339.0,3135.0,2946.0,3053.0,3043.0,3154.0,2665.0,3309.0,3344.0,3166.0,3330.0,3140.0,3262.0,3354.0,3319.0,172.262850459,0.020007973000000002
1500.0,2124.0,2226.0,1669.0,1703.0,1672.0,1723.0,1702.0,1706.0,1675.0,1677.0,1589.0,1642.0,1632.0,1627.0,1655.0,1666.0,1740.0,1666.0,1727.0,1716.0,1769.0,1689.0,1663.0,1723.0,2886.0,3347.0,3354.0,3174.0,3338.0,3133.0,2945.0,3049.0,3042.0,3154.0,2678.0,3309.0,3344.0,3169.0,3332.0,3140.0,3260.0,3352.0,3319.0,172.282092479,0.018970877
1499.0,2119.0,2228.0,1811.0,1789.0,1775.0,1835.0,1806.0,1813.0,1809.0,1844.0,1846.0,1958.0,1887.0,1960.0,2011.0,1952.0,1953.0,1922.0,1849.0,1771.0,1828.0,1909.0,2015.0,1928.0,2888.0,3348.0,3357.0,3177.0,3340.0,3134.0,2946.0,3049.0,3041.0,3153.0,2678.0,3308.0,3345.0,3168.0,3330.0,3140.0,3261.0,3354.0,3321.0,172.302094363,0.019959479000000002
1500.0,2116.0,2228.0,1982.0,2049.0,2097.0,2042.0,2071.0,2061.0,2053.0,2076.0,1971.0,2017.0,2024.0,2022.0,2073.0,2133.0,2095.0,2090.0,2150.0,2146.0,1969.0,2011.0,2018.0,1974.0,2891.0,3349.0,3356.0,3178.0,3340.0,3135.0,2948.0,3050.0,3042.0,3153.0,2680.0,3311.0,3346.0,3170.0,3330.0,3141.0,3262.0,3355.0,3319.0,172.322095458,0.019249351
1500.0,2113.0,2223.0,2151.0,2208.0,2234.0,2220.0,2265.0,2223.0,2196.0,2197.0,2246.0,2170.0,2168.0,2212.0,2195.0,2161.0,2236.0,2166.0,2133.0,2199.0,2229.0,2247.0,2246.0,2221.0,2885.0,3349.0,3355.0,3175.0,3340.0,3133.0,2947.0,3048.0,3041.0,3153.0,2676.0,3309.0,3346.0,3170.0,3332.0,3142.0,3261.0,3353.0,3319.0,172.342094481,0.019244847000000002
1500.0,2111.0,2222.0,2200.0,2204.0,2197.0,2198.0,2103.0,2123.0,2165.0,2139.0,2130.0,2200.0,2209.0,2202.0,2182.0,2142.0,2127.0,2132.0,2167.0,2174.0,2140.0,2115.0,2126.0,2095.0,2889.0,3349.0,3355.0,3177.0,3341.0,3135.0,2946.0,3051.0,3040.0,3153.0,2670.0,3310.0,3346.0,3169.0,3331.0,3142.0,3262.0,3355.0,3318.0,172.362094774,0.019248988
1498.0,2109.0,2220.0,2154.0,2148.0,2156.0,2086.0,2074.0,2146.0,2132.0,2194.0,2234.0,2302.0,2278.0,2204.0,2162.0,2188.0,2139.0,2140.0,2147.0,2126.0,2129.0,2130.0,2149.0,2218.0,2893.0,3352.0,3358.0,3179.0,3340.0,3137.0,2945.0,3052.0,3039.0,3154.0,2654.0,3305.0,3340.0,3164.0,3329.0,3137.0,3263.0,3356.0,3317.0,172.382093715,0.019251539
1500.0,2105.0,2217.0,2145.0,2146.0,2118.0,2112.0,2174.0,2244.0,2210.0,2271.0,2274.0,2289.0,2291.0,2257.0,2281.0,2227.0,2184.0,2172.0,2150.0,2178.0,2205.0,2187.0,2240.0,2295.0,2900.0,3353.0,3359.0,3184.0,3342.0,3139.0,2945.0,3052.0,3038.0,3154.0,2636.0,3302.0,3339.0,3161.0,3328.0,3134.0,3261.0,3352.0,3318.0,172.402096847,0.019963505000000003
1500.0,2100.0,2213.0,2194.0,2188.0,2174.0,2233.0,2231.0,2219.0,2242.0,2255.0,2246.0,2180.0,2235.0,2282.0,2220.0,2200.0,2213.0,2239.0,2217.0,2284.0,2286.0,2285.0,2259.0,2280.0,2904.0,3355.0,3361.0,3185.0,3340.0,3140.0,2945.0,3054.0,3037.0,3153.0,2623.0,3298.0,3335.0,3158.0,3325.0,3133.0,3261.0,3354.0,3316.0,172.422093529,0.019238761
1499.0,2096.0,2211.0,2222.0,2224.0,2198.0,2196.0,2219.0,2180.0,2186.0,2181.0,2230.0,2258.0,2235.0,2202.0,2231.0,2222.0,2226.0,2174.0,2181.0,2170.0,2139.0,2135.0,2155.0,2156.0,2906.0,3357.0,3361.0,3186.0,3343.0,3140.0,2944.0,3054.0,3037.0,3154.0,2616.0,3298.0,3336.0,3156.0,3325.0,3132.0,3263.0,3352.0,3317.0,172.442853504,0.020721444000000002
1500.0,2095.0,2209.0,2086.0,2213.0,2191.0,2148.0,2178.0,2096.0,2095.0,2038.0,2028.0,2047.0,2030.0,2053.0,2067.0,2026.0,2079.0,2113.0,2094.0,2118.0,2160.0,2218.0,2168.0,2123.0,2904.0,3356.0,3360.0,3187.0,3343.0,3139.0,2942.0,3054.0,3037.0,3153.0,2614.0,3297.0,3336.0,3153.0,3324.0,3132.0,3262.0,3353.0,3317.0,172.462100982,0.019039026
1498.0,2091.0,2211.0,2013.0,1994.0,2018.0,2029.0,2082.0,2068.0,2115.0,2104.0,2106.0,2101.0,2105.0,2050.0,2069.0,2042.0,2019.0,2054.0,1992.0,2017.0,2039.0,2002.0,2015.0,1981.0,2906.0,3358.0,3360.0,3187.0,3342.0,3140.0,2943.0,3054.0,3035.0,3153.0,2608.0,3296.0,3336.0,3153.0,3322.0,3131.0,3262.0,3353.0,3317.0,172.48209587,0.019957402000000003
1499.0,2087.0,2213.0,2049.0,2013.0,1971.0,1986.0,1971.0,1988.0,1986.0,1998.0,1976.0,1981.0,2008.0,2035.0,1970.0,1976.0,1970.0,1986.0,1984.0,1909.0,1947.0,1951.0,1959.0,1918.0,2911.0,3357.0,3364.0,3191.0,3343.0,3141.0,2943.0,3055.0,3036.0,3153.0,2602.0,3295.0,3334.0,3149.0,3323.0,3128.0,3262.0,3353.0,3316.0,172.50210102,0.019256956000000002
1500.0,2087.0,2214.0,1926.0,1934.0,1981.0,2007.0,1965.0,1972.0,2002.0,1989.0,1998.0,2019.0,1992.0,1972.0,2023.0,1989.0,1998.0,1985.0,1980.0,1972.0,1976.0,2055.0,2017.0,1992.0,2914.0,3358.0,3363.0,3190.0,3344.0,3142.0,2943.0,3055.0,3035.0,3155.0,2604.0,3296.0,3335.0,3151.0,3325.0,3130.0,3261.0,3352.0,3317.0,172.522097358,0.019965211
1500.0,2082.0,2214.0,2052.0,2064.0,2072.0,2068.0,2040.0,2043.0,2074.0,2109.0,2078.0,2097.0,2114.0,2064.0,2095.0,2070.0,2035.0,2060.0,2041.0,2007.0,2032.0,2052.0,2044.0,2068.0,2911.0,3359.0,3363.0,3189.0,3345.0,3142.0,2945.0,3055.0,3036.0,3154.0,2608.0,3295.0,3335.0,3152.0,3325.0,3129.0,3262.0,3353.0,3316.0,172.542096038,0.019244838
1501.0,2081.0,2216.0,2025.0,2051.0,2023.0,2062.0,2053.0,2013.0,2003.0,1979.0,1969.0,1926.0,1943.0,1907.0,1881.0,1901.0,1880.0,1861.0,1899.0,1898.0,1872.0,1894.0,1915.0,1911.0,2907.0,3358.0,3362.0,3186.0,3342.0,3141.0,2943.0,3054.0,3037.0,3153.0,2615.0,3296.0,3334.0,3155.0,3326.0,3133.0,3261.0,3353.0,3316.0,172.562096835,0.019961218000000003
1500.0,2078.0,2223.0,1828.0,1780.0,1797.0,1795.0,1769.0,1792.0,1843.0,1786.0,1740.0,1747.0,1771.0,1736.0,1814.0,1782.0,1695.0,1755.0,1686.0,1686.0,1699.0,1695.0,1697.0,1708.0,2911.0,3358.0,3362.0,3189.0,3345.0,3142.0,2944.0,3055.0,3036.0,3154.0,2623.0,3297.0,3336.0,3154.0,3325.0,3132.0,3260.0,3354.0,3318.0,172.582099237,0.019245792
1501.0,2076.0,2227.0,1747.0,1694.0,1719.0,1770.0,1773.0,1785.0,1808.0,1818.0,1775.0,1782.0,1791.0,1805.0,1792.0,1835.0,1769.0,1819.0,1776.0,1796.0,1833.0,1837.0,1780.0,1779.0,2916.0,3358.0,3361.0,3191.0,3346.0,3144.0,2943.0,3054.0,3035.0,3153.0,2622.0,3298.0,3335.0,3156.0,3324.0,3130.0,3261.0,3355.0,3319.0,172.602094923,0.019240005
1499.0,2072.0,2230.0,1867.0,1902.0,1915.0,1830.0,1903.0,1900.0,1878.0,1865.0,1898.0,1830.0,1811.0,1855.0,1825.0,1828.0,1891.0,1865.0,1895.0,1948.0,1961.0,1941.0,1986.0,1998.0,2924.0,3359.0,3365.0,3193.0,3346.0,3143.0,2943.0,3053.0,3034.0,3152.0,2616.0,3294.0,3335.0,3152.0,3325.0,3131.0,3258.0,3354.0,3320.0,172.622849568,0.020722428
1498.0,2069.0,2231.0,1948.0,1956.0,1955.0,1986.0,2017.0,2019.0,2048.0,2079.0,2097.0,2091.0,2085.0,2107.0,2060.0,2059.0,2058.0,2019.0,1997.0,2025.0,1938.0,1943.0,1968.0,1970.0,2930.0,3360.0,3366.0,3197.0,3346.0,3147.0,2945.0,3054.0,3032.0,3153.0,2606.0,3291.0,3334.0,3151.0,3324.0,3131.0,3260.0,3354.0,3317.0,172.642095859,0.01901997
1500.0,2068.0,2229.0,2077.0,2057.0,2048.0,2023.0,2020.0,1993.0,1973.0,1981.0,2022.0,2028.0,2014.0,2007.0,2053.0,2068.0,2074.0,2074.0,2119.0,2097.0,2093.0,2149.0,2170.0,2149.0,2934.0,3362.0,3366.0,3199.0,3347.0,3148.0,2944.0,3055.0,3031.0,3152.0,2601.0,3291.0,3332.0,3148.0,3323.0,3127.0,3258.0,3354.0,3320.0,172.662842162,0.020710383000000002
1500.0,2068.0,2229.0,2115.0,2119.0,2118.0,2146.0,2146.0,2118.0,2118.0,2087.0,2078.0,2084.0,2117.0,2073.0,2089.0,2092.0,2075.0,2119.0,2091.0,2098.0,2108.0,2104.0,2094.0,2123.0,2935.0,3364.0,3369.0,3199.0,3348.0,3148.0,2945.0,3056.0,3032.0,3152.0,2598.0,3290.0,3332.0,3148.0,3323.0,3127.0,3258.0,3354.0,3319.0,172.682101363,0.019005662
1498.0,2064.0,2227.0,2059.0,2084.0,2142.0,2132.0,2170.0,2184.0,2204.0,2172.0,2195.0,2203.0,2230.0,2244.0,2211.0,2208.0,2179.0,2139.0,2211.0,2173.0,2124.0,2141.0,2140.0,2170.0,2931.0,3360.0,3365.0,3197.0,3345.0,3147.0,2944.0,3053.0,3031.0,3151.0,2604.0,3290.0,3331.0,3148.0,3323.0,3129.0,3259.0,3353.0,3317.0,172.702846191,0.019982383000000003
1498.0,2061.0,2225.0,2187.0,2136.0,2159.0,2196.0,2184.0,2136.0,2131.0,2179.0,2190.0,2211.0,2219.0,2179.0,2183.0,2194.0,2188.0,2195.0,2157.0,2023.0,2047.0,2031.0,2044.0,2073.0,2926.0,3359.0,3365.0,3193.0,3346.0,3145.0,2945.0,3056.0,3034.0,3152.0,2611.0,3293.0,3333.0,3152.0,3326.0,3128.0,3261.0,3353.0,3318.0,172.722097436,0.018995697000000002
1500.0,2059.0,2226.0,1985.0,2003.0,1973.0,1986.0,2025.0,2020.0,2049.0,2048.0,2081.0,2073.0,2106.0,2133.0,2103.0,2053.0,2071.0,2010.0,1952.0,1952.0,1972.0,1987.0,1933.0,1964.0,2919.0,3358.0,3363.0,3191.0,3345.0,3143.0,2943.0,3052.0,3034.0,3153.0,2620.0,3295.0,3337.0,3153.0,3324.0,3131.0,3258.0,3354.0,3317.0,172.742097992,0.019961426
1500.0,2060.0,2226.0,2026.0,2021.0,2025.0,2028.0,2096.0,2124.0,2119.0,2099.0,2058.0,2010.0,2032.0,2045.0,2024.0,2036.0,2037.0,2024.0,2110.0,2077.0,2034.0,2121.0,2189.0,2194.0,2922.0,3359.0,3364.0,3193.0,3346.0,3145.0,2945.0,3055.0,3035.0,3154.0,2620.0,3295.0,3335.0,3153.0,3325.0,3132.0,3259.0,3354.0,3320.0,172.762100105,0.019963532000000003
1499.0,2057.0,2224.0,2187.0,2172.0,2212.0,2207.0,2181.0,2255.0,2256.0,2177.0,2188.0,2163.0,2177.0,2163.0,2176.0,2194.0,2221.0,2205.0,2176.0,2248.0,2148.0,2138.0,2209.0,2218.0,2915.0,3358.0,3363.0,3191.0,3345.0,3144.0,2943.0,3054.0,3035.0,3154.0,2627.0,3298.0,3338.0,3155.0,3326.0,3134.0,3260.0,3353.0,3319.0,172.78210106,0.019238883000000002
1498.0,2053.0,2221.0,2217.0,2201.0,2211.0,2257.0,2256.0,2233.0,2235.0,2197.0,2100.0,2095.0,2105.0,2057.0,2077.0,2097.0,2072.0,2056.0,2081.0,2084.0,2085.0,2140.0,2171.0,2145.0,2908.0,3355.0,3360.0,3186.0,3343.0,3141.0,2945.0,3053.0,3038.0,3154.0,2635.0,3300.0,3337.0,3159.0,3327.0,3136.0,3259.0,3354.0,3318.0,172.802100386,0.019234956
1500.0,2054.0,2222.0,2077.0,2098.0,2077.0,2103.0,2115.0,2133.0,2103.0,2140.0,2107.0,2086.0,2058.0,2033.0,2058.0,2031.0,2019.0,2035.0,2035.0,2053.0,2070.0,2062.0,2103.0,2106.0,2901.0,3353.0,3357.0,3184.0,3342.0,3139.0,2945.0,3052.0,3037.0,3153.0,2644.0,3302.0,3339.0,3162.0,3328.0,3137.0,3261.0,3353.0,3318.0,172.822098186,0.019246427
1498.0,2053.0,2223.0,2014.0,2011.0,2008.0,2034.0,2000.0,2036.0,2011.0,2068.0,2050.0,2034.0,2029.0,1995.0,1957.0,1995.0,1966.0,1931.0,1930.0,1899.0,1894.0,1943.0,1946.0,1947.0,2899.0,3353.0,3360.0,3185.0,3343.0,3138.0,2945.0,3052.0,3039.0,3154.0,2649.0,3304.0,3343.0,3162.0,3329.0,3137.0,3262.0,3355.0,3318.0,172.842098837,0.019961418
1501.0,2049.0,2225.0,1945.0,1967.0,2005.0,2021.0,2013.0,2006.0,2013.0,2042.0,2035.0,2044.0,2041.0,2029.0,2003.0,2014.0,2001.0,2021.0,2051.0,2020.0,1958.0,2025.0,2041.0,2030.0,2898.0,3351.0,3358.0,3182.0,3341.0,3138.0,2945.0,3050.0,3039.0,3152.0,2652.0,3304.0,3341.0,3163.0,3328.0,3136.0,3260.0,3353.0,3320.0,172.862101326,0.019962532
1499.0,2048.0,2223.0,2071.0,2054.0,2046.0,2077.0,2024.0,2033.0,2062.0,2062.0,2065.0,2056.0,2036.0,2051.0,2031.0,2063.0,2069.0,2010.0,2012.0,2061.0,2092.0,2095.0,2084.0,2068.0,2901.0,3354.0,3360.0,3186.0,3343.0,3137.0,2945.0,3051.0,3038.0,3154.0,2650.0,3302.0,3340.0,3162.0,3327.0,3137.0,3262.0,3354.0,3319.0,172.882099181,0.019246311000000002
1500.0,2043.0,2223.0,2141.0,2123.0,2106.0,2126.0,2116.0,2096.0,2108.0,2104.0,2101.0,2131.0,2133.0,2107.0,2099.0,2132.0,2107.0,2081.0,2046.0,2049.0,2012.0,2017.0,2016.0,2023.0,2901.0,3353.0,3359.0,3183.0,3341.0,3138.0,2945.0,3052.0,3039.0,3154.0,2649.0,3303.0,3340.0,3162.0,3328.0,3136.0,3261.0,3354.0,3319.0,172.902101437,0.019954832000000002
1498.0,2042.0,2225.0,1959.0,1994.0,2008.0,1941.0,1951.0,1986.0,1951.0,1979.0,1998.0,1921.0,1946.0,1932.0,1951.0,2002.0,1979.0,1953.0,1960.0,2000.0,1984.0,1971.0,1926.0,1945.0,2899.0,3352.0,3358.0,3181.0,3342.0,3139.0,2944.0,3050.0,3039.0,3153.0,2654.0,3303.0,3339.0,3162.0,3328.0,3136.0,3260.0,3355.0,3316.0,172.922099233,0.019244572
1500.0,2044.0,2228.0,1967.0,1973.0,1963.0,1975.0,1926.0,1927.0,1918.0,1953.0,1888.0,1862.0,1864.0,1839.0,1892.0,1968.0,1931.0,1872.0,1943.0,1926.0,1947.0,1936.0,1944.0,1986.0,2902.0,3353.0,3360.0,3185.0,3342.0,3141.0,2947.0,3051.0,3038.0,3152.0,2656.0,3303.0,3343.0,3163.0,3329.0,3138.0,3261.0,3355.0,3320.0,172.942100588,0.019965152
1498.0,2041.0,2232.0,1883.0,1867.0,1853.0,1936.0,1960.0,1912.0,1962.0,1991.0,2013.0,2044.0,2014.0,2024.0,1974.0,1943.0,1916.0,1845.0,1850.0,1806.0,1804.0,1815.0,1851.0,1760.0,2904.0,3352.0,3360.0,3183.0,3342.0,3138.0,2945.0,3050.0,3038.0,3153.0,2654.0,3302.0,3340.0,3162.0,3328.0,3136.0,3257.0,3353.0,3318.0,172.962103105,0.019962437
1498.0,2041.0,2235.0,1761.0,1793.0,1831.0,1850.0,1859.0,1779.0,1780.0,1846.0,1790.0,1839.0,1826.0,1858.0,1818.0,1731.0,1834.0,1782.0,1794.0,1820.0,1871.0,1865.0,1875.0,1912.0,2908.0,3355.0,3362.0,3189.0,3343.0,3141.0,2945.0,3051.0,3037.0,3152.0,2659.0,3302.0,3341.0,3163.0,3330.0,3137.0,3261.0,3355.0,3321.0,172.982102627,0.01924473
1501.0,2040.0,2236.0,1975.0,1909.0,1893.0,1867.0,1891.0,1913.0,1903.0,1880.0,1855.0,1956.0,1999.0,1822.0,1893.0,1902.0,2001.0,1958.0,2008.0,1938.0,1991.0,1993.0,1960.0,1969.0,2911.0,3353.0,3361.0,3188.0,3343.0,3140.0,2944.0,3050.0,3038.0,3151.0,2663.0,3303.0,3342.0,3164.0,3331.0,3137.0,3259.0,3355.0,3320.0,173.002099781,0.019242695
1500.0,2036.0,2236.0,2004.0,1995.0,2084.0,2070.0,2045.0,2113.0,2134.0,2123.0,2033.0,2094.0,2075.0,2053.0,2120.0,2102.0,1994.0,1982.0,2059.0,2037.0,2023.0,2074.0,2060.0,2074.0,2909.0,3352.0,3359.0,3187.0,3344.0,3140.0,2946.0,3050.0,3038.0,3151.0,2667.0,3304.0,3341.0,3164.0,3329.0,3138.0,3261.0,3355.0,3322.0,173.022100582,0.01996788
1500.0,2037.0,2236.0,2080.0,2036.0,2077.0,2063.0,2092.0,2108.0,2174.0,2155.0,2167.0,2199.0,2129.0,2182.0,2138.0,2103.0,2086.0,2121.0,2082.0,2074.0,2062.0,2043.0,2088.0,2088.0,2907.0,3350.0,3358.0,3186.0,3343.0,3140.0,2945.0,3050.0,3037.0,3150.0,2661.0,3301.0,3339.0,3161.0,3328.0,3134.0,3257.0,3353.0,3320.0,173.042100936,0.019961991000000002
1500.0,2034.0,2235.0,2120.0,2077.0,2131.0,2161.0,2106.0,2092.0,2140.0,2078.0,2116.0,2095.0,2142.0,2045.0,1988.0,2042.0,2038.0,1951.0,1999.0,2021.0,2053.0,2069.0,2082.0,2102.0,2909.0,3353.0,3360.0,3185.0,3344.0,3140.0,2946.0,3051.0,3036.0,3152.0,2660.0,3303.0,3340.0,3163.0,3329.0,3137.0,3259.0,3356.0,3319.0,173.06210382,0.019961932
1498.0,2031.0,2235.0,2002.0,2001.0,1938.0,1896.0,1955.0,1950.0,1961.0,2049.0,1983.0,2040.0,2022.0,2038.0,2056.0,2133.0,2114.0,2123.0,2050.0,2039.0,2074.0,2094.0,2090.0,2092.0,2912.0,3355.0,3362.0,3189.0,3345.0,3142.0,2945.0,3051.0,3036.0,3152.0,2659.0,3302.0,3342.0,3163.0,3328.0,3137.0,3260.0,3355.0,3321.0,173.082104082,0.019234208000000003
1499.0,2034.0,2233.0,2171.0,2122.0,2078.0,2125.0,2087.0,2105.0,2084.0,2105.0,2107.0,2102.0,2127.0,2170.0,2192.0,2188.0,2216.0,2235.0,2265.0,2243.0,2217.0,2234.0,2185.0,2149.0,2912.0,3354.0,3362.0,3188.0,3343.0,3143.0,2946.0,3051.0,3037.0,3153.0,2658.0,3303.0,3342.0,3163.0,3328.0,3137.0,3260.0,3356.0,3320.0,173.102101263,0.019957198000000002
1498.0,2032.0,2232.0,2149.0,2131.0,2196.0,2185.0,2211.0,2240.0,2242.0,2213.0,2265.0,2243.0,2189.0,2202.0,2187.0,2155.0,2128.0,2128.0,2025.0,2061.0,2067.0,2068.0,2078.0,2075.0,2907.0,3354.0,3360.0,3187.0,3343.0,3140.0,2944.0,3050.0,3039.0,3154.0,2659.0,3304.0,3342.0,3163.0,3329.0,3137.0,3259.0,3355.0,3320.0,173.122101434,0.019968278000000002
1498.0,2035.0,2237.0,2005.0,1951.0,1892.0,1963.0,1944.0,1898.0,1962.0,1933.0,1946.0,1942.0,1937.0,1946.0,1900.0,1831.0,1881.0,1876.0,1819.0,1834.0,1865.0,1863.0,1801.0,1846.0,2901.0,3351.0,3357.0,3182.0,3341.0,3137.0,2945.0,3047.0,3038.0,3151.0,2674.0,3305.0,3342.0,3167.0,3332.0,3138.0,3257.0,3355.0,3319.0,173.142102815,0.019963467000000002
1500.0,2033.0,2240.0,1740.0,1806.0,1794.0,1839.0,1815.0,1850.0,1798.0,1765.0,1741.0,1850.0,1801.0,1832.0,1852.0,1866.0,1917.0,1816.0,1881.0,1902.0,1847.0,1879.0,1884.0,1894.0,2905.0,3349.0,3356.0,3183.0,3341.0,3138.0,2950.0,3048.0,3037.0,3150.0,2679.0,3305.0,3341.0,3168.0,3331.0,3140.0,3257.0,3355.0,3320.0,173.162101616,0.019956989
1500.0,2031.0,2239.0,1986.0,2023.0,2075.0,2053.0,2084.0,2079.0,2007.0,1999.0,2047.0,2030.0,2023.0,2042.0,1998.0,2002.0,2050.0,2029.0,2032.0,2067.0,2116.0,2119.0,2104.0,2107.0,2915.0,3353.0,3360.0,3189.0,3345.0,3143.0,2948.0,3049.0,3036.0,3151.0,2666.0,3302.0,3339.0,3163.0,3329.0,3135.0,3258.0,3355.0,3321.0,173.182105341,0.019972786000000003
1500.0,2029.0,2236.0,2072.0,2137.0,2127.0,2101.0,2119.0,2156.0,2167.0,2210.0,2249.0,2266.0,2222.0,2239.0,2235.0,2227.0,2217.0,2213.0,2179.0,2152.0,2145.0,2123.0,2143.0,2119.0,2919.0,3355.0,3363.0,3190.0,3344.0,3141.0,2948.0,3051.0,3038.0,3153.0,2654.0,3299.0,3338.0,3161.0,3327.0,3135.0,3259.0,3354.0,3319.0,173.202102973,0.019244366000000002
1498.0,2030.0,2235.0,2139.0,2067.0,2097.0,2088.0,2111.0,2116.0,2080.0,2091.0,2107.0,2120.0,2106.0,2148.0,2132.0,2112.0,2149.0,2132.0,2070.0,2107.0,2085.0,2064.0,2064.0,2045.0,2918.0,3356.0,3364.0,3191.0,3345.0,3143.0,2948.0,3051.0,3036.0,3152.0,2648.0,3299.0,3340.0,3159.0,3327.0,3134.0,3258.0,3354.0,3321.0,173.222102974,0.019964095
1500.0,2028.0,2235.0,2069.0,2052.0,2039.0,2035.0,2047.0,2023.0,2006.0,2012.0,2001.0,2036.0,2029.0,2043.0,2018.0,2001.0,2001.0,2034.0,2047.0,2066.0,2073.0,2070.0,2081.0,2079.0,2919.0,3355.0,3361.0,3190.0,3345.0,3143.0,2947.0,3051.0,3034.0,3151.0,2647.0,3299.0,3337.0,3157.0,3326.0,3132.0,3259.0,3356.0,3318.0,173.242104372,0.019964592
1500.0,2026.0,2236.0,2084.0,2117.0,2097.0,2109.0,2112.0,2134.0,2150.0,2156.0,2162.0,2120.0,2093.0,2084.0,2066.0,2080.0,2052.0,2057.0,2050.0,2030.0,2037.0,2018.0,2002.0,2032.0,2919.0,3355.0,3362.0,3191.0,3346.0,3142.0,2946.0,3052.0,3037.0,3151.0,2647.0,3300.0,3338.0,3159.0,3327.0,3134.0,3259.0,3355.0,3319.0,173.262104339,0.019247558
1498.0,2026.0,2235.0,2007.0,2034.0,2023.0,2015.0,2010.0,2043.0,2055.0,2072.0,2063.0,2080.0,2090.0,2074.0,2058.0,2052.0,2088.0,2072.0,2072.0,2076.0,2053.0,2052.0,2056.0,2025.0,2922.0,3357.0,3365.0,3193.0,3344.0,3145.0,2947.0,3053.0,3036.0,3151.0,2644.0,3299.0,3340.0,3158.0,3328.0,3134.0,3259.0,3355.0,3321.0,173.282136405,0.019994361000000002
1498.0,2025.0,2239.0,1962.0,1903.0,1937.0,1963.0,1970.0,1972.0,1985.0,1995.0,1967.0,1957.0,1941.0,1967.0,1933.0,1928.0,1897.0,1869.0,1878.0,1865.0,1869.0,1901.0,1900.0,1890.0,2922.0,3358.0,3365.0,3193.0,3345.0,3145.0,2945.0,3052.0,3036.0,3151.0,2645.0,3297.0,3337.0,3159.0,3328.0,3136.0,3259.0,3354.0,3320.0,173.302106569,0.019228292
1500.0,2029.0,2240.0,1906.0,1940.0,1921.0,1892.0,1918.0,1932.0,1934.0,1956.0,1979.0,1936.0,1966.0,1963.0,2010.0,2057.0,2017.0,1949.0,1938.0,1964.0,1979.0,2008.0,1977.0,2000.0,2922.0,3355.0,3361.0,3190.0,3344.0,3142.0,2945.0,3050.0,3035.0,3151.0,2651.0,3300.0,3339.0,3161.0,3327.0,3134.0,3258.0,3354.0,3319.0,173.32210496,0.019960901
1498.0,2026.0,2237.0,2147.0,2176.0,2180.0,2187.0,2154.0,2160.0,2178.0,2198.0,2190.0,2192.0,2202.0,2196.0,2155.0,2143.0,2160.0,2139.0,2125.0,2118.0,2125.0,2105.0,2124.0,2168.0,2918.0,3355.0,3362.0,3188.0,3344.0,3142.0,2946.0,3052.0,3037.0,3152.0,2656.0,3301.0,3339.0,3162.0,3330.0,3136.0,3259.0,3355.0,3321.0,173.342105898,0.01996202
1500.0,2023.0,2236.0,2123.0,2128.0,2169.0,2151.0,2184.0,2187.0,2180.0,2165.0,2163.0,2142.0,2117.0,2156.0,2173.0,2134.0,2109.0,2135.0,2154.0,2145.0,2128.0,2112.0,2133.0,2136.0,2909.0,3352.0,3358.0,3186.0,3343.0,3140.0,2946.0,3052.0,3037.0,3150.0,2666.0,3305.0,3342.0,3166.0,3329.0,3140.0,3259.0,3354.0,3320.0,173.362873824,0.020008556
1500.0,2024.0,2236.0,2079.0,2066.0,2050.0,2059.0,2029.0,2025.0,2020.0,1994.0,1957.0,2009.0,1953.0,1964.0,1984.0,2000.0,1971.0,2002.0,1996.0,2004.0,2031.0,2058.0,2008.0,1997.0,2905.0,3352.0,3360.0,3185.0,3342.0,3139.0,2947.0,3049.0,3039.0,3152.0,2675.0,3307.0,3344.0,3168.0,3331.0,3140.0,3260.0,3357.0,3321.0,173.382136252,0.019022916
1498.0,2021.0,2238.0,1995.0,1999.0,2000.0,1979.0,1970.0,1979.0,1989.0,1993.0,1989.0,2011.0,2015.0,1987.0,1969.0,1978.0,2003.0,2012.0,2020.0,2008.0,2006.0,2003.0,1995.0,2004.0,2905.0,3353.0,3358.0,3185.0,3343.0,3141.0,2947.0,3047.0,3036.0,3151.0,2671.0,3306.0,3343.0,3167.0,3331.0,3141.0,3258.0,3355.0,3321.0,173.402105686,0.019213129000000002
1498.0,2022.0,2236.0,2108.0,2136.0,2133.0,2135.0,2133.0,2144.0,2106.0,2130.0,2137.0,2124.0,2138.0,2161.0,2175.0,2161.0,2168.0,2184.0,2184.0,2221.0,2187.0,2165.0,2171.0,2176.0,2911.0,3351.0,3358.0,3186.0,3343.0,3141.0,2946.0,3049.0,3038.0,3150.0,2664.0,3303.0,3341.0,3165.0,3331.0,3138.0,3258.0,3354.0,3320.0,173.42210583,0.01996353
1501.0,2022.0,2233.0,2213.0,2187.0,2161.0,2195.0,2170.0,2184.0,2179.0,2150.0,2167.0,2171.0,2157.0,2177.0,2180.0,2173.0,2168.0,2171.0,2163.0,2154.0,2174.0,2197.0,2175.0,2162.0,2909.0,3353.0,3360.0,3188.0,3342.0,3140.0,2946.0,3051.0,3038.0,3150.0,2662.0,3304.0,3341.0,3164.0,3328.0,3136.0,3258.0,3354.0,3319.0,173.442107319,0.019965636000000002
1501.0,2022.0,2234.0,2063.0,2050.0,2056.0,2034.0,2077.0,2063.0,2073.0,2087.0,2118.0,2089.0,2092.0,2102.0,2124.0,2129.0,2125.0,2115.0,2110.0,2082.0,2064.0,2069.0,2084.0,2066.0,2906.0,3351.0,3358.0,3184.0,3342.0,3140.0,2947.0,3049.0,3036.0,3150.0,2663.0,3304.0,3341.0,3165.0,3330.0,3138.0,3259.0,3355.0,3320.0,173.462109238,0.019223859000000003
1500.0,2022.0,2235.0,1997.0,1997.0,1985.0,1990.0,1973.0,1969.0,1969.0,1976.0,1974.0,1981.0,1978.0,1973.0,1988.0,1959.0,1973.0,1984.0,1995.0,2007.0,1998.0,2002.0,1994.0,2001.0,2907.0,3352.0,3362.0,3185.0,3342.0,3140.0,2947.0,3051.0,3037.0,3151.0,2666.0,3304.0,3343.0,3166.0,3329.0,3137.0,3259.0,3355.0,3319.0,173.482107587,0.019237466
1500.0,2022.0,2236.0,2012.0,1994.0,2012.0,2017.0,1999.0,1979.0,1973.0,2045.0,2055.0,1956.0,1950.0,1989.0,1982.0,2006.0,2027.0,2004.0,2013.0,2006.0,2006.0,2007.0,2015.0,2056.0,2910.0,3352.0,3360.0,3188.0,3344.0,3141.0,2947.0,3051.0,3037.0,3152.0,2663.0,3306.0,3342.0,3166.0,3332.0,3138.0,3259.0,3355.0,3320.0,173.502106728,0.019247437000000003
1498.0,2020.0,2236.0,1973.0,1997.0,2016.0,2011.0,2022.0,2033.0,2018.0,2015.0,2004.0,2012.0,2020.0,2016.0,2023.0,2032.0,2015.0,2035.0,2011.0,1998.0,2029.0,2054.0,2032.0,2022.0,2911.0,3352.0,3360.0,3187.0,3342.0,3139.0,2946.0,3050.0,3037.0,3151.0,2662.0,3303.0,3341.0,3166.0,3328.0,3136.0,3258.0,3354.0,3319.0,173.522109041,0.019962499
1498.0,2020.0,2235.0,2038.0,2052.0,2048.0,2078.0,2078.0,2072.0,2056.0,2096.0,2073.0,2065.0,2067.0,2082.0,2066.0,2046.0,2062.0,2035.0,2051.0,2055.0,2049.0,2098.0,2075.0,2052.0,2913.0,3354.0,3360.0,3189.0,3345.0,3141.0,2946.0,3050.0,3037.0,3151.0,2661.0,3301.0,3340.0,3163.0,3328.0,3137.0,3258.0,3354.0,3321.0,173.54210838,0.019244469
1497.0,2021.0,2235.0,2106.0,2123.0,2100.0,2081.0,2121.0,2087.0,2120.0,2149.0,2120.0,2116.0,2104.0,2125.0,2163.0,2118.0,2102.0,2063.0,2096.0,2099.0,2089.0,2112.0,2104.0,2097.0,2914.0,3353.0,3360.0,3189.0,3345.0,3141.0,2947.0,3051.0,3038.0,3154.0,2659.0,3303.0,3341.0,3163.0,3330.0,3138.0,3259.0,3354.0,3320.0,173.562106628,0.019242998
1498.0,2019.0,2235.0,2122.0,2133.0,2107.0,2142.0,2115.0,2116.0,2116.0,2141.0,2145.0,2080.0,2078.0,2097.0,2098.0,2105.0,2114.0,2133.0,2070.0,2081.0,2076.0,2098.0,2099.0,2134.0,2912.0,3352.0,3358.0,3187.0,3343.0,3139.0,2945.0,3050.0,3035.0,3151.0,2660.0,3304.0,3342.0,3162.0,3328.0,3135.0,3258.0,3354.0,3318.0,173.582106805,0.019966508
1498.0,2018.0,2235.0,2098.0,2083.0,2100.0,2086.0,2056.0,2057.0,2000.0,2014.0,2000.0,1977.0,1985.0,2007.0,2017.0,2030.0,2049.0,2042.0,2051.0,2069.0,2073.0,2080.0,2090.0,2067.0,2914.0,3353.0,3362.0,3190.0,3344.0,3140.0,2945.0,3052.0,3036.0,3151.0,2655.0,3303.0,3340.0,3163.0,3331.0,3137.0,3259.0,3355.0,3319.0,173.602108565,0.01996045
1499.0,2020.0,2236.0,2033.0,2010.0,1957.0,1979.0,1916.0,1901.0,1907.0,1891.0,1930.0,1925.0,1938.0,1939.0,1899.0,1927.0,1959.0,1953.0,1948.0,1915.0,1935.0,2008.0,1943.0,1903.0,2914.0,3354.0,3360.0,3188.0,3344.0,3141.0,2947.0,3050.0,3037.0,3151.0,2657.0,3301.0,3338.0,3161.0,3328.0,3134.0,3258.0,3353.0,3319.0,173.622108195,0.019960434000000003
1498.0,2021.0,2240.0,1947.0,1895.0,1874.0,1921.0,1963.0,2026.0,2000.0,1944.0,1994.0,1970.0,2000.0,1986.0,1946.0,1967.0,1964.0,1963.0,1986.0,1946.0,1950.0,1961.0,1960.0,1938.0,2915.0,3354.0,3360.0,3188.0,3343.0,3142.0,2947.0,3050.0,3036.0,3151.0,2661.0,3300.0,3341.0,3162.0,3328.0,3137.0,3256.0,3355.0,3320.0,173.642108886,0.019965107000000003
1498.0,2019.0,2240.0,1945.0,1937.0,1938.0,1943.0,1911.0,1922.0,1978.0,2055.0,2027.0,1944.0,1990.0,2003.0,2067.0,2080.0,2055.0,2074.0,2146.0,2127.0,2045.0,2039.0,2096.0,2067.0,2916.0,3354.0,3362.0,3190.0,3345.0,3141.0,2948.0,3049.0,3039.0,3151.0,2667.0,3305.0,3342.0,3166.0,3331.0,3140.0,3258.0,3356.0,3322.0,173.662108672,0.019244798
1500.0,2019.0,2239.0,2105.0,2077.0,2089.0,2082.0,2075.0,2080.0,2068.0,2085.0,2092.0,2095.0,2113.0,2060.0,2067.0,2074.0,2078.0,2046.0,2053.0,2055.0,2052.0,2082.0,2055.0,2078.0,2911.0,3353.0,3360.0,3187.0,3344.0,3141.0,2950.0,3050.0,3038.0,3150.0,2672.0,3304.0,3342.0,3168.0,3331.0,3139.0,3259.0,3356.0,3319.0,173.682110969,0.019245376
1498.0,2018.0,2239.0,2036.0,2048.0,2022.0,2027.0,2020.0,2023.0,2053.0,2075.0,2086.0,2087.0,2049.0,2041.0,2113.0,2096.0,2074.0,2077.0,2077.0,2082.0,2128.0,2066.0,2090.0,2102.0,2910.0,3351.0,3360.0,3186.0,3342.0,3140.0,2947.0,3049.0,3037.0,3150.0,2671.0,3305.0,3343.0,3164.0,3330.0,3137.0,3258.0,3355.0,3321.0,173.702110817,0.019245362000000002
1500.0,2015.0,2240.0,2091.0,2106.0,2089.0,2122.0,2122.0,2115.0,2126.0,2092.0,2073.0,2074.0,2079.0,2078.0,2040.0,2018.0,2010.0,2061.0,1998.0,1973.0,1985.0,2004.0,2022.0,2016.0,2911.0,3351.0,3359.0,3184.0,3343.0,3141.0,2946.0,3051.0,3036.0,3150.0,2666.0,3302.0,3341.0,3164.0,3330.0,3139.0,3257.0,3354.0,3320.0,173.722109109,0.019955597000000002
1498.0,2017.0,2240.0,2015.0,2040.0,2054.0,2000.0,2062.0,2059.0,2050.0,2035.0,2034.0,2039.0,2063.0,2054.0,2051.0,2078.0,2060.0,2053.0,2040.0,2069.0,2087.0,2102.0,2108.0,2083.0,2912.0,3353.0,3360.0,3188.0,3344.0,3142.0,2947.0,3050.0,3037.0,3151.0,2667.0,3303.0,3341.0,3165.0,3329.0,3137.0,3256.0,3355.0,3321.0,173.742110687,0.019967885
1498.0,2015.0,2239.0,2134.0,2100.0,2177.0,2159.0,2166.0,2131.0,2093.0,2098.0,2097.0,2101.0,2130.0,2108.0,2079.0,2077.0,2123.0,2129.0,2089.0,2100.0,2120.0,2122.0,2173.0,2149.0,2913.0,3353.0,3361.0,3189.0,3344.0,3141.0,2948.0,3050.0,3039.0,3152.0,2667.0,3305.0,3343.0,3167.0,3330.0,3137.0,3257.0,3355.0,3320.0,173.762110506,0.019949659
1498.0,2019.0,2236.0,2120.0,2115.0,2138.0,2140.0,2118.0,2139.0,2126.0,2138.0,2154.0,2166.0,2140.0,2136.0,2154.0,2115.0,2120.0,2135.0,2152.0,2168.0,2155.0,2153.0,2153.0,2173.0,2906.0,3351.0,3359.0,3185.0,3341.0,3139.0,2949.0,3050.0,3039.0,3152.0,2674.0,3306.0,3343.0,3167.0,3331.0,3140.0,3258.0,3355.0,3321.0,173.782114994,0.019960729
1499.0,2018.0,2234.0,2153.0,2166.0,2171.0,2210.0,2209.0,2201.0,2237.0,2201.0,2190.0,2226.0,2214.0,2199.0,2175.0,2190.0,2184.0,2192.0,2179.0,2153.0,2159.0,2165.0,2160.0,2139.0,2904.0,3352.0,3358.0,3183.0,3342.0,3137.0,2948.0,3051.0,3038.0,3150.0,2671.0,3307.0,3345.0,3166.0,3330.0,3139.0,3259.0,3354.0,3319.0,173.802114478,0.019954353
1500.0,2018.0,2232.0,2185.0,2186.0,2153.0,2180.0,2182.0,2179.0,2132.0,2132.0,2115.0,2107.0,2128.0,2131.0,2133.0,2153.0,2156.0,2114.0,2135.0,2175.0,2172.0,2189.0,2156.0,2154.0,2902.0,3349.0,3358.0,3180.0,3339.0,3137.0,2947.0,3049.0,3038.0,3152.0,2669.0,3304.0,3341.0,3165.0,3332.0,3138.0,3256.0,3354.0,3320.0,173.822110921,0.019950592
1498.0,2017.0,2230.0,2123.0,2125.0,2112.0,2152.0,2182.0,2196.0,2205.0,2191.0,2209.0,2227.0,2239.0,2221.0,2223.0,2224.0,2237.0,2199.0,2169.0,2192.0,2186.0,2204.0,2152.0,2125.0,2905.0,3354.0,3359.0,3184.0,3343.0,3139.0,2948.0,3053.0,3038.0,3153.0,2665.0,3306.0,3343.0,3165.0,3329.0,3141.0,3261.0,3354.0,3320.0,173.842119782,0.019976229
1498.0,2017.0,2230.0,2113.0,2124.0,2109.0,2114.0,2109.0,2121.0,2133.0,2152.0,2144.0,2133.0,2133.0,2105.0,2144.0,2135.0,2106.0,2089.0,2096.0,2087.0,2094.0,2119.0,2067.0,2058.0,2906.0,3354.0,3360.0,3183.0,3340.0,3139.0,2948.0,3051.0,3038.0,3151.0,2659.0,3305.0,3341.0,3166.0,3330.0,3140.0,3259.0,3355.0,3319.0,173.862110897,0.019237444000000003
1500.0,2018.0,2230.0,2028.0,2021.0,1998.0,2024.0,2026.0,2012.0,2026.0,2040.0,2054.0,2034.0,2038.0,2041.0,2015.0,2030.0,2044.0,2033.0,2044.0,2018.0,2009.0,1998.0,2020.0,2010.0,2902.0,3352.0,3359.0,3185.0,3341.0,3139.0,2946.0,3051.0,3038.0,3152.0,2660.0,3303.0,3341.0,3164.0,3329.0,3137.0,3257.0,3353.0,3318.0,173.882111669,0.019954562000000002
1500.0,2020.0,2232.0,1995.0,1990.0,2018.0,2013.0,2033.0,2066.0,2053.0,2012.0,2010.0,1990.0,1961.0,1979.0,1979.0,1977.0,1965.0,1949.0,1950.0,1968.0,1934.0,1967.0,1974.0,1980.0,2908.0,3352.0,3359.0,3185.0,3342.0,3140.0,2946.0,3051.0,3037.0,3150.0,2656.0,3302.0,3341.0,3163.0,3330.0,3136.0,3259.0,3354.0,3320.0,173.902116049,0.019965902
1500.0,2018.0,2232.0,2018.0,2004.0,1995.0,1987.0,1991.0,1961.0,1961.0,1948.0,1957.0,1936.0,1942.0,1977.0,2003.0,1981.0,1987.0,1990.0,1976.0,1976.0,2000.0,2019.0,2014.0,2043.0,2913.0,3355.0,3358.0,3187.0,3343.0,3140.0,2947.0,3052.0,3036.0,3153.0,2652.0,3302.0,3339.0,3161.0,3329.0,3136.0,3260.0,3354.0,3320.0,173.922119633,0.019246552
1499.0,2018.0,2236.0,2088.0,2039.0,2022.0,2035.0,2053.0,2060.0,2060.0,2043.0,2021.0,1984.0,1969.0,1936.0,1890.0,1928.0,1883.0,1877.0,1886.0,1906.0,1937.0,1899.0,1902.0,1933.0,2912.0,3355.0,3360.0,3187.0,3343.0,3141.0,2948.0,3051.0,3038.0,3152.0,2655.0,3303.0,3342.0,3163.0,3330.0,3138.0,3259.0,3355.0,3320.0,173.942112398,0.019961256
1500.0,2017.0,2235.0,1988.0,2030.0,2018.0,2036.0,2034.0,2035.0,2064.0,2048.0,2070.0,2060.0,2039.0,2049.0,2012.0,2030.0,2056.0,2054.0,2017.0,2050.0,2006.0,2001.0,2031.0,2036.0,2911.0,3353.0,3359.0,3187.0,3343.0,3141.0,2949.0,3052.0,3038.0,3151.0,2663.0,3304.0,3343.0,3165.0,3330.0,3139.0,3259.0,3357.0,3318.0,173.962113406,0.019229114000000002
1498.0,2018.0,2234.0,2080.0,2128.0,2103.0,2111.0,2115.0,2124.0,2114.0,2131.0,2113.0,2066.0,2071.0,2082.0,2073.0,2042.0,2041.0,2062.0,2062.0,2052.0,2028.0,2026.0,2042.0,2062.0,2908.0,3353.0,3358.0,3184.0,3343.0,3140.0,2949.0,3051.0,3038.0,3152.0,2664.0,3306.0,3342.0,3164.0,3331.0,3139.0,3258.0,3353.0,3320.0,173.982113483,0.019949308000000002
1498.0,2020.0,2233.0,2075.0,2083.0,2088.0,2091.0,2084.0,2112.0,2132.0,2181.0,2172.0,2154.0,2182.0,2199.0,2215.0,2263.0,2172.0,2169.0,2189.0,2105.0,2044.0,2027.0,2021.0,2006.0,2909.0,3352.0,3360.0,3185.0,3342.0,3139.0,2948.0,3051.0,3037.0,3152.0,2662.0,3305.0,3341.0,3164.0,3329.0,3137.0,3259.0,3353.0,3318.0,174.002111805,0.019952727
1497.0,2022.0,2233.0,2019.0,2018.0,2012.0,2039.0,2049.0,2034.0,2009.0,2023.0,2060.0,2070.0,2096.0,2048.0,2056.0,2038.0,2046.0,2053.0,2052.0,2034.0,2006.0,2022.0,2029.0,2013.0,2912.0,3353.0,3360.0,3187.0,3343.0,3139.0,2948.0,3051.0,3038.0,3152.0,2657.0,3302.0,3339.0,3162.0,3328.0,3138.0,3257.0,3354.0,3317.0,174.022115562,0.019966076000000003
1498.0,2018.0,2235.0,1994.0,1971.0,1967.0,1940.0,1945.0,1951.0,1918.0,1938.0,1944.0,1916.0,1964.0,1939.0,1886.0,1947.0,1923.0,1952.0,1967.0,1964.0,1975.0,1975.0,2021.0,2015.0,2914.0,3352.0,3358.0,3186.0,3343.0,3140.0,2947.0,3050.0,3036.0,3150.0,2657.0,3301.0,3338.0,3163.0,3328.0,3136.0,3257.0,3352.0,3318.0,174.042117302,0.019235581
1499.0,2019.0,2237.0,2018.0,2005.0,1990.0,2038.0,2006.0,2055.0,2009.0,2028.0,2033.0,2030.0,2073.0,2003.0,1989.0,2002.0,2026.0,2046.0,2041.0,2051.0,2030.0,2040.0,2075.0,2138.0,2914.0,3354.0,3360.0,3187.0,3342.0,3140.0,2948.0,3050.0,3037.0,3151.0,2661.0,3303.0,3342.0,3163.0,3329.0,3138.0,3260.0,3355.0,3318.0,174.062113071,0.019247261
1500.0,2020.0,2235.0,2117.0,2099.0,2101.0,2126.0,2148.0,2201.0,2202.0,2233.0,2223.0,2162.0,2144.0,2154.0,2142.0,2147.0,2099.0,2067.0,2012.0,2028.0,2043.0,2018.0,2063.0,2098.0,2911.0,3352.0,3359.0,3183.0,3342.0,3139.0,2949.0,3052.0,3039.0,3153.0,2665.0,3304.0,3340.0,3165.0,3331.0,3138.0,3260.0,3354.0,3320.0,174.082116068,0.019961824
1499.0,2018.0,2232.0,2114.0,2108.0,2126.0,2112.0,2121.0,2130.0,2077.0,2155.0,2138.0,2131.0,2174.0,2168.0,2162.0,2164.0,2211.0,2189.0,2161.0,2189.0,2152.0,2149.0,2191.0,2152.0,2905.0,3351.0,3358.0,3182.0,3341.0,3138.0,2948.0,3051.0,3039.0,3152.0,2671.0,3307.0,3341.0,3167.0,3330.0,3139.0,3258.0,3353.0,3319.0,174.102115542,0.019244335
1498.0,2020.0,2233.0,2102.0,2113.0,2111.0,2070.0,2072.0,2054.0,2040.0,2098.0,2102.0,2104.0,2096.0,2132.0,2126.0,2116.0,2145.0,2116.0,2071.0,2118.0,2101.0,2102.0,2099.0,2078.0,2900.0,3350.0,3358.0,3181.0,3339.0,3136.0,2948.0,3049.0,3040.0,3152.0,2675.0,3306.0,3343.0,3169.0,3331.0,3142.0,3259.0,3355.0,3318.0,174.122113307,0.01924326
1501.0,2019.0,2233.0,2068.0,2038.0,2033.0,2036.0,2025.0,1985.0,2010.0,2003.0,1988.0,1989.0,2011.0,2017.0,2027.0,2087.0,2098.0,2062.0,2087.0,2061.0,2029.0,2037.0,2088.0,2110.0,2898.0,3346.0,3355.0,3178.0,3338.0,3137.0,2947.0,3048.0,3039.0,3150.0,2679.0,3308.0,3344.0,3169.0,3332.0,3140.0,3259.0,3355.0,3320.0,174.142113652,0.019960362000000002
1500.0,2020.0,2232.0,2048.0,2019.0,2026.0,2003.0,1965.0,1999.0,2022.0,2034.0,1989.0,2064.0,2028.0,1976.0,2060.0,2067.0,2016.0,2061.0,2094.0,2090.0,2102.0,2141.0,2113.0,2071.0,2898.0,3351.0,3356.0,3179.0,3339.0,3135.0,2948.0,3050.0,3040.0,3152.0,2681.0,3308.0,3346.0,3170.0,3334.0,3141.0,3258.0,3354.0,3320.0,174.162114606,0.019965784
1498.0,2020.0,2232.0,2108.0,2097.0,2070.0,2064.0,2096.0,2080.0,2075.0,2117.0,2082.0,2049.0,2033.0,2016.0,2086.0,2155.0,2120.0,2132.0,2120.0,2063.0,2080.0,2076.0,2086.0,2070.0,2897.0,3350.0,3356.0,3179.0,3341.0,3136.0,2948.0,3048.0,3040.0,3153.0,2681.0,3308.0,3344.0,3170.0,3333.0,3143.0,3257.0,3354.0,3321.0,174.182117212,0.01996111
1498.0,2019.0,2231.0,2092.0,2076.0,2035.0,2021.0,2040.0,1991.0,2015.0,2023.0,2038.0,2096.0,2032.0,2020.0,2035.0,2055.0,2082.0,2120.0,2134.0,2100.0,2127.0,2160.0,2142.0,2159.0,2896.0,3347.0,3356.0,3179.0,3340.0,3134.0,2947.0,3048.0,3040.0,3150.0,2680.0,3308.0,3344.0,3171.0,3331.0,3139.0,3259.0,3352.0,3318.0,174.202118279,0.019242763
1498.0,2019.0,2233.0,2103.0,2105.0,2158.0,2126.0,2085.0,2096.0,2073.0,2036.0,2039.0,2019.0,2010.0,1996.0,2015.0,2020.0,1991.0,1995.0,1994.0,2005.0,2006.0,2010.0,2039.0,2031.0,2897.0,3350.0,3355.0,3179.0,3340.0,3137.0,2947.0,3048.0,3041.0,3153.0,2680.0,3309.0,3344.0,3171.0,3333.0,3141.0,3259.0,3353.0,3320.0,174.222117718,0.019240925000000002
1499.0,2017.0,2235.0,1978.0,2011.0,1998.0,1952.0,2003.0,1985.0,1997.0,1995.0,2020.0,2022.0,1994.0,2002.0,1952.0,1944.0,1906.0,1932.0,1940.0,1962.0,1921.0,1910.0,1912.0,1935.0,2896.0,3349.0,3355.0,3178.0,3340.0,3136.0,2946.0,3048.0,3040.0,3151.0,2681.0,3310.0,3342.0,3170.0,3330.0,3140.0,3256.0,3353.0,3320.0,174.242115121,0.019242000000000002
1500.0,2018.0,2236.0,1910.0,1881.0,1877.0,1921.0,1931.0,1952.0,1981.0,1967.0,1950.0,1980.0,1992.0,1967.0,2018.0,2003.0,1998.0,1973.0,1957.0,1974.0,1968.0,1982.0,1995.0,1969.0,2899.0,3349.0,3356.0,3181.0,3343.0,3137.0,2947.0,3049.0,3041.0,3153.0,2683.0,3310.0,3345.0,3170.0,3330.0,3142.0,3258.0,3356.0,3321.0,174.262116657,0.019258616000000003
1500.0,2017.0,2237.0,1980.0,1994.0,2050.0,2017.0,2014.0,2010.0,2005.0,2001.0,1955.0,1984.0,1984.0,1962.0,1983.0,1947.0,1934.0,1952.0,1952.0,1916.0,1957.0,1965.0,1962.0,2000.0,2901.0,3349.0,3356.0,3182.0,3341.0,3137.0,2949.0,3050.0,3038.0,3152.0,2683.0,3310.0,3345.0,3172.0,3333.0,3141.0,3258.0,3355.0,3319.0,174.282120006,0.019244943
1498.0,2019.0,2237.0,2024.0,2032.0,2052.0,2056.0,2056.0,2045.0,2071.0,2050.0,2046.0,2038.0,2075.0,2067.0,2043.0,2065.0,2052.0,2052.0,2083.0,2083.0,2077.0,2086.0,2092.0,2093.0,2902.0,3347.0,3357.0,3182.0,3340.0,3136.0,2948.0,3049.0,3040.0,3152.0,2684.0,3308.0,3345.0,3171.0,3332.0,3142.0,3259.0,3355.0,3318.0,174.302116663,0.019250346
1498.0,2018.0,2237.0,2118.0,2123.0,2118.0,2126.0,2140.0,2124.0,2147.0,2147.0,2160.0,2167.0,2150.0,2082.0,2073.0,2075.0,2070.0,2041.0,2026.0,2009.0,2000.0,2054.0,2088.0,2058.0,2901.0,3347.0,3355.0,3180.0,3340.0,3135.0,2948.0,3050.0,3039.0,3152.0,2677.0,3307.0,3342.0,3168.0,3329.0,3140.0,3258.0,3355.0,3319.0,174.322115772,0.019248612000000002
1498.0,2017.0,2238.0,2088.0,2082.0,2064.0,2067.0,2043.0,2044.0,2035.0,2043.0,2017.0,2027.0,2012.0,1990.0,1947.0,1928.0,1926.0,1930.0,1938.0,1954.0,1958.0,1931.0,1963.0,1958.0,2908.0,3352.0,3359.0,3184.0,3342.0,3137.0,2949.0,3051.0,3040.0,3152.0,2673.0,3307.0,3344.0,3167.0,3333.0,3138.0,3258.0,3355.0,3321.0,174.342116472,0.019968371000000002
1498.0,2018.0,2241.0,1914.0,1925.0,1920.0,1922.0,1913.0,1917.0,1925.0,1925.0,1940.0,1951.0,1979.0,1972.0,1981.0,1960.0,1903.0,1883.0,1842.0,1894.0,1882.0,1904.0,1899.0,1885.0,2912.0,3352.0,3359.0,3186.0,3344.0,3139.0,2948.0,3050.0,3038.0,3151.0,2671.0,3306.0,3341.0,3164.0,3329.0,3138.0,3258.0,3355.0,3321.0,174.362117371,0.019953405
1499.0,2019.0,2243.0,1972.0,1950.0,1942.0,1959.0,1997.0,1985.0,1995.0,2021.0,1960.0,1945.0,1938.0,1958.0,1958.0,1918.0,1948.0,1903.0,1857.0,1902.0,1902.0,1874.0,1907.0,1937.0,2914.0,3350.0,3359.0,3187.0,3343.0,3140.0,2947.0,3050.0,3034.0,3149.0,2667.0,3304.0,3342.0,3164.0,3329.0,3138.0,3258.0,3352.0,3319.0,174.382119543,0.019961143
1498.0,2019.0,2242.0,1988.0,1992.0,2006.0,2032.0,2003.0,2004.0,2022.0,1985.0,1992.0,2003.0,2023.0,2038.0,2030.0,2042.0,2031.0,2036.0,2062.0,2040.0,2040.0,2043.0,2036.0,2024.0,2919.0,3355.0,3361.0,3190.0,3344.0,3141.0,2949.0,3053.0,3037.0,3151.0,2669.0,3303.0,3341.0,3165.0,3331.0,3139.0,3256.0,3354.0,3321.0,174.402123384,0.01923609
1498.0,2016.0,2243.0,2072.0,2061.0,2036.0,2052.0,2077.0,2056.0,2081.0,2044.0,2047.0,2066.0,2075.0,2057.0,2048.0,2020.0,2037.0,2052.0,2044.0,2061.0,2055.0,2040.0,2031.0,2068.0,2921.0,3355.0,3361.0,3190.0,3344.0,3143.0,2950.0,3050.0,3036.0,3151.0,2666.0,3301.0,3340.0,3164.0,3330.0,3137.0,3257.0,3355.0,3319.0,174.422120006,0.01924727
1498.0,2021.0,2243.0,2029.0,2049.0,2054.0,2037.0,2064.0,2067.0,2072.0,2081.0,2084.0,2030.0,2051.0,2027.0,2060.0,2095.0,2056.0,2064.0,2059.0,2070.0,2103.0,2114.0,2108.0,2102.0,2923.0,3355.0,3361.0,3190.0,3344.0,3143.0,2949.0,3051.0,3035.0,3150.0,2660.0,3299.0,3338.0,3162.0,3329.0,3137.0,3256.0,3354.0,3318.0,174.442119064,0.019245639000000002
1500.0,2022.0,2242.0,2104.0,2081.0,2084.0,2133.0,2075.0,2072.0,2096.0,2082.0,2037.0,2077.0,2044.0,2042.0,2063.0,2092.0,2060.0,2069.0,2070.0,2095.0,2090.0,2124.0,2134.0,2131.0,2926.0,3355.0,3360.0,3191.0,3345.0,3144.0,2949.0,3054.0,3036.0,3150.0,2654.0,3299.0,3339.0,3162.0,3327.0,3134.0,3256.0,3355.0,3319.0,174.462118967,0.01923888
1498.0,2021.0,2242.0,2081.0,2080.0,2085.0,2051.0,2052.0,2096.0,2075.0,2086.0,2077.0,2068.0,2104.0,2093.0,2064.0,2106.0,2107.0,2095.0,2092.0,2075.0,2068.0,2054.0,2049.0,2053.0,2926.0,3354.0,3362.0,3191.0,3345.0,3144.0,2950.0,3053.0,3036.0,3150.0,2657.0,3299.0,3338.0,3161.0,3327.0,3135.0,3256.0,3354.0,3320.0,174.482121913,0.019959443
1500.0,2022.0,2243.0,2105.0,2101.0,2109.0,2106.0,2089.0,2094.0,2097.0,2090.0,2069.0,2048.0,2063.0,2051.0,2075.0,2045.0,2056.0,1991.0,2020.0,2045.0,2069.0,2003.0,1997.0,2036.0,2922.0,3354.0,3362.0,3190.0,3346.0,3143.0,2950.0,3052.0,3036.0,3151.0,2666.0,3305.0,3341.0,3166.0,3330.0,3138.0,3256.0,3355.0,3320.0,174.502122131,0.019249618
1498.0,2021.0,2242.0,2057.0,2101.0,2107.0,2149.0,2131.0,2079.0,2131.0,2126.0,2114.0,2104.0,2114.0,2059.0,2092.0,2109.0,2099.0,2096.0,2090.0,2075.0,2041.0,2048.0,2082.0,2087.0,2914.0,3351.0,3360.0,3184.0,3342.0,3139.0,2950.0,3051.0,3039.0,3150.0,2679.0,3307.0,3342.0,3168.0,3331.0,3141.0,3257.0,3354.0,3320.0,174.522118596,0.019242202
1498.0,2019.0,2240.0,2183.0,2199.0,2151.0,2134.0,2143.0,2160.0,2182.0,2132.0,2146.0,2165.0,2123.0,2136.0,2153.0,2148.0,2123.0,2128.0,2154.0,2178.0,2170.0,2123.0,2178.0,2180.0,2909.0,3351.0,3359.0,3182.0,3341.0,3138.0,2950.0,3051.0,3040.0,3151.0,2682.0,3308.0,3343.0,3169.0,3332.0,3141.0,3257.0,3356.0,3320.0,174.542119286,0.019968537
1501.0,2019.0,2236.0,2135.0,2193.0,2179.0,2190.0,2187.0,2178.0,2185.0,2206.0,2210.0,2199.0,2184.0,2226.0,2191.0,2191.0,2196.0,2196.0,2178.0,2201.0,2239.0,2248.0,2246.0,2226.0,2906.0,3349.0,3356.0,3181.0,3341.0,3135.0,2950.0,3051.0,3039.0,3152.0,2680.0,3306.0,3344.0,3170.0,3331.0,3142.0,3257.0,3354.0,3320.0,174.562119805,0.019954088000000002
1498.0,2016.0,2232.0,2244.0,2269.0,2254.0,2237.0,2237.0,2261.0,2231.0,2259.0,2253.0,2220.0,2269.0,2230.0,2252.0,2234.0,2233.0,2241.0,2217.0,2239.0,2212.0,2216.0,2227.0,2207.0,2905.0,3351.0,3356.0,3181.0,3341.0,3136.0,2950.0,3050.0,3040.0,3150.0,2677.0,3306.0,3343.0,3168.0,3331.0,3138.0,3257.0,3355.0,3318.0,174.582124354,0.019217323
1498.0,2018.0,2229.0,2250.0,2274.0,2259.0,2291.0,2252.0,2272.0,2288.0,2255.0,2303.0,2279.0,2194.0,2228.0,2241.0,2216.0,2217.0,2251.0,2277.0,2255.0,2211.0,2235.0,2267.0,2269.0,2899.0,3350.0,3357.0,3181.0,3341.0,3135.0,2949.0,3051.0,3042.0,3151.0,2675.0,3307.0,3343.0,3166.0,3329.0,3140.0,3259.0,3355.0,3317.0,174.602121768,0.019256765000000002
1498.0,2018.0,2230.0,2131.0,2122.0,2145.0,2130.0,2100.0,2128.0,2151.0,2130.0,2126.0,2153.0,2266.0,2210.0,2160.0,2136.0,2100.0,2107.0,2068.0,2021.0,2030.0,2068.0,2065.0,2094.0,2898.0,3348.0,3355.0,3179.0,3338.0,3133.0,2949.0,3050.0,3042.0,3153.0,2678.0,3307.0,3345.0,3168.0,3332.0,3141.0,3260.0,3352.0,3318.0,174.622120393,0.019229599
1499.0,2018.0,2228.0,2043.0,2076.0,2123.0,2105.0,2096.0,2095.0,2151.0,2169.0,2151.0,2116.0,2096.0,2107.0,2093.0,2138.0,2099.0,2065.0,2065.0,2078.0,2082.0,2093.0,2134.0,2130.0,2892.0,3347.0,3353.0,3175.0,3335.0,3131.0,2949.0,3049.0,3043.0,3151.0,2683.0,3310.0,3346.0,3173.0,3331.0,3140.0,3259.0,3354.0,3318.0,174.642120665,0.019962238
1498.0,2019.0,2226.0,2191.0,2167.0,2175.0,2139.0,2157.0,2161.0,2134.0,2123.0,2168.0,2153.0,2202.0,2199.0,2214.0,2181.0,2201.0,2185.0,2163.0,2181.0,2165.0,2176.0,2211.0,2159.0,2889.0,3346.0,3353.0,3176.0,3338.0,3132.0,2949.0,3049.0,3043.0,3151.0,2684.0,3311.0,3346.0,3174.0,3333.0,3144.0,3258.0,3354.0,3318.0,174.662120916,0.019259024
1498.0,2020.0,2223.0,2173.0,2167.0,2182.0,2177.0,2196.0,2209.0,2189.0,2158.0,2171.0,2184.0,2228.0,2230.0,2213.0,2193.0,2229.0,2264.0,2217.0,2230.0,2171.0,2155.0,2191.0,2209.0,2885.0,3345.0,3352.0,3173.0,3336.0,3130.0,2947.0,3049.0,3042.0,3150.0,2684.0,3310.0,3346.0,3171.0,3331.0,3142.0,3258.0,3353.0,3316.0,174.682123427,0.019953609
1501.0,2022.0,2220.0,2260.0,2215.0,2240.0,2272.0,2175.0,2193.0,2160.0,2094.0,2140.0,2178.0,2146.0,2102.0,2092.0,2118.0,2189.0,2193.0,2211.0,2180.0,2194.0,2220.0,2269.0,2237.0,2884.0,3347.0,3353.0,3174.0,3337.0,3130.0,2950.0,3049.0,3044.0,3154.0,2683.0,3313.0,3347.0,3172.0,3331.0,3142.0,3260.0,3352.0,3318.0,174.702124009,0.019244883
1501.0,2022.0,2221.0,2017.0,2022.0,2025.0,2011.0,2018.0,2054.0,2068.0,2013.0,2055.0,2100.0,2087.0,2124.0,2137.0,2148.0,2155.0,2180.0,2079.0,2043.0,2034.0,2054.0,2049.0,2046.0,2884.0,3346.0,3354.0,3171.0,3334.0,3130.0,2949.0,3049.0,3042.0,3154.0,2682.0,3311.0,3347.0,3172.0,3331.0,3143.0,3259.0,3353.0,3319.0,174.722121302,0.019244853000000003
1498.0,2023.0,2223.0,1876.0,1954.0,1936.0,1977.0,1987.0,1981.0,1984.0,2043.0,2087.0,2123.0,2061.0,2025.0,1986.0,1951.0,1897.0,1889.0,1876.0,1893.0,1943.0,1989.0,2025.0,2072.0,2885.0,3345.0,3353.0,3174.0,3336.0,3131.0,2949.0,3049.0,3042.0,3153.0,2681.0,3313.0,3344.0,3171.0,3331.0,3142.0,3258.0,3353.0,3319.0,174.742121619,0.019960951
1498.0,2022.0,2224.0,2032.0,1947.0,1906.0,1954.0,1902.0,1878.0,1919.0,1943.0,1975.0,1961.0,1928.0,1921.0,2005.0,2027.0,2017.0,2010.0,1999.0,2012.0,2015.0,1986.0,1905.0,1920.0,2886.0,3344.0,3353.0,3174.0,3336.0,3131.0,2949.0,3050.0,3042.0,3152.0,2685.0,3311.0,3345.0,3172.0,3331.0,3143.0,3260.0,3353.0,3316.0,174.762122889,0.019261032
1498.0,2020.0,2226.0,1976.0,1911.0,2008.0,1973.0,1990.0,2018.0,2002.0,2021.0,2025.0,2061.0,1976.0,1929.0,1972.0,1959.0,1937.0,1970.0,1983.0,1976.0,2010.0,2027.0,1962.0,1997.0,2883.0,3342.0,3353.0,3171.0,3336.0,3130.0,2949.0,3049.0,3045.0,3152.0,2691.0,3312.0,3348.0,3174.0,3331.0,3144.0,3257.0,3353.0,3319.0,174.782134044,0.019243201
1498.0,2021.0,2228.0,1967.0,1945.0,1883.0,1881.0,1970.0,2007.0,2058.0,2017.0,2002.0,1996.0,1992.0,2022.0,1970.0,1991.0,1988.0,2018.0,1995.0,1983.0,1951.0,1979.0,2017.0,2035.0,2883.0,3344.0,3351.0,3171.0,3337.0,3129.0,2948.0,3047.0,3044.0,3152.0,2694.0,3314.0,3347.0,3177.0,3331.0,3145.0,3260.0,3353.0,3317.0,174.802902405,0.020025170000000002
1498.0,2021.0,2227.0,2037.0,2058.0,2019.0,2056.0,2000.0,2009.0,2041.0,1970.0,1955.0,1991.0,1989.0,1993.0,2029.0,1984.0,2031.0,2068.0,2055.0,2033.0,2025.0,2025.0,2106.0,2056.0,2882.0,3344.0,3353.0,3171.0,3335.0,3128.0,2950.0,3047.0,3043.0,3154.0,2697.0,3314.0,3348.0,3176.0,3334.0,3142.0,3257.0,3355.0,3317.0,174.822123457,0.018950646
1498.0,2021.0,2229.0,1947.0,1990.0,1987.0,2002.0,1938.0,1964.0,1935.0,1904.0,2003.0,2053.0,2078.0,2065.0,1973.0,1959.0,1942.0,1974.0,1907.0,1971.0,1974.0,1956.0,1955.0,1951.0,2882.0,3344.0,3351.0,3169.0,3334.0,3129.0,2950.0,3048.0,3044.0,3152.0,2697.0,3313.0,3347.0,3176.0,3333.0,3143.0,3258.0,3353.0,3318.0,174.842123995,0.019956602
1500.0,2021.0,2231.0,1996.0,1973.0,1956.0,1994.0,1969.0,1992.0,2044.0,2017.0,1902.0,1877.0,1902.0,1888.0,1942.0,1909.0,1914.0,1919.0,1968.0,1990.0,2003.0,2018.0,2018.0,2003.0,2887.0,3346.0,3353.0,3175.0,3337.0,3131.0,2950.0,3050.0,3044.0,3151.0,2695.0,3313.0,3346.0,3174.0,3333.0,3144.0,3259.0,3353.0,3318.0,174.862123616,0.019253144
1500.0,2018.0,2233.0,1927.0,1933.0,1938.0,1884.0,1903.0,1901.0,1927.0,1892.0,1867.0,1899.0,1919.0,1973.0,1964.0,1969.0,1946.0,1988.0,1949.0,1946.0,1978.0,1948.0,1983.0,1993.0,2891.0,3344.0,3355.0,3177.0,3338.0,3132.0,2950.0,3050.0,3041.0,3152.0,2692.0,3310.0,3346.0,3173.0,3334.0,3142.0,3258.0,3355.0,3319.0,174.882123501,0.019960803000000003
1499.0,2018.0,2236.0,1906.0,1877.0,1898.0,1896.0,1969.0,1896.0,1874.0,1904.0,1896.0,1981.0,1974.0,1953.0,1955.0,1949.0,1931.0,2025.0,2008.0,1951.0,1937.0,1931.0,1919.0,1953.0,2896.0,3347.0,3354.0,3177.0,3338.0,3132.0,2950.0,3049.0,3043.0,3152.0,2692.0,3312.0,3347.0,3172.0,3332.0,3143.0,3256.0,3353.0,3319.0,174.902123959,0.019966342
1500.0,2019.0,2236.0,1929.0,1941.0,1978.0,1996.0,1966.0,1910.0,1931.0,1960.0,2003.0,2063.0,2036.0,2009.0,2075.0,2050.0,1958.0,1966.0,1998.0,2017.0,2008.0,2036.0,1971.0,1982.0,2897.0,3347.0,3353.0,3177.0,3338.0,3133.0,2949.0,3050.0,3042.0,3151.0,2691.0,3311.0,3347.0,3173.0,3332.0,3143.0,3259.0,3352.0,3320.0,174.922135831,0.019974852
1501.0,2020.0,2238.0,1954.0,1953.0,1958.0,2005.0,1978.0,1939.0,1988.0,1982.0,2006.0,2001.0,2019.0,2024.0,2084.0,2015.0,1968.0,1992.0,2024.0,1993.0,2011.0,2021.0,2032.0,2078.0,2898.0,3347.0,3354.0,3177.0,3339.0,3133.0,2949.0,3051.0,3040.0,3151.0,2687.0,3309.0,3346.0,3173.0,3330.0,3140.0,3257.0,3352.0,3316.0,174.942130087,0.019953637
1498.0,2021.0,2239.0,1996.0,2018.0,2068.0,2010.0,2002.0,2009.0,2018.0,1998.0,2022.0,1990.0,1995.0,1961.0,1951.0,1962.0,1960.0,2023.0,1977.0,2000.0,2037.0,2019.0,1998.0,1998.0,2905.0,3350.0,3356.0,3181.0,3339.0,3135.0,2951.0,3052.0,3040.0,3152.0,2682.0,3306.0,3344.0,3171.0,3330.0,3140.0,3257.0,3354.0,3319.0,174.962124284,0.019234016
1498.0,2019.0,2241.0,1987.0,2017.0,2004.0,1990.0,1994.0,1979.0,1949.0,1914.0,1947.0,1936.0,1922.0,1933.0,1958.0,1967.0,1984.0,2021.0,1993.0,1935.0,1946.0,2001.0,2003.0,2035.0,2911.0,3351.0,3358.0,3184.0,3341.0,3137.0,2951.0,3051.0,3038.0,3152.0,2676.0,3306.0,3341.0,3169.0,3329.0,3140.0,3256.0,3354.0,3319.0,174.982126964,0.019963016
1498.0,2021.0,2241.0,2036.0,2049.0,2081.0,2093.0,2070.0,2056.0,2069.0,2079.0,2083.0,2107.0,2060.0,2020.0,2002.0,1953.0,2000.0,1979.0,1962.0,1940.0,1964.0,1976.0,2018.0,2055.0,2919.0,3354.0,3361.0,3188.0,3342.0,3139.0,2951.0,3054.0,3036.0,3150.0,2663.0,3301.0,3339.0,3164.0,3328.0,3137.0,3255.0,3354.0,3321.0,175.002124726,0.019250853000000002
1498.0,2023.0,2239.0,1982.0,2021.0,2066.0,2100.0,2143.0,2157.0,2121.0,2144.0,2124.0,2140.0,2156.0,2206.0,2167.0,2106.0,2125.0,2117.0,2137.0,2139.0,2125.0,2137.0,2141.0,2107.0,2924.0,3355.0,3362.0,3190.0,3344.0,3142.0,2950.0,3054.0,3036.0,3150.0,2653.0,3299.0,3339.0,3161.0,3327.0,3136.0,3254.0,3354.0,3319.0,175.022124634,0.019948529
1498.0,2020.0,2237.0,2151.0,2198.0,2200.0,2215.0,2227.0,2214.0,2230.0,2243.0,2203.0,2191.0,2198.0,2182.0,2172.0,2149.0,2141.0,2097.0,2112.0,2133.0,2130.0,2153.0,2148.0,2111.0,2923.0,3353.0,3360.0,3189.0,3343.0,3140.0,2951.0,3054.0,3036.0,3151.0,2655.0,3301.0,3338.0,3161.0,3328.0,3134.0,3255.0,3353.0,3319.0,175.042124449,0.019960609
1500.0,2018.0,2235.0,2202.0,2207.0,2200.0,2208.0,2251.0,2185.0,2157.0,2172.0,2121.0,2105.0,2113.0,2132.0,2149.0,2082.0,2116.0,2075.0,2100.0,2152.0,2137.0,2132.0,2129.0,2132.0,2917.0,3353.0,3360.0,3187.0,3341.0,3139.0,2951.0,3053.0,3039.0,3152.0,2661.0,3302.0,3341.0,3163.0,3329.0,3138.0,3255.0,3354.0,3320.0,175.062128054,0.019246767
1498.0,2020.0,2237.0,2082.0,2052.0,2043.0,2085.0,2076.0,2084.0,2074.0,2109.0,2096.0,2077.0,2071.0,2034.0,1991.0,2010.0,2003.0,1979.0,1942.0,1946.0,1953.0,1966.0,1941.0,1931.0,2915.0,3352.0,3359.0,3187.0,3342.0,3138.0,2951.0,3053.0,3038.0,3150.0,2659.0,3300.0,3338.0,3163.0,3328.0,3138.0,3257.0,3353.0,3319.0,175.082124938,0.019242615
1498.0,2021.0,2240.0,1983.0,1978.0,1997.0,2017.0,1977.0,1967.0,1950.0,1968.0,1975.0,1943.0,1948.0,1946.0,1947.0,1950.0,1942.0,1896.0,1929.0,1932.0,1942.0,1933.0,1995.0,1977.0,2919.0,3355.0,3359.0,3189.0,3342.0,3142.0,2950.0,3054.0,3038.0,3150.0,2658.0,3302.0,3340.0,3163.0,3329.0,3134.0,3255.0,3354.0,3319.0,175.102126301,0.019968198000000003
1498.0,2022.0,2239.0,1944.0,1965.0,1944.0,1997.0,2019.0,2012.0,2015.0,2018.0,2036.0,2028.0,2016.0,2012.0,2019.0,2041.0,2077.0,2070.0,2017.0,2012.0,1995.0,2037.0,2050.0,2034.0,2921.0,3355.0,3361.0,3190.0,3342.0,3140.0,2950.0,3053.0,3037.0,3150.0,2660.0,3300.0,3341.0,3162.0,3329.0,3137.0,3256.0,3353.0,3319.0,175.122127226,0.019961528000000003
1498.0,2021.0,2241.0,2012.0,2050.0,2077.0,2065.0,2093.0,2085.0,2055.0,2091.0,2084.0,2042.0,2031.0,2015.0,2008.0,1995.0,1974.0,1962.0,1969.0,1930.0,1947.0,1958.0,1955.0,1970.0,2918.0,3352.0,3357.0,3187.0,3342.0,3138.0,2949.0,3053.0,3038.0,3150.0,2667.0,3301.0,3341.0,3165.0,3329.0,3137.0,3256.0,3353.0,3318.0,175.142127411,0.01995538
1500.0,2020.0,2241.0,2023.0,2012.0,1993.0,1949.0,1961.0,1991.0,2001.0,1994.0,2013.0,2024.0,2023.0,1983.0,1949.0,1942.0,1951.0,1988.0,2002.0,1994.0,2019.0,2023.0,2056.0,2079.0,2915.0,3352.0,3360.0,3185.0,3342.0,3136.0,2950.0,3051.0,3039.0,3149.0,2673.0,3305.0,3342.0,3167.0,3329.0,3138.0,3255.0,3354.0,3320.0,175.162126505,0.019251261000000002
1499.0,2018.0,2242.0,2005.0,2027.0,2008.0,2013.0,2004.0,2003.0,1978.0,1989.0,2016.0,1968.0,1994.0,1954.0,1895.0,1924.0,1938.0,1954.0,1905.0,1873.0,1896.0,1943.0,1904.0,1912.0,2913.0,3351.0,3356.0,3184.0,3341.0,3137.0,2950.0,3050.0,3037.0,3151.0,2675.0,3303.0,3341.0,3169.0,3329.0,3139.0,3254.0,3353.0,3317.0,175.182126995,0.019960754
1501.0,2017.0,2246.0,1887.0,1892.0,1907.0,1894.0,1891.0,1896.0,1889.0,1888.0,1897.0,1892.0,1894.0,1912.0,1912.0,1920.0,1945.0,1944.0,1951.0,1928.0,1912.0,1918.0,1962.0,1951.0,2919.0,3351.0,3359.0,3188.0,3340.0,3140.0,2950.0,3050.0,3038.0,3150.0,2674.0,3302.0,3341.0,3168.0,3331.0,3139.0,3254.0,3353.0,3319.0,175.20212955,0.019965025
1500.0,2016.0,2247.0,1926.0,1929.0,1942.0,1928.0,1914.0,1911.0,1954.0,1937.0,1919.0,1911.0,1903.0,1914.0,1955.0,1941.0,1929.0,1940.0,1972.0,1939.0,1946.0,1961.0,1985.0,1985.0,2920.0,3352.0,3359.0,3187.0,3343.0,3138.0,2951.0,3051.0,3037.0,3149.0,2677.0,3304.0,3342.0,3170.0,3331.0,3141.0,3253.0,3353.0,3320.0,175.222129065,0.019235288
1498.0,2019.0,2246.0,2052.0,2029.0,2035.0,2005.0,2024.0,2010.0,2037.0,2067.0,2078.0,2071.0,2069.0,2102.0,2106.0,2087.0,2100.0,2130.0,2110.0,2097.0,2128.0,2135.0,2117.0,2131.0,2920.0,3353.0,3360.0,3189.0,3343.0,3140.0,2951.0,3051.0,3038.0,3150.0,2678.0,3303.0,3343.0,3168.0,3330.0,3141.0,3255.0,3353.0,3321.0,175.242128159,0.019955716000000002
1498.0,2018.0,2244.0,2183.0,2212.0,2201.0,2183.0,2227.0,2221.0,2233.0,2226.0,2227.0,2229.0,2226.0,2231.0,2230.0,2206.0,2189.0,2182.0,2176.0,2171.0,2165.0,2164.0,2176.0,2188.0,2915.0,3351.0,3357.0,3187.0,3342.0,3137.0,2951.0,3051.0,3039.0,3151.0,2678.0,3305.0,3344.0,3169.0,3328.0,3140.0,3256.0,3353.0,3319.0,175.262131398,0.019242897000000002
1500.0,2017.0,2242.0,2149.0,2150.0,2187.0,2149.0,2139.0,2132.0,2120.0,2129.0,2152.0,2170.0,2161.0,2168.0,2174.0,2189.0,2202.0,2142.0,2153.0,2154.0,2128.0,2149.0,2167.0,2164.0,2914.0,3350.0,3358.0,3185.0,3341.0,3138.0,2950.0,3049.0,3037.0,3150.0,2676.0,3303.0,3342.0,3168.0,3331.0,3139.0,3254.0,3354.0,3321.0,175.282128581,0.019243846000000002
1498.0,2015.0,2240.0,2130.0,2127.0,2121.0,2121.0,2118.0,2113.0,2125.0,2135.0,2169.0,2123.0,2122.0,2154.0,2152.0,2136.0,2141.0,2148.0,2130.0,2154.0,2169.0,2173.0,2136.0,2131.0,2913.0,3350.0,3359.0,3186.0,3341.0,3137.0,2951.0,3051.0,3038.0,3150.0,2678.0,3306.0,3343.0,3169.0,3332.0,3141.0,3255.0,3353.0,3319.0,175.302129934,0.019966192
1499.0,2016.0,2241.0,2062.0,2069.0,2055.0,2066.0,2066.0,2090.0,2099.0,2094.0,2097.0,2062.0,2063.0,2073.0,2077.0,2072.0,2056.0,2053.0,2086.0,2070.0,2066.0,2061.0,2081.0,2089.0,2912.0,3349.0,3358.0,3185.0,3341.0,3137.0,2950.0,3051.0,3040.0,3150.0,2677.0,3306.0,3343.0,3170.0,3331.0,3140.0,3256.0,3354.0,3320.0,175.322129787,0.019255907000000003
1499.0,2016.0,2240.0,2031.0,1997.0,2033.0,2031.0,2027.0,2038.0,2059.0,2050.0,2033.0,2053.0,2037.0,2044.0,2077.0,2083.0,2077.0,2071.0,2072.0,2112.0,2123.0,2145.0,2127.0,2107.0,2911.0,3350.0,3359.0,3185.0,3342.0,3139.0,2948.0,3049.0,3039.0,3151.0,2674.0,3303.0,3343.0,3168.0,3331.0,3140.0,3256.0,3354.0,3321.0,175.342128799,0.019958603000000002
1498.0,2017.0,2241.0,2031.0,2017.0,2035.0,2071.0,2054.0,2060.0,2051.0,2070.0,2094.0,2082.0,2084.0,2076.0,2088.0,2096.0,2071.0,2075.0,2070.0,2060.0,2053.0,2050.0,2054.0,2053.0,2915.0,3353.0,3361.0,3187.0,3344.0,3140.0,2949.0,3053.0,3039.0,3152.0,2673.0,3304.0,3344.0,3169.0,3332.0,3139.0,3257.0,3354.0,3321.0,175.362172594,0.019303132
1498.0,2016.0,2241.0,2111.0,2108.0,2119.0,2114.0,2108.0,2079.0,2064.0,2067.0,2059.0,2082.0,2106.0,2081.0,2076.0,2048.0,2064.0,2075.0,2061.0,2045.0,2020.0,2036.0,2029.0,2045.0,2916.0,3353.0,3360.0,3187.0,3344.0,3140.0,2949.0,3052.0,3037.0,3151.0,2668.0,3303.0,3342.0,3168.0,3330.0,3137.0,3257.0,3354.0,3321.0,175.382129925,0.01920651
1501.0,2016.0,2240.0,2148.0,2106.0,2087.0,2098.0,2106.0,2079.0,2051.0,2074.0,2059.0,2029.0,2050.0,2007.0,1989.0,2021.0,2007.0,2042.0,2037.0,2017.0,2034.0,2025.0,2016.0,2024.0,2913.0,3351.0,3359.0,3188.0,3341.0,3140.0,2950.0,3051.0,3038.0,3151.0,2667.0,3303.0,3342.0,3165.0,3329.0,3139.0,3256.0,3352.0,3319.0,175.402133283,0.019966807
1498.0,2014.0,2242.0,2018.0,1990.0,1993.0,1985.0,2013.0,2007.0,1980.0,1965.0,1959.0,1939.0,1922.0,1908.0,1950.0,1950.0,1954.0,1921.0,1903.0,1942.0,1949.0,1922.0,1938.0,1927.0,2912.0,3353.0,3359.0,3185.0,3342.0,3139.0,2950.0,3051.0,3037.0,3150.0,2675.0,3304.0,3343.0,3169.0,3330.0,3139.0,3256.0,3354.0,3319.0,175.422129857,0.019234456
1499.0,2013.0,2246.0,1969.0,1969.0,1987.0,1983.0,1994.0,1984.0,1985.0,1942.0,1928.0,1971.0,1956.0,1938.0,1946.0,1933.0,1897.0,1912.0,1862.0,1881.0,1945.0,1933.0,1910.0,1911.0,2917.0,3354.0,3360.0,3188.0,3342.0,3141.0,2950.0,3052.0,3037.0,3149.0,2673.0,3304.0,3343.0,3169.0,3331.0,3139.0,3254.0,3354.0,3321.0,175.442132134,0.019962957
1501.0,2015.0,2248.0,1933.0,1932.0,1898.0,1868.0,1863.0,1836.0,1849.0,1855.0,1840.0,1847.0,1842.0,1848.0,1891.0,1877.0,1874.0,1874.0,1869.0,1908.0,1917.0,1921.0,1884.0,1856.0,2924.0,3354.0,3361.0,3191.0,3346.0,3144.0,2949.0,3050.0,3035.0,3148.0,2665.0,3300.0,3341.0,3165.0,3329.0,3137.0,3254.0,3352.0,3321.0,175.462137727,0.019973912
1498.0,2015.0,2251.0,1872.0,1884.0,1862.0,1872.0,1877.0,1889.0,1921.0,1891.0,1902.0,1916.0,1921.0,1941.0,1972.0,1936.0,1907.0,1898.0,1893.0,1910.0,1905.0,1902.0,1915.0,1897.0,2928.0,3354.0,3362.0,3192.0,3344.0,3144.0,2950.0,3052.0,3034.0,3149.0,2666.0,3300.0,3339.0,3162.0,3327.0,3137.0,3253.0,3355.0,3318.0,175.482131115,0.019956042
1499.0,2013.0,2254.0,1891.0,1894.0,1914.0,1897.0,1903.0,1905.0,1898.0,1872.0,1863.0,1885.0,1898.0,1878.0,1877.0,1891.0,1902.0,1884.0,1885.0,1878.0,1889.0,1918.0,1960.0,1944.0,2931.0,3354.0,3361.0,3193.0,3346.0,3143.0,2949.0,3051.0,3034.0,3148.0,2668.0,3300.0,3339.0,3164.0,3330.0,3136.0,3253.0,3356.0,3320.0,175.502134461,0.019961104
1499.0,2014.0,2256.0,1937.0,1919.0,1917.0,1944.0,1954.0,1977.0,1984.0,1995.0,1999.0,1980.0,1974.0,1969.0,1975.0,1968.0,1986.0,1970.0,1938.0,1947.0,1902.0,1957.0,1965.0,1970.0,2933.0,3355.0,3365.0,3195.0,3346.0,3144.0,2952.0,3053.0,3034.0,3148.0,2670.0,3301.0,3338.0,3166.0,3331.0,3137.0,3254.0,3355.0,3322.0,175.52213145,0.019239132000000003
1500.0,2014.0,2255.0,2016.0,1997.0,1991.0,1986.0,1996.0,2010.0,2009.0,1989.0,1999.0,2038.0,2025.0,2003.0,2035.0,2039.0,2047.0,2053.0,2041.0,2020.0,2036.0,2012.0,1990.0,1985.0,2933.0,3355.0,3362.0,3194.0,3345.0,3144.0,2949.0,3051.0,3034.0,3148.0,2671.0,3300.0,3338.0,3165.0,3330.0,3138.0,3254.0,3355.0,3320.0,175.542134727,0.019964912
1499.0,2014.0,2258.0,1977.0,1949.0,1965.0,1941.0,1945.0,1966.0,1954.0,1977.0,1916.0,1929.0,1944.0,1939.0,1947.0,1929.0,1956.0,1938.0,1926.0,1915.0,1924.0,1944.0,1938.0,1920.0,2935.0,3356.0,3362.0,3197.0,3347.0,3145.0,2951.0,3052.0,3034.0,3147.0,2670.0,3298.0,3339.0,3165.0,3331.0,3137.0,3252.0,3355.0,3319.0,175.562131779,0.019963397
1500.0,2015.0,2261.0,1908.0,1935.0,1926.0,1816.0,1798.0,1866.0,1897.0,1932.0,1922.0,1894.0,1921.0,1885.0,1881.0,1875.0,1880.0,1867.0,1854.0,1872.0,1885.0,1951.0,1935.0,1886.0,2939.0,3358.0,3364.0,3199.0,3347.0,3147.0,2950.0,3052.0,3032.0,3147.0,2667.0,3299.0,3339.0,3163.0,3329.0,3137.0,3251.0,3355.0,3322.0,175.582132293,0.019951912000000002
1499.0,2015.0,2262.0,2045.0,2027.0,1978.0,1997.0,1986.0,1999.0,2013.0,2056.0,2077.0,2048.0,2043.0,2061.0,2073.0,2062.0,2029.0,2032.0,2034.0,2031.0,2044.0,2060.0,2082.0,2078.0,2944.0,3355.0,3365.0,3199.0,3346.0,3148.0,2949.0,3050.0,3031.0,3146.0,2663.0,3295.0,3336.0,3162.0,3329.0,3134.0,3249.0,3354.0,3321.0,175.602144288,0.019973459000000002
1499.0,2015.0,2259.0,2167.0,2176.0,2212.0,2200.0,2159.0,2140.0,2142.0,2140.0,2163.0,2140.0,2168.0,2167.0,2149.0,2164.0,2165.0,2161.0,2186.0,2165.0,2182.0,2186.0,2201.0,2238.0,2943.0,3359.0,3365.0,3198.0,3347.0,3148.0,2951.0,3052.0,3031.0,3147.0,2665.0,3296.0,3337.0,3165.0,3330.0,3136.0,3253.0,3355.0,3321.0,175.62213216,0.019951895
1498.0,2014.0,2254.0,2264.0,2266.0,2274.0,2259.0,2261.0,2249.0,2259.0,2271.0,2235.0,2212.0,2198.0,2200.0,2206.0,2220.0,2217.0,2238.0,2212.0,2225.0,2212.0,2246.0,2273.0,2311.0,2934.0,3356.0,3362.0,3195.0,3344.0,3143.0,2950.0,3050.0,3034.0,3146.0,2669.0,3298.0,3340.0,3166.0,3331.0,3136.0,3253.0,3355.0,3319.0,175.642131759,0.019964332
1498.0,2015.0,2254.0,2177.0,2141.0,2144.0,2160.0,2146.0,2113.0,2100.0,2112.0,2109.0,2096.0,2091.0,2101.0,2118.0,2112.0,2109.0,2102.0,2106.0,2072.0,2084.0,2066.0,2052.0,2067.0,2928.0,3354.0,3363.0,3192.0,3345.0,3142.0,2950.0,3051.0,3036.0,3149.0,2678.0,3301.0,3342.0,3169.0,3332.0,3140.0,3255.0,3353.0,3320.0,175.662135674,0.019973274000000003
1500.0,2015.0,2256.0,2020.0,2025.0,2013.0,2015.0,2016.0,2046.0,1990.0,1970.0,1976.0,1999.0,2017.0,1991.0,1963.0,1952.0,1973.0,1962.0,1958.0,1997.0,1983.0,2029.0,2044.0,2010.0,2926.0,3352.0,3361.0,3192.0,3344.0,3142.0,2950.0,3049.0,3035.0,3148.0,2678.0,3301.0,3341.0,3168.0,3330.0,3138.0,3253.0,3356.0,3321.0,175.682133798,0.019247018
1498.0,2016.0,2253.0,2117.0,2115.0,2109.0,2104.0,2121.0,2112.0,2100.0,2115.0,2135.0,2085.0,2083.0,2082.0,2111.0,2118.0,2145.0,2193.0,2193.0,2207.0,2198.0,2207.0,2229.0,2244.0,2930.0,3353.0,3362.0,3191.0,3343.0,3141.0,2948.0,3050.0,3033.0,3147.0,2675.0,3299.0,3341.0,3167.0,3331.0,3137.0,3251.0,3354.0,3322.0,175.702136315,0.019960138000000002
1501.0,2016.0,2250.0,2192.0,2202.0,2183.0,2172.0,2176.0,2181.0,2171.0,2173.0,2174.0,2162.0,2177.0,2185.0,2198.0,2195.0,2197.0,2217.0,2231.0,2211.0,2209.0,2208.0,2228.0,2227.0,2923.0,3353.0,3361.0,3190.0,3345.0,3144.0,2949.0,3050.0,3035.0,3149.0,2678.0,3301.0,3343.0,3169.0,3333.0,3141.0,3255.0,3355.0,3322.0,175.722133405,0.019242452
1498.0,2017.0,2249.0,2119.0,2126.0,2133.0,2121.0,2136.0,2145.0,2133.0,2147.0,2155.0,2137.0,2156.0,2157.0,2157.0,2156.0,2156.0,2146.0,2169.0,2159.0,2135.0,2171.0,2162.0,2166.0,2919.0,3352.0,3358.0,3189.0,3345.0,3142.0,2947.0,3049.0,3035.0,3148.0,2677.0,3303.0,3343.0,3168.0,3331.0,3141.0,3255.0,3353.0,3321.0,175.742136892,0.019963556
1500.0,2016.0,2249.0,2111.0,2115.0,2126.0,2139.0,2130.0,2137.0,2145.0,2152.0,2119.0,2121.0,2140.0,2123.0,2124.0,2115.0,2111.0,2116.0,2101.0,2105.0,2107.0,2077.0,2102.0,2112.0,2918.0,3352.0,3361.0,3189.0,3345.0,3143.0,2946.0,3049.0,3034.0,3148.0,2673.0,3306.0,3341.0,3168.0,3332.0,3141.0,3254.0,3356.0,3321.0,175.762137565,0.019255647
1501.0,2017.0,2248.0,2135.0,2130.0,2148.0,2160.0,2157.0,2158.0,2157.0,2182.0,2192.0,2184.0,2185.0,2187.0,2160.0,2145.0,2159.0,2146.0,2125.0,2118.0,2113.0,2096.0,2094.0,2093.0,2919.0,3352.0,3361.0,3188.0,3346.0,3144.0,2949.0,3050.0,3036.0,3151.0,2674.0,3303.0,3342.0,3168.0,3332.0,3140.0,3256.0,3357.0,3322.0,175.782134623,0.019231143000000003
1499.0,2016.0,2248.0,2054.0,2051.0,2067.0,2070.0,2069.0,2076.0,2097.0,2082.0,2073.0,2065.0,2079.0,2073.0,2061.0,2036.0,2052.0,2050.0,2025.0,2037.0,2041.0,2027.0,2037.0,2035.0,2917.0,3354.0,3360.0,3187.0,3344.0,3141.0,2947.0,3049.0,3034.0,3150.0,2672.0,3302.0,3341.0,3165.0,3331.0,3139.0,3257.0,3356.0,3320.0,175.802134467,0.019961504
1501.0,2015.0,2249.0,2072.0,2073.0,2089.0,2072.0,2061.0,2045.0,2043.0,2025.0,2020.0,2029.0,2004.0,2010.0,2032.0,2039.0,2019.0,2002.0,1986.0,2019.0,2033.0,2041.0,2048.0,2028.0,2921.0,3354.0,3362.0,3190.0,3346.0,3142.0,2948.0,3049.0,3035.0,3150.0,2672.0,3303.0,3342.0,3168.0,3333.0,3141.0,3255.0,3355.0,3321.0,175.822137459,0.019961862
1500.0,2014.0,2247.0,2095.0,2101.0,2111.0,2076.0,2042.0,2049.0,2053.0,2036.0,2058.0,2069.0,2038.0,2011.0,2017.0,2046.0,2051.0,2073.0,2060.0,2074.0,2091.0,2119.0,2138.0,2139.0,2919.0,3353.0,3361.0,3190.0,3343.0,3142.0,2947.0,3047.0,3034.0,3149.0,2676.0,3304.0,3342.0,3169.0,3332.0,3140.0,3254.0,3355.0,3320.0,175.842136492,0.019240888
1499.0,2015.0,2245.0,2145.0,2148.0,2135.0,2119.0,2131.0,2142.0,2132.0,2137.0,2162.0,2186.0,2189.0,2194.0,2207.0,2210.0,2201.0,2193.0,2197.0,2189.0,2175.0,2186.0,2192.0,2170.0,2913.0,3351.0,3360.0,3184.0,3344.0,3141.0,2946.0,3048.0,3036.0,3150.0,2683.0,3305.0,3345.0,3172.0,3331.0,3141.0,3257.0,3356.0,3320.0,175.862134878,0.019953684000000003
1501.0,2015.0,2246.0,2122.0,2123.0,2127.0,2122.0,2152.0,2158.0,2186.0,2142.0,2039.0,2072.0,2083.0,2098.0,2122.0,2106.0,2073.0,2048.0,2043.0,2058.0,2059.0,2072.0,2043.0,2062.0,2906.0,3348.0,3359.0,3184.0,3342.0,3139.0,2948.0,3047.0,3037.0,3149.0,2692.0,3311.0,3347.0,3173.0,3335.0,3145.0,3256.0,3356.0,3322.0,175.882147488,0.019971917000000002
1498.0,2018.0,2246.0,2021.0,2034.0,2023.0,2019.0,2012.0,1966.0,1980.0,1990.0,1968.0,1968.0,1964.0,1977.0,2000.0,1996.0,1983.0,1979.0,2013.0,2030.0,2021.0,2047.0,2040.0,2034.0,2903.0,3347.0,3356.0,3183.0,3341.0,3138.0,2946.0,3047.0,3035.0,3149.0,2696.0,3310.0,3347.0,3176.0,3333.0,3143.0,3256.0,3355.0,3321.0,175.90213938,0.019248263
1501.0,2018.0,2246.0,2021.0,2025.0,2008.0,2006.0,2034.0,2057.0,2032.0,2030.0,2054.0,2053.0,2050.0,2058.0,2072.0,2087.0,2066.0,2061.0,2108.0,2075.0,2037.0,2073.0,2071.0,2050.0,2901.0,3347.0,3357.0,3182.0,3343.0,3138.0,2947.0,3047.0,3040.0,3149.0,2700.0,3312.0,3347.0,3177.0,3334.0,3144.0,3258.0,3354.0,3321.0,175.922136671,0.019247225
1498.0,2022.0,2246.0,2122.0,2149.0,2146.0,2094.0,2115.0,2115.0,2102.0,2100.0,2107.0,2129.0,2071.0,2055.0,2084.0,2080.0,2112.0,2129.0,2102.0,2114.0,2122.0,2111.0,2143.0,2199.0,2899.0,3346.0,3356.0,3179.0,3340.0,3135.0,2948.0,3045.0,3039.0,3149.0,2701.0,3311.0,3349.0,3176.0,3334.0,3146.0,3256.0,3355.0,3321.0,175.942137252,0.019959527
1498.0,2020.0,2244.0,2011.0,2048.0,2044.0,2054.0,2092.0,2138.0,2139.0,2162.0,2175.0,2130.0,2145.0,2154.0,2155.0,2141.0,2130.0,2127.0,2096.0,2084.0,2081.0,2099.0,2065.0,2067.0,2894.0,3345.0,3355.0,3178.0,3340.0,3135.0,2947.0,3044.0,3039.0,3150.0,2706.0,3313.0,3349.0,3177.0,3335.0,3146.0,3256.0,3356.0,3321.0,175.962146101,0.019254298
1500.0,2021.0,2243.0,2107.0,2073.0,2049.0,2078.0,2021.0,2040.0,2065.0,2080.0,2055.0,2030.0,2038.0,2053.0,2098.0,2111.0,2089.0,2105.0,2102.0,2080.0,2109.0,2150.0,2138.0,2122.0,2895.0,3345.0,3356.0,3179.0,3342.0,3137.0,2948.0,3046.0,3039.0,3151.0,2704.0,3313.0,3350.0,3177.0,3336.0,3146.0,3258.0,3355.0,3322.0,175.98213765,0.019247430000000003
1498.0,2021.0,2241.0,2155.0,2146.0,2152.0,2134.0,2145.0,2107.0,2130.0,2153.0,2165.0,2160.0,2175.0,2192.0,2226.0,2235.0,2237.0,2211.0,2199.0,2219.0,2194.0,2172.0,2203.0,2186.0,2894.0,3345.0,3354.0,3179.0,3340.0,3135.0,2946.0,3046.0,3039.0,3148.0,2701.0,3312.0,3347.0,3177.0,3335.0,3145.0,3258.0,3354.0,3323.0,176.002137324,0.019956210000000002
1498.0,2021.0,2238.0,2171.0,2191.0,2207.0,2192.0,2150.0,2190.0,2172.0,2200.0,2215.0,2214.0,2214.0,2208.0,2203.0,2199.0,2197.0,2203.0,2194.0,2223.0,2189.0,2177.0,2218.0,2207.0,2894.0,3345.0,3356.0,3180.0,3340.0,3137.0,2948.0,3046.0,3038.0,3150.0,2694.0,3312.0,3348.0,3173.0,3335.0,3145.0,3258.0,3354.0,3321.0,176.022141109,0.019958493
1501.0,2020.0,2235.0,2223.0,2215.0,2219.0,2230.0,2241.0,2254.0,2275.0,2273.0,2282.0,2286.0,2270.0,2293.0,2260.0,2271.0,2247.0,2237.0,2260.0,2188.0,2192.0,2205.0,2192.0,2190.0,2892.0,3345.0,3355.0,3176.0,3339.0,3135.0,2946.0,3046.0,3039.0,3150.0,2689.0,3309.0,3345.0,3173.0,3333.0,3142.0,3257.0,3354.0,3319.0,176.042138107,0.019235211000000002
1499.0,2022.0,2231.0,2248.0,2254.0,2261.0,2271.0,2269.0,2277.0,2297.0,2321.0,2303.0,2244.0,2257.0,2249.0,2196.0,2182.0,2220.0,2162.0,2182.0,2213.0,2198.0,2235.0,2277.0,2257.0,2890.0,3345.0,3355.0,3178.0,3339.0,3136.0,2947.0,3048.0,3042.0,3151.0,2688.0,3312.0,3346.0,3174.0,3334.0,3145.0,3259.0,3353.0,3322.0,176.062147552,0.019973372
1500.0,2025.0,2229.0,2230.0,2247.0,2251.0,2276.0,2235.0,2178.0,2228.0,2225.0,2199.0,2201.0,2227.0,2221.0,2200.0,2191.0,2156.0,2199.0,2172.0,2171.0,2149.0,2118.0,2101.0,2101.0,2884.0,3346.0,3353.0,3175.0,3339.0,3134.0,2946.0,3046.0,3041.0,3151.0,2691.0,3312.0,3347.0,3174.0,3334.0,3143.0,3261.0,3355.0,3320.0,176.082144641,0.019246124
1501.0,2022.0,2230.0,2017.0,2051.0,2020.0,2048.0,2052.0,2048.0,2091.0,2091.0,2069.0,2123.0,2142.0,2155.0,2196.0,2187.0,2110.0,2136.0,2064.0,2042.0,1941.0,1938.0,1895.0,1860.0,2881.0,3343.0,3354.0,3172.0,3337.0,3133.0,2945.0,3045.0,3039.0,3150.0,2693.0,3312.0,3347.0,3174.0,3333.0,3145.0,3257.0,3354.0,3320.0,176.102138411,0.019240372000000002
1498.0,2026.0,2231.0,1923.0,1926.0,1921.0,1940.0,1956.0,1954.0,2029.0,1994.0,1989.0,2016.0,1992.0,1996.0,1978.0,2013.0,2028.0,2020.0,2039.0,2065.0,2075.0,2054.0,2089.0,2079.0,2883.0,3344.0,3354.0,3177.0,3338.0,3134.0,2946.0,3046.0,3039.0,3150.0,2693.0,3313.0,3347.0,3174.0,3334.0,3145.0,3259.0,3354.0,3320.0,176.12214234,0.019969929
1498.0,2028.0,2229.0,2141.0,2156.0,2158.0,2112.0,2140.0,2128.0,2137.0,2148.0,2128.0,2125.0,2143.0,2169.0,2130.0,2112.0,2106.0,2140.0,2121.0,2094.0,2101.0,2075.0,2068.0,2115.0,2886.0,3346.0,3356.0,3178.0,3340.0,3135.0,2947.0,3048.0,3040.0,3151.0,2689.0,3314.0,3347.0,3174.0,3335.0,3144.0,3260.0,3355.0,3321.0,176.142139309,0.019236161
1498.0,2028.0,2228.0,2118.0,2080.0,2079.0,2087.0,2111.0,2092.0,2057.0,2064.0,2107.0,2122.0,2124.0,2113.0,2177.0,2160.0,2164.0,2156.0,2118.0,2122.0,2130.0,2083.0,2058.0,2112.0,2882.0,3344.0,3352.0,3175.0,3339.0,3131.0,2947.0,3045.0,3041.0,3150.0,2694.0,3314.0,3348.0,3177.0,3334.0,3145.0,3259.0,3353.0,3318.0,176.162190542,0.020009433
