left_wam/base_yaw_joint_pos,left_wam/base_yaw_joint_vel,left_wam/base_yaw_joint_eff,left_wam/shoulder_pitch_joint_pos,left_wam/shoulder_pitch_joint_vel,left_wam/shoulder_pitch_joint_eff,left_wam/shoulder_yaw_joint_pos,left_wam/shoulder_yaw_joint_vel,left_wam/shoulder_yaw_joint_eff,left_wam/elbow_pitch_joint_pos,left_wam/elbow_pitch_joint_vel,left_wam/elbow_pitch_joint_eff,left_wam/wrist_yaw_joint_pos,left_wam/wrist_yaw_joint_vel,left_wam/wrist_yaw_joint_eff,left_wam/wrist_pitch_joint_pos,left_wam/wrist_pitch_joint_vel,left_wam/wrist_pitch_joint_eff,left_wam/palm_yaw_joint_pos,left_wam/palm_yaw_joint_vel,left_wam/palm_yaw_joint_eff,header_from_controller_start
1508285193.1740587,1.6110450608008482,0.0001403267957895758,0.0,-1.6574323036823846,0.015112382975507507,0.0,0.01774310982389804,-0.01809908536554044,0.0,0.26614566669815876,-0.033814672936390136,0.0,-0.36918331436278656,0.0248534546944401,0.0,-0.03186568337721202,0.04001296362815157,0.0,0.02938503049801028,-0.03394588840965038,0.0,111.301354395
1508285193.1940577,1.6110450608008482,4.490457465266421e-08,0.0,-1.657459453784825,-0.001798396621476082,0.0,0.017788721931414342,0.0030236347443849186,0.0,0.26614566669815876,-1.082069533964483e-05,0.0,-0.36926238553741986,0.001526441051809079,0.0,-0.03178661220257875,0.001531292094668933,0.0,0.02938503049801028,-0.04896275384476832,0.0,111.321353354
1508285193.2140565,1.6110450608008482,-2.3418503900194677e-05,0.0,-1.657459453784825,-0.012596851398433312,0.0,0.017788721931414342,0.021162681130889174,0.0,0.26614566669815876,0.008179561554236199,0.0,-0.36918331436278656,0.03182041096606304,0.0,-0.03186568337721202,0.031820412518396755,0.0,0.029487775359891433,0.03277899890172514,0.0,111.341352272
1508285193.2340605,1.6110450608008482,0.002806316541326453,0.0,-1.6574323036823846,0.015148970358086612,0.0,0.01774310982389804,-0.018150027344450096,0.0,0.26614566669815876,-0.0013724955224940277,0.0,-0.36926238553741986,0.0012354995585588356,0.0,-0.03178661220257875,0.0013366215543834917,0.0,0.029487775359891433,0.04136910319348536,0.0,111.361356242
1508285193.2540593,1.6110450608008482,8.98021293224464e-07,0.0,-1.657459453784825,0.0022636617195772746,0.0,0.017788721931414342,-0.0038006102379889873,0.0,0.26614566669815876,5.408679254646141e-05,0.0,-0.36926238553741986,0.02397670316863149,0.0,-0.03178661220257875,0.026506894881501222,0.0,0.029487775359891433,0.05049945293702051,0.0,111.381355096
1508285193.274058,1.6110450608008482,2.8736681383182813e-10,0.0,-1.657459453784825,-0.010831306342181815,0.0,0.017788721931414342,0.018196569637280197,0.0,0.26614566669815876,0.00021836136486460552,0.0,-0.36918331436278656,-0.0004984196538209551,0.0,-0.03186568337721202,8.482206361991557e-06,0.0,0.029487775359891433,0.050641552469582164,0.0,111.4013538
1508285193.2940612,1.6110450608008482,0.0029336213865648973,0.0,-1.657459453784825,-0.010805638475335652,0.0,0.017788721931414342,0.01821184162594846,0.0,0.26614566669815876,6.987563675667368e-08,0.0,-0.36918331436278656,-0.0010125301411368934,0.0,-0.03186568337721202,-0.001512969508464752,0.0,0.02938503049801028,-0.04125375552396373,0.0,111.421356969
1508285193.3140583,1.6110450608008482,9.38758843700766e-07,0.0,-1.657459453784825,-0.0017426356674077235,0.0,0.017788721931414342,0.0028694973506021614,0.0,0.26614566669815876,-5.4318817890860796e-05,0.0,-0.36918331436278656,0.03188339404642618,0.0,-0.03186568337721202,-0.04403059591942232,0.0,0.029487775359891433,0.04108772251473937,0.0,111.441354134
1508285193.3340619,1.6110450608008482,3.004028299842448e-10,0.0,-1.6574323036823846,0.010843041084506016,0.0,0.01774310982389804,-0.018274192642058356,0.0,0.2662308878530413,0.03572692273718048,0.0,-0.36918331436278656,0.00026306790910109743,0.0,-0.03186568337721202,-0.00026695501370036743,0.0,0.02938503049801028,0.007838578772686863,0.0,111.46135753
1508285193.354059,1.6110450608008482,9.612890559495823e-14,0.0,-1.657459453784825,-0.011410938699667852,0.0,0.017788721931414342,-0.019182026823878782,0.0,0.26614566669815876,0.0071033873807484355,0.0,-0.36926238553741986,-0.031008411093562935,0.0,-0.03178661220257875,0.033040223917890015,0.0,0.029487775359891433,-0.0015809259422177948,0.0,111.481354765
1508285193.374059,1.6110450608008482,-0.015037059315325993,0.0,-1.657459453784825,-0.010647649631794626,0.0,0.017788721931414342,0.01787575329262207,0.0,0.26614566669815876,-0.006956956525351818,0.0,-0.36926238553741986,-0.00697327350986506,0.0,-0.03178661220257875,-0.006446444291629367,0.0,0.02938503049801028,-0.03560328678330649,0.0,111.501354596
1508285193.3940625,1.6110450608008482,0.0001115580243851795,0.0,-1.657459453784825,0.002176555102278144,0.0,0.017788721931414342,-0.0035982027020147953,0.0,0.26614566669815876,-0.005209881334453022,0.0,-0.36926238553741986,-0.007666797873218071,0.0,-0.03178661220257875,-0.007666629287873618,0.0,0.029487775359891433,0.03946039485193739,0.0,111.521358337
1508285193.4140599,1.6110450608008482,-2.325486485681382e-05,0.0,-1.6574323036823846,0.011290475110467869,0.0,0.01774310982389804,-0.01896795263870371,0.0,0.26614566669815876,-5.601181001784535e-05,0.0,-0.36918331436278656,0.011390350694442771,0.0,-0.03186568337721202,0.0012076955411060974,0.0,0.029487775359891433,0.031272752241970396,0.0,111.541355707
1508285193.434063,1.6110450608008482,0.0029217241932008348,0.0,-1.6574323036823846,0.0108575248487221,0.0,0.01774310982389804,-0.018240615912378407,0.0,0.26614566669815876,0.00021852015442917546,0.0,-0.36918331436278656,3.6449122222216826e-06,0.0,-0.03186568337721202,0.0025296413266270336,0.0,0.029487775359891433,-0.007945722340997016,0.0,111.56135867
1508285193.4540598,1.6110815841529407,0.01467652686480252,0.0,-1.6574323036823846,0.010443633429851367,0.0,0.01774310982389804,-0.017545279319204493,0.0,0.26614566669815876,-0.006872409698198997,0.0,-0.36918331436278656,-0.006326151319066777,0.0,-0.03186568337721202,0.006326961970660988,0.0,0.02938503049801028,-0.039247852674559866,0.0,111.581355488
1508285193.4740603,1.6110450608008482,0.0029288681282986476,0.0,-1.657459453784825,-0.0016472906942524095,0.0,0.017788721931414342,0.0027674444478275133,0.0,0.26614566669815876,-0.00022042662291733742,0.0,-0.36918331436278656,-2.024368422101366e-06,0.0,-0.03186568337721202,2.0246278306115138e-06,0.0,0.029487775359891433,0.03437394856867783,0.0,111.601356098
1508285193.4940636,1.6110450608008482,0.0005852139167994206,0.0,-1.6574323036823846,0.008631097112103348,0.0,0.017834334038930866,0.021827533377225625,0.0,0.2662308878530413,0.041052125413165975,0.0,-0.36926238553741986,-0.02513849393899738,0.0,-0.03178661220257875,0.025138493939071565,0.0,0.029487775359891433,1.099966354197689e-05,0.0,111.62135937
1508285193.5140653,1.6110450608008482,0.0005597118358812327,0.0,-1.6574323036823846,0.008684400949857406,0.0,0.01774310982389804,-0.014297356704240927,0.0,0.26614566669815876,0.00821734249052964,0.0,-0.36918331436278656,0.0002353395463947883,0.0,-0.03186568337721202,-0.00033619726470848364,0.0,0.029487775359891433,0.039466286481624105,0.0,111.641360898
1508285193.5340643,1.6110450608008482,0.0029215625027793077,0.0,-1.6574323036823846,0.010753325351395487,0.0,0.01774310982389804,-0.018123488557674726,0.0,0.2662308878530413,0.0013120638550169622,0.0,-0.36918331436278656,5.0366759476179996e-05,0.0,-0.03186568337721202,-5.0399033946022727e-05,0.0,0.02938503049801028,-0.001308792649248123,0.0,111.661360027
1508285193.5540612,1.6110450608008482,0.0005853508915121294,0.0,-1.657459453784825,-0.010767880391398333,0.0,0.017788721931414342,0.01808999490648314,0.0,0.26614566669815876,-0.02587616771085534,0.0,-0.36918331436278656,-0.00010081764424806704,0.0,-0.03186568337721202,-1.6127690880424595e-08,0.0,0.02938503049801028,-0.03290746070342767,0.0,111.681356892
1508285193.5740619,1.6110450608008482,1.8731228528388122e-07,0.0,-1.657459453784825,-0.01118555283025596,0.0,0.017788721931414342,-0.018780124544454154,0.0,0.26614566669815876,0.00026341059511798766,0.0,-0.36918331436278656,0.02616722741576801,0.0,-0.03186568337721202,-0.03886438966889143,0.0,0.029487775359891433,0.04191288295289148,0.0,111.701357715
1508285193.594065,1.6110450608008482,-2.3412865847752432e-05,0.0,-1.657459453784825,-0.002269656522454831,0.0,0.017788721931414342,-0.0035210403978617293,0.0,0.2662308878530413,0.035328476629059774,0.0,-0.36926238553741986,0.03756548415379272,0.0,-0.03194475455184531,-0.038075699787016096,0.0,0.02938503049801028,0.006879871845184881,0.0,111.721360706
1508285193.6140623,1.6110450608008482,0.0029210277461121526,0.0,-1.657459453784825,-0.0004159874688112529,0.0,0.017788721931414342,0.0006965110595205897,0.0,0.26614566669815876,0.0054692441980881985,0.0,-0.36926238553741986,0.03067620658609503,0.0,-0.03178661220257875,0.03377577842617523,0.0,0.029487775359891433,0.038602649341802894,0.0,111.741358062
1508285193.6340654,1.6110450608008482,9.347288787558877e-07,0.0,-1.6574323036823846,0.002172032516179739,0.0,0.01774310982389804,-0.003649010211435772,0.0,0.2662308878530413,0.04082977790640583,0.0,-0.36926238553741986,0.000965314709213642,0.0,-0.03178661220257875,-0.0009446900740093804,0.0,0.029487775359891433,0.0102657655502829,0.0,111.761361015
1508285193.6540623,1.6110450608008482,2.991132412018838e-10,0.0,-1.657459453784825,0.0018136990613476756,0.0,0.017788721931414342,0.0042159551777409,0.0,0.2662308878530413,-0.00020590551847570767,0.0,-0.36918331436278656,-0.00010089747344556766,0.0,-0.03186568337721202,-0.000507846701090084,0.0,0.02938503049801028,-0.04936948490725,0.0,111.781357923
1508285193.6740634,1.6110450608008482,9.57162371846027e-14,0.0,-1.6574323036823846,-8.663898117657713e-05,0.0,0.01774310982389804,-0.0001451792198615421,0.0,0.26614566669815876,-0.0014183852864314613,0.0,-0.36926238553741986,-0.00632920297515187,0.0,-0.03178661220257875,0.0063290081770137965,0.0,0.02938503049801028,0.007878241766899932,0.0,111.801359096
1508285193.6940656,1.6110450608008482,-0.0005842766789983344,0.0,-1.657459453784825,0.00437625615259851,0.0,0.017788721931414342,-2.9282147113475714e-05,0.0,0.26614566669815876,-0.03397796631754763,0.0,-0.36926238553741986,-5.270707088120087e-05,0.0,-0.03178661220257875,-4.8656443312543436e-05,0.0,0.029487775359891433,0.047636629246841186,0.0,111.821361212
1508285193.714063,1.6110450608008482,-1.869685372794668e-07,0.0,-1.657459453784825,-0.0017341570668363076,0.0,0.017788721931414342,-0.004369714818777292,0.0,0.2662308878530413,0.027296171882677998,0.0,-0.36918331436278656,-0.0002024235097450989,0.0,-0.03186568337721202,0.0002023910734204859,0.0,0.02938503049801028,0.00034409031550141034,0.0,111.841358587
1508285193.7340667,1.6110815841529407,0.01461214175725688,0.0,-1.657459453784825,-0.0022417424170144635,0.0,0.017788721931414342,0.003763791337746049,0.0,0.2662308878530413,0.006879231491352979,0.0,-0.36918331436278656,0.002530697930943607,0.0,-0.03186568337721202,0.012647846209036303,0.0,0.02938503049801028,-0.007952995518029355,0.0,111.861362438
1508285193.7540636,1.6110450608008482,-0.0005820483919322657,0.0,-1.657459453784825,-0.012670280251137384,0.0,0.017788721931414342,0.014018763772995192,0.0,0.26614566669815876,-0.005417824350436917,0.0,-0.36926238553741986,0.0009665528921486487,0.0,-0.03194475455184531,-0.0009616957580235159,0.0,0.02938503049801028,-0.007923430015249656,0.0,111.88135944
1508285193.7740648,1.6110815841529407,0.011558384829839508,0.0,-1.657459453784825,0.0019948766520364513,0.0,0.017788721931414342,-0.0036456174061166983,0.0,0.26614566669815876,-0.03406424051102243,0.0,-0.36918331436278656,-0.006327351929864366,0.0,-0.03186568337721202,0.006327353484145065,0.0,0.02938503049801028,-0.0065872807990252375,0.0,111.901360559
1508285193.7940655,1.6110450608008482,-1.9691899399107353e-05,0.0,-1.6574323036823846,0.001645161779650203,0.0,0.01774310982389804,-0.04018710920803715,0.0,0.26614566669815876,-0.04040610049505497,0.0,-0.36918331436278656,-0.0063048057311912665,0.0,-0.03186568337721202,-0.006300756225458784,0.0,0.02938503049801028,-0.009632312153879939,0.0,111.921361213
1508285193.8140645,1.6110450608008482,-6.301407807714347e-09,0.0,-1.657459453784825,-0.013058685232388291,0.0,0.017788721931414342,0.02192658468965005,0.0,0.2662308878530413,0.03454430381616319,0.0,-0.36926238553741986,0.00728394132485475,0.0,-0.03194475455184531,-0.05562721853762946,0.0,0.02938503049801028,-0.041600090368125134,0.0,111.941360286
1508285193.8340673,1.6110450608008482,-2.016450498468589e-12,0.0,-1.6574323036823846,-2.1502406868982677e-05,0.0,0.01774310982389804,3.612016025081756e-05,0.0,0.2662308878530413,0.04117328800391683,0.0,-0.36918331436278656,0.00010323652711003109,0.0,-0.03186568337721202,-1.7800709932023696e-05,0.0,0.029487775359891433,0.008521831703950884,0.0,111.961363034
1508285193.8540642,1.6110450608008482,-0.0005836505937375522,0.0,-1.657459453784825,-0.0003643265024649152,0.0,0.017788721931414342,0.000612067656267842,0.0,0.2662308878530413,0.034474787773091,0.0,-0.36918331436278656,0.03076177875644059,0.0,-0.03186568337721202,-0.030255417761931733,0.0,0.02938503049801028,-0.009770103799544357,0.0,111.98135994
1508285193.8740666,1.6110450608008482,-1.8676818999601648e-07,0.0,-1.657459453784825,-1.1658448078877273e-07,0.0,0.017788721931414342,1.958616500057092e-07,0.0,0.26614566669815876,0.006890292516303944,0.0,-0.36918331436278656,0.026976600119171183,0.0,-0.03186568337721202,-0.02443598244999418,0.0,0.029487775359891433,0.008224905741821402,0.0,112.001362401
1508285193.8940716,1.6110450608008482,-5.976582079872521e-11,0.0,-1.657459453784825,-0.011200489028908179,0.0,0.017788721931414342,0.018816794925240663,0.0,0.26614566669815876,-0.03401572808839553,0.0,-0.36926238553741986,-0.030244401766246067,0.0,-0.03194475455184531,-0.03277960386020586,0.0,0.02938503049801028,-0.006278862275913411,0.0,112.021367395
1508285193.9140654,1.6110450608008482,0.0001167996506074244,0.0,-1.6574323036823846,0.010441265225270212,0.0,0.01774310982389804,-0.017541300741143465,0.0,0.26614566669815876,-0.005198426908434546,0.0,-0.3693414567120531,-0.025413414498132923,0.0,-0.031865683377212045,-0.03807256713874378,0.0,0.029487775359891433,-2.009235928292289e-06,0.0,112.041361064
1508285193.9340675,1.6110450608008482,3.737588819437577e-08,0.0,-1.657459453784825,-1.3984481872370853e-05,0.0,0.017788721931414342,-0.00026928245188589895,0.0,0.26614566669815876,-0.03553423084943794,0.0,-0.36918331436278656,0.001252589186283375,0.0,-0.03186568337721202,-0.001272904700406733,0.0,0.029487775359891433,-0.0082784145734168,0.0,112.061363275
1508285193.9540653,1.6110450608008482,-0.00011628705568996557,0.0,-1.657459453784825,-0.0005182556452326731,0.0,0.017788721931414342,-0.0005802972088198196,0.0,0.2662308878530413,-0.005460370670626638,0.0,-0.3693414567120531,-0.04559404897829547,0.0,-0.031865683377212045,-0.029949463291760927,0.0,0.02938503049801028,-0.0016367505176383052,0.0,112.081360931
1508285193.9740658,1.6110450608008482,0.0027954935102125563,0.0,-1.657459453784825,0.0005203886130312068,0.0,0.017788721931414342,-0.0005829164442873137,0.0,0.2662308878530413,0.034400170419185416,0.0,-0.36918331436278656,0.00023833539073237777,0.0,-0.03186568337721202,-0.00026250931465870704,0.0,0.029487775359891433,-0.0003291744256890579,0.0,112.101361608
1508285193.9940686,1.6110450608008482,-0.00013956916716488697,0.0,-1.6574323036823846,-0.001746855733570785,0.0,0.01774310982389804,0.002934806704300678,0.0,0.26614566669815876,-0.04078212965916696,0.0,-0.36926238553741986,0.0005071356753311602,0.0,-0.03178661220257875,-8.400298060179211e-08,0.0,0.02938503049801028,-0.010215644165651794,0.0,112.12136430300001
1508285194.0140734,1.6110450608008482,-0.00011717922215251977,0.0,-1.657459453784825,-0.0006089320066304927,0.0,0.017788721931414342,0.0007304378798188484,0.0,0.26614566669815876,4.1404323535812214e-05,0.0,-0.36926238553741986,-0.03260242930959903,0.0,-0.03194475455184531,0.030580517271235046,0.0,0.029487775359891433,-0.008219535644218352,0.0,112.141369154
1508285194.034068,1.6110450608008482,0.000699431162963592,0.0,-1.657459453784825,-0.012605795856479755,0.0,0.017788721931414342,0.02117761343140529,0.0,0.2662308878530413,0.03410721084560231,0.0,-0.36926238553741986,-0.0010172626463742594,0.0,-0.03178661220257875,-0.0009970441034682141,0.0,0.029487775359891433,0.03329324600907169,0.0,112.161363915
1508285194.0540667,1.6110450608008482,2.238179721483492e-07,0.0,-1.6574323036823846,-2.1347193857007284e-05,0.0,0.01774310982389804,-0.03617962449957583,0.0,0.26614566669815876,-0.005160645673248507,0.0,-0.3693414567120531,0.0012129755182771157,0.0,-0.031865683377212045,0.001313827726751382,0.0,0.029487775359891433,0.03292272416409945,0.0,112.181362344
1508285194.0740674,1.6110450608008482,7.162175108747166e-11,0.0,-1.657459453784825,-6.831102034242323e-09,0.0,0.017788721931414342,-1.1577479839864255e-05,0.0,0.26614566669815876,-0.03276175305326832,0.0,-0.36918331436278656,0.06962151449084668,0.0,-0.03186568337721202,0.00640524101203086,0.0,0.02938503049801028,0.0003392642806803649,0.0,112.20136311
1508285194.0940692,1.6110815841529407,2.2918960347990908e-14,0.0,-1.657459453784825,-0.00010442163982172599,0.0,0.017788721931414342,0.00017542439804007145,0.0,0.2662308878530413,0.03400340283908222,0.0,-0.3693414567120531,-0.030018478777912486,0.0,-0.031865683377212045,-0.03307574511404558,0.0,0.02938503049801028,-0.007978222782861859,0.0,112.221364947
1508285194.11407,1.6110450608008482,-0.0005845553704741498,0.0,-1.657459453784825,-0.002161633287108862,0.0,0.017788721931414342,0.00363153877913977,0.0,0.26614566669815876,-0.006774140732106994,0.0,-0.3693414567120531,-0.0318671303071784,0.0,-0.031865683377212045,-0.031361835363039006,0.0,0.02938503049801028,-0.009892803185886909,0.0,112.241365601
1508285194.134067,1.6110450608008482,0.0005585044188027412,0.0,-1.6574323036823846,-0.0018281633670638362,0.0,0.01774310982389804,0.0030713101078968462,0.0,0.26614566669815876,-2.1677250342742354e-06,0.0,-0.36926238553741986,0.00019320056449946893,0.0,-0.03194475455184531,0.0002942319598162621,0.0,0.02938503049801028,0.0016340398028454619,0.0,112.261362873
1508285194.154068,1.6110450608008482,0.003047835231263814,0.0,-1.657459453784825,-0.010883469567671049,0.0,0.017788721931414342,0.017992368712511954,0.0,0.26614566669815876,-0.007056731646252153,0.0,-0.3693414567120531,-0.03647278416756786,0.0,-0.031865683377212045,-0.026310072422221064,0.0,0.02938503049801028,0.00131391235587837,0.0,112.28136365
1508285194.17407,1.6110450608008482,9.753072740044195e-07,0.0,-1.657459453784825,-0.008765789563925468,0.0,0.017788721931414342,0.0147264122286792,0.0,0.26614566669815876,-0.026960970840736606,0.0,-0.36926238553741986,0.005110118738871948,0.0,-0.03178661220257875,0.0051133708066296085,0.0,0.02938503049801028,4.204519538810779e-07,0.0,112.301365599
1508285194.1940708,1.6110450608008482,-0.014551416622110541,0.0,-1.657459453784825,-0.002096063452244494,0.0,0.017788721931414342,0.003802205136145917,0.0,0.26614566669815876,-0.027074881347962623,0.0,-0.36926238553741986,1.6352379964390214e-06,0.0,-0.03178661220257875,0.06300777145777285,0.0,0.02938503049801028,0.008237862694498293,0.0,112.321366531
1508285194.2140706,1.6110450608008482,-4.656453319075368e-06,0.0,-1.657459453784825,-0.01307423879705688,0.0,0.017788721931414342,0.021964779942048325,0.0,0.26614566669815876,0.0013007589987259966,0.0,-0.36926238553741986,5.0453356219179946e-05,0.0,-0.03194475455184531,7.061531980954378e-05,0.0,0.029487775359891433,6.81943852581626e-05,0.0,112.34136635
1508285194.2340689,1.6110450608008482,0.0006994335309858039,0.0,-1.6574323036823846,0.013051245327034864,0.0,0.01774310982389804,-0.021868088030883116,0.0,0.26614566669815876,0.006822669485076853,0.0,-0.3693414567120531,-0.03290158768847613,0.0,-0.031865683377212045,-0.032901581236669995,0.0,0.029487775359891433,0.0013056668047567895,0.0,112.361364593
1508285194.254073,1.6110450608008482,0.00011713489282474687,0.0,-1.6574323036823846,0.011263866225943059,0.0,0.01774310982389804,-0.018923249914116574,0.0,0.26614566669815876,-0.033706574405520474,0.0,-0.36926238553741986,0.03126563839273309,0.0,-0.03178661220257875,0.03126563839481961,0.0,0.02938503049801028,0.008534814703847477,0.0,112.381368742
1508285194.274071,1.6110450608008482,-2.32780047619835e-05,0.0,-1.657459453784825,-0.010786258399983479,0.0,0.017788721931414342,-0.018074764348866776,0.0,0.26614566669815876,-0.006858361406652155,0.0,-0.36918331436278656,0.031897921621194945,0.0,-0.03186568337721202,0.03189792162119561,0.0,0.02938503049801028,0.0013112518118856924,0.0,112.401366816
1508285194.2940714,1.6110450608008482,0.0005834347477531015,0.0,-1.657459453784825,1.3835043728172207e-05,0.0,0.017788721931414342,-3.482544944993789e-05,0.0,0.2662308878530413,0.04119109172065024,0.0,-0.36926238553741986,-0.030550318864886225,0.0,-0.03194475455184531,-0.030550318864886225,0.0,0.02938503049801028,4.196005798034211e-07,0.0,112.421367236
1508285194.314072,1.6110450608008482,1.8669911928099225e-07,0.0,-1.6574323036823846,0.01060882704266731,0.0,0.01774310982389804,-0.01753059055423708,0.0,0.2662308878530413,0.03412444736033692,0.0,-0.36926238553741986,-0.006292270762572609,0.0,-0.03178661220257875,-0.006292270762572609,0.0,0.029487775359891433,0.04119099656809427,0.0,112.441367506
1508285194.334103,1.6110450608008482,-0.00011713450027530886,0.0,-1.657459453784825,-0.0026279936066590072,0.0,0.017788721931414342,0.004415116516174671,0.0,0.26614566669815876,-0.03419419317286123,0.0,-0.36926238553741986,-0.006049513464784838,0.0,-0.03178661220257875,0.05742389209484485,0.0,0.02938503049801028,-0.047906689969124144,0.0,112.461398943
1508285194.3540714,1.6110450608008482,-0.0004908101454697135,0.0,-1.6574323036823846,0.01296829735494522,0.0,0.01774310982389804,-0.022078091516515765,0.0,0.26614566669815876,0.005430628975864586,0.0,-0.36918331436278656,0.033225256465324156,0.0,-0.03186568337721202,0.033245567955103236,0.0,0.02938503049801028,0.009503104561908617,0.0,112.481367086
1508285194.3740718,1.6110450608008482,0.0029418061166310646,0.0,-1.6574323036823846,0.010345697929715646,0.0,0.01774310982389804,-0.01738084115444268,0.0,0.26614566669815876,-0.006753816946633817,0.0,-0.36918331436278656,1.0632082068903716e-05,0.0,-0.03186568337721202,-0.0004950316224031192,0.0,0.029487775359891433,0.03283274648115598,0.0,112.501367446
1508285194.3940728,1.6110450608008482,9.413779573219396e-07,0.0,-1.6574323036823846,0.00015930967322120025,0.0,0.01774310982389804,2.3638958115474084e-05,0.0,0.26614566669815876,-0.0071169319133307955,0.0,-0.36926238553741986,0.012344005456527373,0.0,-0.03178661220257875,-0.00025263261993192044,0.0,0.02938503049801028,0.0016518040181934697,0.0,112.521368379
1508285194.414073,1.6110450608008482,3.012409463430204e-10,0.0,-1.657459453784825,-0.0009553603281809348,0.0,0.017788721931414342,0.00014575101024639808,0.0,0.26614566669815876,-0.03411514297909629,0.0,-0.36918331436278656,0.031857228148513314,0.0,-0.03186568337721202,0.03185319722432885,0.0,0.029487775359891433,0.008243423670392335,0.0,112.54136864
1508285194.4340823,1.6110450608008482,-0.014522387986573772,0.0,-1.657459453784825,-0.010900555174508603,0.0,0.017788721931414342,0.018312439802659435,0.0,0.26614566669815876,-0.034171082255704116,0.0,-0.36926238553741986,-0.0002445831064996643,0.0,-0.03194475455184531,-0.0002445843963954034,0.0,0.02938503049801028,-0.0428827329718338,0.0,112.56137788
1508285194.4540725,1.6110450608008482,-0.00047077453505129426,0.0,-1.657459453784825,0.0003430135847804695,0.0,0.017788721931414342,0.000880478698377761,0.0,0.26614566669815876,-0.027384690596187828,0.0,-0.36918331436278656,-0.0065692193783405935,0.0,-0.03186568337721202,0.00656906284473736,0.0,0.029487775359891433,-0.008220210171148488,0.0,112.5813683
1508285194.4740722,1.6110815841529407,0.014596327844276833,0.0,-1.6574323036823846,-0.001997195505338405,0.0,0.01774310982389804,0.003647340873957308,0.0,0.26614566669815876,0.001081009940738906,0.0,-0.36918331436278656,0.0063202816276923795,0.0,-0.03186568337721202,0.006324485878003765,0.0,0.02938503049801028,-0.04073597593899212,0.0,112.601368024
1508285194.494079,1.6110450608008482,0.0029347851923915095,0.0,-1.657459453784825,-0.0003481849884543374,0.0,0.017788721931414342,0.0005850434106494864,0.0,0.26614566669815876,-0.04077606013457709,0.0,-0.36926238553741986,0.03154254023133727,0.0,-0.03178661220257875,0.0320471298762355,0.0,0.02938503049801028,-0.049174141275179495,0.0,112.621374826
1508285194.514074,1.6110450608008482,9.39131261565282e-07,0.0,-1.657459453784825,0.0009551755573405927,0.0,0.017788721931414342,0.0001460695787265939,0.0,0.26614566669815876,-0.03380546101019923,0.0,-0.36918331436278656,1.0093612874027915e-05,0.0,-0.03186568337721202,-9.074661636556301e-05,0.0,0.02938503049801028,-0.03917912302365976,0.0,112.641369799
1508285194.5340734,1.6110450608008482,3.0052200370088995e-10,0.0,-1.657459453784825,-0.010843716080900538,0.0,0.017788721931414342,0.018217977465184363,0.0,0.26614566669815876,-1.0817747523263741e-05,0.0,-0.36926238553741986,0.00030351383518045495,0.0,-0.03178661220257875,0.00030348156630731146,0.0,0.029487775359891433,0.0013037903746501423,0.0,112.661368992
1508285194.5540738,1.6110450608008482,0.0001398154547059444,0.0,-1.657459453784825,-0.008907682570762354,0.0,0.017788721931414342,0.0146739874698617,0.0,0.26614566669815876,-0.0011450664774555893,0.0,-0.36918331436278656,0.03176339596787256,0.0,-0.03186568337721202,0.03176339595754652,0.0,0.02938503049801028,-0.03271312684912004,0.0,112.681369485
1508285194.5740755,1.6110450608008482,2.3407454334264534e-05,0.0,-1.657459453784825,-0.0021742394850750024,0.0,0.017788721931414342,-0.0036432327235803503,0.0,0.26614566669815876,-0.006816115310480228,0.0,-0.36926238553741986,0.006030037051041279,0.0,-0.03178661220257875,0.006131195191484074,0.0,0.029487775359891433,0.03913827649380082,0.0,112.701371259
1508285194.5940762,1.6110450608008482,2.3320206289780163e-05,0.0,-1.657459453784825,-0.013009938259406802,0.0,0.017788721931414342,0.02185433062426117,0.0,0.2662308878530413,0.0016344210674680507,0.0,-0.36926238553741986,0.024004173469380382,0.0,-0.03178661220257875,0.0265322557231784,0.0,0.02938503049801028,-0.0327528126996163,0.0,112.72137188
1508285194.6140804,1.6110450608008482,7.462466012729643e-09,0.0,-1.657459453784825,-0.00478308130676878,0.0,0.017788721931414342,0.0007656993236135783,0.0,0.26614566669815876,-0.027522935811363555,0.0,-0.3693414567120531,-0.03894149983589521,0.0,-0.031865683377212045,-0.023809616387972226,0.0,0.02938503049801028,-0.03128842995006117,0.0,112.741376046
1508285194.6340744,1.6110450608008482,-0.0023610234968085573,0.0,-1.657459453784825,-1.530586018166008e-06,0.0,0.017788721931414342,2.450237835563448e-07,0.0,0.26614566669815876,0.0013567836091874417,0.0,-0.36926238553741986,0.012642861173627779,0.0,-0.03194475455184531,-7.619077241929966e-06,0.0,0.029487775359891433,0.049327761777034435,0.0,112.761370126
1508285194.6540742,1.6110450608008482,-7.555275189787375e-07,0.0,-1.657459453784825,-4.897875258131221e-10,0.0,0.017788721931414342,7.840761073803027e-11,0.0,0.2662308878530413,-0.0064873390199372705,0.0,-0.36926238553741986,4.045715575560884e-06,0.0,-0.03178661220257875,-2.4381047174175864e-09,0.0,0.02938503049801028,8.125755759826491e-05,0.0,112.7813699
1508285194.6740746,1.6110450608008482,-2.417688060731957e-10,0.0,-1.6574323036823846,0.01030813618514976,0.0,0.01774310982389804,-0.010015695988046667,0.0,0.26614566669815876,0.006819363570757374,0.0,-0.36926238553741986,0.025245129694988235,0.0,-0.03178661220257875,0.037903469775515286,0.0,0.02938503049801028,-0.0017550955062131202,0.0,112.801370414
1508285194.694076,1.6110450608008482,-7.736601794342253e-14,0.0,-1.6574323036823846,0.010886696146932124,0.0,0.01774310982389804,-0.018287287006509875,0.0,0.2662308878530413,0.03416395781849899,0.0,-0.36926238553741986,-0.030626374513367517,0.0,-0.03194475455184531,-0.03062232384454175,0.0,0.02938503049801028,-5.616305619881978e-07,0.0,112.821371799
1508285194.7140784,1.6110450608008482,-0.014558331363733346,0.0,-1.657459453784825,-0.010818638686931214,0.0,0.017788721931414342,0.01788352327710832,0.0,0.2662308878530413,0.0015908553217209808,0.0,-0.36926238553741986,-9.800439844277595e-06,0.0,-0.03194475455184531,-0.0005155898458616403,0.0,0.029487775359891433,-1.7972177983622312e-10,0.0,112.841374185
1508285194.7340765,1.6110815841529407,0.014600517525109729,0.0,-1.657459453784825,-3.461964379817984e-06,0.0,0.017788721931414342,5.722727448674656e-06,0.0,0.26614566669815876,-0.00678945656788077,0.0,-0.36926238553741986,0.03136730617778896,0.0,-0.03178661220257875,0.03136714432520124,0.0,0.02938503049801028,-0.04141386465960233,0.0,112.861372201
1508285194.754076,1.6110450608008482,-0.00011226679757889907,0.0,-1.6574323036823846,0.010908947115521862,0.0,0.017834334038930866,0.025622865695896252,0.0,0.2662308878530413,-0.0053998619832216575,0.0,-0.36926238553741986,-0.03934998958924328,0.0,-0.03194475455184531,-0.039349989641041444,0.0,0.02938503049801028,0.007809416258407292,0.0,112.881371718
1508285194.7740767,1.6110450608008482,0.0029223924380421366,0.0,-1.657459453784825,0.0021585464449620367,0.0,0.017788721931414342,-0.003612288934174634,0.0,0.26614566669815876,5.27915379016318e-05,0.0,-0.36918331436278656,0.0280540398174845,0.0,-0.03186568337721202,0.02805403981746796,0.0,0.02938503049801028,0.007830298145030307,0.0,112.901372386
1508285194.7940762,1.6110815841529407,0.013977802603903413,0.0,-1.6574323036823846,0.012923571064456801,0.0,0.01774310982389804,-0.014432190257288978,0.0,0.26614566669815876,0.005158748081759683,0.0,-0.3693414567120531,-0.03782989974890202,0.0,-0.031865683377212045,-0.025210692365368766,0.0,0.02938503049801028,-0.04235354906537734,0.0,112.921372018
1508285194.8140798,1.6110450608008482,-1.8892600482271787e-05,0.0,-1.6574323036823846,-0.0022474327176465487,0.0,0.01774310982389804,-0.003787247622400676,0.0,0.26614566669815876,0.0013076867696522703,0.0,-0.36926238553741986,0.03822287385983133,0.0,-0.03178661220257875,0.03822691200622086,0.0,0.02938503049801028,0.008112579583375957,0.0,112.941375531
1508285194.8340766,1.6110450608008482,-6.0456321543269654e-09,0.0,-1.657459453784825,-0.0004527701080419525,0.0,0.017788721931414342,0.0007582325671196261,0.0,0.2662308878530413,0.026851789030561304,0.0,-0.36926238553741986,0.03274539648947396,0.0,-0.03178661220257875,0.030213729506519182,0.0,0.029487775359891433,0.04128711118909339,0.0,112.961372475
1508285194.8540804,1.6110450608008482,0.00011623192069245831,0.0,-1.6574051535799441,0.007952153898806807,0.0,0.017788721931414564,0.021821682764062256,0.0,0.26614566669815876,-0.006753520557846974,0.0,-0.36926238553741986,-0.03320765495993131,0.0,-0.03194475455184531,-0.03280623060814628,0.0,0.02938503049801028,-0.042889006151033436,0.0,112.981376276
1508285194.8740778,1.6110450608008482,0.0028056089797732875,0.0,-1.657459453784825,0.0005217291085300995,0.0,0.017788721931414342,-0.0005742437048370327,0.0,0.26614566669815876,-5.66222135246742e-05,0.0,-0.36918331436278656,0.06832477016836466,0.0,-0.03186568337721202,-0.007092005634773333,0.0,0.029487775359891433,0.03483667858502698,0.0,113.001373474
1508285194.8940775,1.6110450608008482,8.97794873527451e-07,0.0,-1.6574323036823846,0.002075243449564869,0.0,0.01774310982389804,-0.0037682950573614473,0.0,0.2662308878530413,0.035354386644079396,0.0,-0.3693414567120531,-0.03156533365243584,0.0,-0.031865683377212045,0.03148407041878387,0.0,0.029487775359891433,-0.007907147099134098,0.0,113.021373266
1508285194.914081,1.6110450608008482,2.8729435952878403e-10,0.0,-1.657459453784825,-0.00043371726248569536,0.0,0.017788721931414342,0.0007285537641452103,0.0,0.26614566669815876,1.1313403726105396e-05,0.0,-0.36926238553741986,-1.0100906768779458e-05,0.0,-0.03178661220257875,0.0020362450169043988,0.0,0.02938503049801028,0.009571556695878718,0.0,113.041376759
1508285194.9340782,1.6110450608008482,-0.0004671689001421835,0.0,-1.657459453784825,-0.0016490579127536164,0.0,0.017788721931414342,0.002770413341840104,0.0,0.2662308878530413,0.041173924781427375,0.0,-0.36926238553741986,0.005106806987291987,0.0,-0.03194475455184531,-0.007636921327645707,0.0,0.029487775359891433,0.049313396217482805,0.0,113.061373954
1508285194.9540782,1.6110450608008482,-0.014670012244814994,0.0,-1.657459453784825,-5.276985320811567e-07,0.0,0.017788721931414342,0.0014609278964822807,0.0,0.26614566669815876,0.0016498981676234651,0.0,-0.36926238553741986,0.0002547104488826948,0.0,-0.03178661220257875,-0.00015480593686349948,0.0,0.029487775359891433,0.0019890559204457808,0.0,113.081373818
1508285194.974079,1.6110450608008482,-4.694403918340792e-06,0.0,-1.657459453784825,-0.010917679357254973,0.0,0.017788721931414342,0.018342142562837414,0.0,0.26614566669815876,-0.04092418842511339,0.0,-0.36926238553741986,-5.0545819595245965e-05,0.0,-0.03194475455184531,-5.0676864838720285e-05,0.0,0.029487775359891433,0.033226127899711966,0.0,113.101374551
1508285194.994079,1.6110450608008482,0.00011692351476859424,0.0,-1.657459453784825,-3.4936573943215874e-06,0.0,0.017788721931414342,5.869485620107966e-06,0.0,0.26614566669815876,-0.034041188519531404,0.0,-0.36926238553741986,0.03789859352860829,0.0,-0.03178661220257875,-0.025144969597367256,0.0,0.029487775359891433,0.009941290089920646,0.0,113.121374819
1508285195.0140822,1.6110450608008482,3.741552472595012e-08,0.0,-1.657459453784825,-8.693956636659634e-05,0.0,0.017788721931414342,0.00014605826473497503,0.0,0.2662308878530413,0.027291908350533852,0.0,-0.36926238553741986,-0.006453280562455839,0.0,-0.03178661220257875,0.004038860753015972,0.0,0.029487775359891433,0.03948670299893183,0.0,113.141377922
1508285195.03408,1.6110450608008482,-2.3373841105092782e-05,0.0,-1.6574323036823846,0.010415003218177366,0.0,0.01774310982389804,-0.018958441746424616,0.0,0.26614566669815876,0.0067731939348030816,0.0,-0.3693414567120531,-0.03797860025911676,0.0,-0.031865683377212045,-0.037975242773922474,0.0,0.02938503049801028,-5.311789397400464e-05,0.0,113.161375639
1508285195.0540829,1.6110450608008482,-7.479629153629683e-09,0.0,-1.657459453784825,-0.0004306863824537452,0.0,0.017788721931414342,0.0007230844944641258,0.0,0.26614566669815876,-0.0002707878287669678,0.0,-0.36926238553741986,-0.03049622384760148,0.0,-0.03178661220257875,0.02035670735068571,0.0,0.02938503049801028,-0.04158248517419177,0.0,113.181378511
1508285195.07408,1.6110450608008482,-2.393481329161496e-12,0.0,-1.657459453784825,-0.009281693191979795,0.0,0.017788721931414342,0.015534862434597077,0.0,0.26614566669815876,-0.04244103035503344,0.0,-0.3693414567120531,0.006578042470073329,0.0,-0.031865683377212045,-0.06952833028177034,0.0,0.02938503049801028,0.007938504861533031,0.0,113.201375728
1508285195.0940814,1.6110450608008482,-7.659140253316779e-16,0.0,-1.657459453784825,-2.9701418214335315e-06,0.0,0.017788721931414342,4.971155979071059e-06,0.0,0.26614566669815876,0.0002592113765078995,0.0,-0.36926238553741986,-4.8317895679392354e-05,0.0,-0.03178661220257875,-7.26719349600177e-05,0.0,0.029487775359891433,-0.001378130153685089,0.0,113.221377065
1508285195.1140833,1.6110450608008482,-2.4509248810613666e-19,0.0,-1.6574323036823846,0.008383315988204743,0.0,0.01774310982389804,-0.014142366510486944,0.0,0.26614566669815876,-0.006794612184751063,0.0,-0.3693414567120531,-0.02048918844271004,0.0,-0.031865683377212045,-0.030568051067482525,0.0,0.02938503049801028,-0.00819230385383074,0.0,113.241379108
1508285195.1340811,1.6110450608008482,-0.00011678573762468804,0.0,-1.6574323036823846,0.010935595716357974,0.0,0.017834334038930866,0.018129240622057688,0.0,0.2662308878530413,0.03409688900178967,0.0,-0.36918331436278656,0.039485225668512,0.0,-0.03186568337721202,-0.03695409557189926,0.0,0.02938503049801028,-0.010272948945837667,0.0,113.261376937
1508285195.154084,1.6110450608008482,-0.0029423759930400526,0.0,-1.6574323036823846,0.009177146869187434,0.0,0.01774310982389804,-0.015405904585032253,0.0,0.2662308878530413,0.0288059711454813,0.0,-0.36926238553741986,1.2635272213923827e-05,0.0,-0.03178661220257875,-0.00011310412160121196,0.0,0.029487775359891433,-0.0016477163831764333,0.0,113.281379791
1508285195.1740813,1.6110450608008482,-9.415603177728158e-07,0.0,-1.657459453784825,-0.0018220347002728637,0.0,0.017788721931414342,0.003061017699971025,0.0,0.2662308878530413,0.03275072563260139,0.0,-0.3693414567120531,-0.05706233239787322,0.0,-0.031865683377212045,-0.006327697420117671,0.0,0.02938503049801028,-0.010261811618351314,0.0,113.301377036
1508285195.194082,1.6110450608008482,-3.012993016873007e-10,0.0,-1.657459453784825,-0.0018568113816225295,0.0,0.017788721931414342,0.0030607641786035826,0.0,0.26614566669815876,0.007200286965099008,0.0,-0.36926238553741986,-0.006436228868459688,0.0,-0.03178661220257875,0.008439830287200795,0.0,0.029487775359891433,0.0430798162618134,0.0,113.321377689
1508285195.2140841,1.6110450608008482,-9.641577653993612e-14,0.0,-1.657459453784825,0.002095057452472086,0.0,0.017788721931414342,-0.0035197103123531183,0.0,0.2662308878530413,0.03268900550736765,0.0,-0.36926238553741986,0.007822101844468665,0.0,-0.03194475455184531,-0.055865485937611495,0.0,0.02938503049801028,0.008207595360195129,0.0,113.341379818
1508285195.234082,1.6110450608008482,0.00011682748657757355,0.0,-1.657459453784825,-0.010937946873067157,0.0,0.017788721931414342,0.018375724721945416,0.0,0.26614566669815876,0.006826209370969799,0.0,-0.3693414567120531,-0.031854810173090053,0.0,-0.03170754102794546,0.03194027005181346,0.0,0.029487775359891433,0.008285383797788185,0.0,113.361377754
1508285195.2541158,1.6110450608008482,3.7384795704823485e-08,0.0,-1.657459453784825,0.0003613864036590072,0.0,0.017788721931414342,-0.0008991365713385049,0.0,0.26614566669815876,5.6677906702702326e-05,0.0,-0.36918331436278656,0.00762722853064742,0.0,-0.03186568337721202,-0.007526079188161008,0.0,0.029487775359891433,0.006178338733923684,0.0,113.381411556
1508285195.2740824,1.6110450608008482,1.1963134625543502e-11,0.0,-1.6574323036823846,0.008793192077591497,0.0,0.01774310982389804,-0.022071971617814688,0.0,0.26614566669815876,-0.0016351811373253745,0.0,-0.36926238553741986,2.440713129807172e-06,0.0,-0.03178661220257875,-2.40834534021152e-06,0.0,0.029487775359891433,-0.006313431778386873,0.0,113.401378141
1508285195.2940824,1.6110450608008482,3.828203080173916e-15,0.0,-1.657459453784825,-0.008415079330046782,0.0,0.017788721931414342,0.01384296916659429,0.0,0.26614566669815876,0.0011436785675150605,0.0,-0.3693414567120531,-0.030801589533721817,0.0,-0.031865683377212045,-0.030801591085442153,0.0,0.029487775359891433,0.04956839993033409,0.0,113.421378187
1508285195.314086,1.6110450608008482,1.2250249856556516e-18,0.0,-1.657459453784825,-0.00867431723869876,0.0,0.017788721931414342,0.013054852045223875,0.0,0.2662308878530413,0.026127750935047548,0.0,-0.36918331436278656,0.03023456671522541,0.0,-0.03186568337721202,-0.0307582689724557,0.0,0.029487775359891433,0.008208698107893606,0.0,113.441381577
1508285195.3340826,1.6110450608008482,3.92007995409808e-22,0.0,-1.657459453784825,-0.010739443620432082,0.0,0.017788721931414342,0.01950616097644239,0.0,0.2662308878530413,0.028479378819811434,0.0,-0.36926238553741986,0.0073001790252595075,0.0,-0.03178661220257875,-0.0052677459225390615,0.0,0.02938503049801028,-0.00039168410103311525,0.0,113.46137827
1508285195.3540828,1.6110450608008482,1.2544255853113843e-25,0.0,-1.657459453784825,-0.01080423859562965,0.0,0.017788721931414342,-0.018489287734854403,0.0,0.26614566669815876,9.113401222339648e-06,0.0,-0.36918331436278656,0.0013181637100829217,0.0,-0.03186568337721202,-0.0012163190200753689,0.0,0.029487775359891433,0.049876819919749245,0.0,113.481378468
1508285195.3740835,1.6110450608008482,-0.002845062296126178,0.0,-1.657459453784825,-0.002135713099199044,0.0,0.017788721931414342,0.0035762680037760785,0.0,0.26614566669815876,0.0066929167757781086,0.0,-0.36926238553741986,-0.0025306426783278262,0.0,-0.03178661220257875,-3.892220868683449e-07,0.0,0.02938503049801028,-0.04254015301172822,0.0,113.501379264
1508285195.394084,1.6110450608008482,-9.104199347603759e-07,0.0,-1.657459453784825,-6.834281917436933e-07,0.0,0.017788721931414342,1.1444057612083439e-06,0.0,0.26614566669815876,0.00027493423958975917,0.0,-0.36918331436278656,0.01381994324150399,0.0,-0.03186568337721202,0.001011520858406748,0.0,0.02938503049801028,-0.010242357136778173,0.0,113.521379772
1508285195.4140868,1.6110450608008482,-2.913343791233199e-10,0.0,-1.6574323036823846,-2.1869702135798163e-10,0.0,0.01774310982389804,-0.04375346785011264,0.0,0.26614566669815876,-0.02722884158808373,0.0,-0.36942052788668645,-0.06984402874233571,0.0,-0.03178661220257875,-0.006101129091299925,0.0,0.029487775359891433,0.03950498279978553,0.0,113.541382659
1508285195.434151,1.6110450608008482,-9.322700131946225e-14,0.0,-1.657459453784825,1.7298955849921938e-05,0.0,0.017788721931414342,-0.0015024085922533794,0.0,0.2662308878530413,-0.0002813756795076605,0.0,-0.36918331436278656,0.008022813844069077,0.0,-0.03186568337721202,-0.005112048911890381,0.0,0.02938503049801028,1.2641594495931354e-05,0.0,113.561446694
1508285195.4540887,1.6110815841529407,0.012298969988631447,0.0,-1.6574323036823846,0.008725577987823082,0.0,0.01774310982389804,-0.014659421734292112,0.0,0.26614566669815876,-0.035522382256676,0.0,-0.36926238553741986,2.567300430102102e-06,0.0,-0.03178661220257875,-1.6358556518049198e-06,0.0,0.029487775359891433,0.043155576473322965,0.0,113.581384506
1508285195.474085,1.6110450608008482,3.935670396362058e-06,0.0,-1.657459453784825,-0.0016512464971006886,0.0,0.017788721931414342,0.003064884642205186,0.0,0.26614566669815876,-0.006838506822026044,0.0,-0.36926238553741986,-0.00010110913115717603,0.0,-0.03178661220257875,-0.000504109461109336,0.0,0.029487775359891433,-0.008282860035744098,0.0,113.601380856
1508285195.494085,1.6110450608008482,1.2594145268358574e-09,0.0,-1.657459453784825,0.0021842992542034497,0.0,0.017788721931414342,-0.00366952449690279,0.0,0.26614566669815876,5.215632580777206e-05,0.0,-0.36918331436278656,-3.23549219702963e-08,0.0,-0.03186568337721202,-1.6131502755498732e-07,0.0,0.029487775359891433,0.040699007889702175,0.0,113.621380825
1508285195.5140884,1.6110450608008482,4.0301264858747397e-13,0.0,-1.657459453784825,-0.009100436779543242,0.0,0.017788721931414342,0.015288712171614543,0.0,0.26614566669815876,-5.456784725022454e-05,0.0,-0.36918331436278656,-0.001264778154743033,0.0,-0.03186568337721202,0.0012647780927682055,0.0,0.029487775359891433,0.0003552967509129508,0.0,113.641384181
1508285195.5340886,1.6110450608008482,0.000584834327940511,0.0,-1.657459453784825,-0.01078510997772903,0.0,0.017788721931414342,0.01811895910735814,0.0,0.2662308878530413,0.035482456097205184,0.0,-0.36918331436278656,0.00030419529021668597,0.0,-0.03186568337721202,-0.000304195290236411,0.0,0.02938503049801028,-0.0002641440754863806,0.0,113.661384236
1508285195.5540855,1.6110450608008482,-0.00011605855699410295,0.0,-1.657459453784825,-0.011233674237856426,0.0,0.017788721931414342,0.01887254599733392,0.0,0.26614566669815876,0.007151825740885352,0.0,-0.36926238553741986,-0.03179303824653844,0.0,-0.03194475455184531,-0.034333992665680296,0.0,0.029487775359891433,0.03959270319594046,0.0,113.681381264
1508285195.5740862,1.6110450608008482,-2.343051185585338e-05,0.0,-1.657459453784825,-0.008674431807503786,0.0,0.017788721931414342,0.014573024802176385,0.0,0.2662308878530413,0.03401617518429635,0.0,-0.36918331436278656,0.0002429024984078691,0.0,-0.03186568337721202,-0.0002640631482996902,0.0,0.02938503049801028,-0.04899288887485402,0.0,113.701381833
1508285195.5940902,1.6110450608008482,-7.497763793873074e-09,0.0,-1.657459453784825,-2.775818178401209e-06,0.0,0.017788721931414342,4.663367936696438e-06,0.0,0.26614566669815876,1.088517605897482e-05,0.0,-0.36918331436278656,0.00025312382821703793,0.0,-0.03186568337721202,0.00025296159921009154,0.0,0.02938503049801028,0.001630321550489915,0.0,113.721386035
1508285195.6140897,1.6110450608008482,-2.399284414039381e-12,0.0,-1.6574323036823846,0.013019295947481795,0.0,0.017834334038930866,0.014598204985888855,0.0,0.2662308878530413,3.4832563388719383e-09,0.0,-0.36926238553741986,-0.00030368296200851435,0.0,-0.03194475455184531,-0.0002024283600439665,0.0,0.029487775359891433,0.03940542297641683,0.0,113.741385525
1508285195.6341147,1.6110450608008482,-0.00011720457470002136,0.0,-1.6574323036823846,0.0022026308165170225,0.0,0.01774310982389804,-0.0033960025950176957,0.0,0.26614566669815876,-0.025759853830301258,0.0,-0.36926238553741986,-0.007617830651526852,0.0,-0.03194475455184531,0.005086000420721879,0.0,0.029487775359891433,0.04096782730678096,0.0,113.761410556
1508285195.6540866,1.6110450608008482,-3.7505463904006795e-08,0.0,-1.6574323036823846,0.0113641472202024,0.0,0.01774310982389804,-0.019150317412292197,0.0,0.2662308878530413,-8.243153225696393e-06,0.0,-0.36918331436278656,0.0012629436474253187,0.0,-0.03186568337721202,-0.0012637538330987318,0.0,0.02938503049801028,-0.008203156933347175,0.0,113.781382407
1508285195.674087,1.6110450608008482,-1.2001748449282161e-11,0.0,-1.657459453784825,0.0008017391557914877,0.0,0.017788721931414342,0.00010997557401784461,0.0,0.26614566669815876,5.447141760645971e-05,0.0,-0.36926238553741986,-0.030458299193396095,0.0,-0.03178661220257875,0.032983942296708105,0.0,0.02938503049801028,-0.00984416344741365,0.0,113.801382855
1508285195.6940877,1.6110450608008482,-3.840559503770287e-15,0.0,-1.657459453784825,1.755345964853364e-05,0.0,0.017788721931414342,2.9093948277952012e-05,0.0,0.26614566669815876,-0.00686840036455158,0.0,-0.36918331436278656,0.006312637122151563,0.0,-0.03186568337721202,-0.006311828916356284,0.0,0.02938503049801028,-0.0414035024510394,0.0,113.821383377
1508285195.7140908,1.6110450608008482,-1.2289790412064905e-18,0.0,-1.657459453784825,0.0004727446183752724,0.0,0.017788721931414342,-0.0007941910875323734,0.0,0.26614566669815876,-0.03370539815117428,0.0,-0.36918331436278656,0.00025494553028452074,0.0,-0.03186568337721202,0.00025090570115219826,0.0,0.02938503049801028,-0.038923154968456594,0.0,113.841386642
1508285195.7341728,1.6110450608008482,-2.32629319577472e-05,0.0,-1.657459453784825,-6.935975944135937e-05,0.0,0.017788721931414342,-0.007181071948783498,0.0,0.26614566669815876,-1.0785727408375756e-05,0.0,-0.36926238553741986,0.0012636550329294888,0.0,-0.03178661220257875,-0.0012634931605349856,0.0,0.02938503049801028,-0.007903166185650729,0.0,113.861468603
1508285195.7540886,1.6110450608008482,0.00011579887140149194,0.0,-1.6574323036823846,0.0017145045062910015,0.0,0.01774310982389804,0.0043966751654562946,0.0,0.26614566669815876,-0.03456482209602339,0.0,-0.36918331436278656,-0.0012137910064886357,0.0,-0.03186568337721202,-0.0013166699358876548,0.0,0.02938503049801028,0.0015751930428366677,0.0,113.881384434
1508285195.7740889,1.6110450608008482,3.705563884847738e-08,0.0,-1.657459453784825,-0.002574031785240125,0.0,0.017788721931414342,0.004093478803703098,0.0,0.26614566669815876,-0.006838200402774636,0.0,-0.36918331436278656,-0.005626096088927897,0.0,-0.03186568337721202,-0.005120579246718114,0.0,0.029487775359891433,0.04274507282302001,0.0,113.901384516
1508285195.7940912,1.6110450608008482,0.002919295710283414,0.0,-1.6574323036823846,0.010383308751470791,0.0,0.017834334038930866,0.018909634868867,0.0,0.26614566669815876,0.0010920124141370413,0.0,-0.36918331436278656,0.0003014877415276354,0.0,-0.03186568337721202,-0.00030492667763493565,0.0,0.029487775359891433,0.04260616848241345,0.0,113.921386926
1508285195.8140903,1.6110450608008482,9.341746272906914e-07,0.0,-1.657459453784825,-0.008722801625049296,0.0,0.017788721931414342,0.01466591912263145,0.0,0.26614566669815876,-0.0002725406857153665,0.0,-0.3693414567120531,-0.025109839902280048,0.0,-0.031865683377212045,-0.025110033954911806,0.0,0.02938503049801028,-0.007935437088506992,0.0,113.941385971
1508285195.8341312,1.6110450608008482,-0.014573912582489627,0.0,-1.657459453784825,8.412641521589324e-05,0.0,0.017788721931414342,-0.0001413284548403227,0.0,0.26614566669815876,-0.00845165119274358,0.0,-0.36918331436278656,0.06309550516261325,0.0,-0.03186568337721202,-8.035210854496464e-06,0.0,0.029487775359891433,0.034352245263590854,0.0,113.961426975
1508285195.85409,1.6110450608008482,-0.00012139377077377805,0.0,-1.657459453784825,2.6920452869085808e-08,0.0,0.017788721931414342,-0.00029160152657689803,0.0,0.26614566669815876,0.001086452368194942,0.0,-0.3693414567120531,-0.05460452856746234,0.0,-0.031865683377212045,-0.006110263025827998,0.0,0.029487775359891433,0.032974783168764545,0.0,113.98138569300001
1508285195.874089,1.6110450608008482,-3.884600664760894e-08,0.0,-1.657459453784825,8.614544918107449e-12,0.0,0.017788721931414342,-0.0014596125496191892,0.0,0.2662308878530413,0.04237556100842836,0.0,-0.36926238553741986,0.03773161949344655,0.0,-0.03178661220257875,0.025096340889368542,0.0,0.02938503049801028,-0.04082130837926415,0.0,114.001384798
1508285195.8940961,1.6110450608008482,-0.0005853231571228155,0.0,-1.657459453784825,2.7566543737943807e-15,0.0,0.017788721931414342,-4.6707601587814004e-07,0.0,0.26614566669815876,-0.0065199228836098615,0.0,-0.3693414567120531,-0.03121943650296066,0.0,-0.031865683377212045,0.02870515257636694,0.0,0.029487775359891433,-0.008218573901248567,0.0,114.02139195
1508285195.9140902,1.6110450608008482,-0.014661919629360679,0.0,-1.657459453784825,-0.010375635989460638,0.0,0.017788721931414342,0.01743104363163555,0.0,0.26614566669815876,-0.0342127951359034,0.0,-0.3693414567120531,0.007415481820464775,0.0,-0.03170754102794546,0.0052952878608788214,0.0,0.029487775359891433,-6.848563574659643e-05,0.0,114.041385905
1508285195.934165,1.6110450608008482,0.0005804217374966282,0.0,-1.6574323036823846,-3.3202035166274003e-06,0.0,0.01774310982389804,-0.007296370348653163,0.0,0.26614566669815876,-0.035463082120794874,0.0,-0.3693414567120531,0.0012185044134067251,0.0,-0.031865683377212045,0.0012178259513405826,0.0,0.029487775359891433,-0.009607316896015171,0.0,114.061460774
1508285195.9540927,1.6110450608008482,1.857349559989208e-07,0.0,-1.6574323036823846,-0.002084762270627672,0.0,0.01774310982389804,0.0035000590320456693,0.0,0.2662308878530413,0.03557787196946279,0.0,-0.3693414567120531,-0.006374827586581024,0.0,-0.031865683377212045,-0.0063748278036889205,0.0,0.029487775359891433,6.264013047968177e-05,0.0,114.08138851
1508285195.9740913,1.6110450608008482,5.943518591965458e-11,0.0,-1.657459453784825,-0.00034879935036283185,0.0,0.017788721931414342,-0.0008735379059521242,0.0,0.26614566669815876,6.587194909271668e-05,0.0,-0.36918331436278656,0.0443350872341101,0.0,-0.03186568337721202,-0.031734946922434205,0.0,0.029487775359891433,0.0016438610181833241,0.0,114.101386929
1508285195.994094,1.6110450608008482,1.901925949428944e-14,0.0,-1.6574051535799441,0.012731239949659868,0.0,0.017788721931414564,0.021388360813047097,0.0,0.26614566669815876,-0.032729147359421784,0.0,-0.3693414567120531,-0.0012546737727512664,0.0,-0.031865683377212045,0.014174311768204384,0.0,0.029487775359891433,-0.006741970569126114,0.0,114.121389728
1508285196.014171,1.6110450608008482,6.086163038172615e-18,0.0,-1.657459453784825,-8.282298818160275e-05,0.0,0.017788721931414342,0.0001528310034947465,0.0,0.26614566669815876,0.000317054141033753,0.0,-0.36926238553741986,0.013707065866704561,0.0,-0.03194475455184531,-0.061393321721581046,0.0,0.02938503049801028,-0.03404969168766097,0.0,114.141466521
1508285196.0340946,1.6110815841529407,0.002912012199593848,0.0,-1.657459453784825,-0.0025127080328097196,0.0,0.017788721931414342,0.004221347898325516,0.0,0.2662308878530413,0.027308536276835584,0.0,-0.36926238553741986,0.03164646559788264,0.0,-0.03178661220257875,0.0316224334738766,0.0,0.02938503049801028,0.0019602326489654483,0.0,114.16139033
1508285196.0540922,1.6110450608008482,9.318439038700303e-07,0.0,-1.657459453784825,8.606184676747434e-05,0.0,0.017788721931414342,-0.00014458369644678503,0.0,0.2662308878530413,0.03403295068760591,0.0,-0.36926238553741986,1.0126868991322432e-05,0.0,-0.03194475455184531,1.0119178711640503e-05,0.0,0.029487775359891433,-0.0003938475362897546,0.0,114.181387834
1508285196.074092,1.6110450608008482,2.9819004923840933e-10,0.0,-1.657459453784825,-0.01090413180602191,0.0,0.017788721931414342,0.01826054168464636,0.0,0.26614566669815876,1.089054422003388e-05,0.0,-0.36926238553741986,-0.005266424308946906,0.0,-0.03178661220257875,-0.005266424311407795,0.0,0.029487775359891433,0.006255392624983654,0.0,114.201387701
1508285196.0940936,1.6110450608008482,-0.00011691107399941058,0.0,-1.6574323036823846,0.010812208957912269,0.0,0.01774310982389804,-0.018164504009213916,0.0,0.26614566669815876,0.006816564739960997,0.0,-0.36918331436278656,-1.685255778863008e-06,0.0,-0.03186568337721202,-0.0025327497464951473,0.0,0.02938503049801028,-0.04914636099467999,0.0,114.221389204
1508285196.1140933,1.6110450608008482,-3.7411543679811346e-08,0.0,-1.657459453784825,-0.0005186067584784069,0.0,0.017788721931414342,0.0008712581146229269,0.0,0.2662308878530413,0.04092436497399177,0.0,-0.36926238553741986,-0.00020282912934512523,0.0,-0.03194475455184531,-0.00020363906998215444,0.0,0.02938503049801028,-0.041480060986470876,0.0,114.241389124
1508285196.1340938,1.6110450608008482,-1.1971693977539619e-11,0.0,-1.657459453784825,0.0018253781575106511,0.0,0.017788721931414342,-0.003066630962475145,0.0,0.26614566669815876,1.3095796791677352e-05,0.0,-0.3693414567120531,-0.03820578333456709,0.0,-0.031865683377212045,0.025040661040139627,0.0,0.029487775359891433,-0.00040641604802904504,0.0,114.261389483
1508285196.1540973,1.6110450608008482,0.0005839982531289164,0.0,-1.657459453784825,5.841210104034077e-07,0.0,0.017788721931414342,0.00029078340775456744,0.0,0.26614566669815876,4.190654973336748e-09,0.0,-0.36926238553741986,-0.03165430518749457,0.0,-0.03194475455184531,-0.03163406632529466,0.0,0.029487775359891433,0.032564742118532664,0.0,114.281393159
1508285196.1740928,1.6110450608008482,1.8687944100125305e-07,0.0,-1.657459453784825,0.0017374737624325529,0.0,0.017788721931414342,-0.0028604567685638696,0.0,0.26614566669815876,0.006545456787708846,0.0,-0.36926238553741986,-0.0012753598747477356,0.0,-0.03178661220257875,-0.013926150167378562,0.0,0.02938503049801028,0.009611609385966795,0.0,114.301388534
1508285196.1940966,1.6110450608008482,0.0007246038096332404,0.0,-1.6574323036823846,0.008633200938064453,0.0,0.01774310982389804,-0.01450373832119066,0.0,0.26614566669815876,0.006808110127433478,0.0,-0.36918331436278656,0.06169719401165182,0.0,-0.03186568337721202,0.001716022425209732,0.0,0.029487775359891433,0.0339878781294147,0.0,114.321392261
1508285196.2140927,1.6110450608008482,2.318732190826367e-07,0.0,-1.657459453784825,-0.001656165118749808,0.0,0.017788721931414342,0.002782353465862866,0.0,0.26614566669815876,2.1785952407787103e-06,0.0,-0.36918331436278656,0.006100156422567254,0.0,-0.03186568337721202,0.006080962447659593,0.0,0.02938503049801028,0.007845369350959754,0.0,114.34138834
1508285196.234098,1.6110450608008482,0.0005848344021398121,0.0,-1.657459453784825,-0.0022404270311327072,0.0,0.017788721931414342,0.0037639120828566984,0.0,0.26614566669815876,-0.040670520805927333,0.0,-0.36926238553741986,0.026865130784196403,0.0,-0.03178661220257875,0.036976113444670895,0.0,0.02938503049801028,-6.324312074135568e-05,0.0,114.361393577
1508285196.2540956,1.6110450608008482,0.0035110855345479295,0.0,-1.657459453784825,-0.0005385166865441503,0.0,0.017788721931414342,0.0009047067523898257,0.0,0.26614566669815876,-0.033962289723573284,0.0,-0.36918331436278656,0.006397454696059094,0.0,-0.03186568337721202,0.006400690210510447,0.0,0.029487775359891433,-0.008235914842052364,0.0,114.381391279
1508285196.2740934,1.6110450608008482,1.1235473710553362e-06,0.0,-1.657459453784825,-0.0038200059564515955,0.0,0.017788721931414342,-0.0005834658721847381,0.0,0.26614566669815876,0.0014071269418749997,0.0,-0.36918331436278656,0.006070420311438759,0.0,-0.03186568337721202,0.006070421346803206,0.0,0.02938503049801028,-0.0015811375385922852,0.0,114.401389197
1508285196.2940962,1.6110450608008482,3.5953515873770716e-10,0.0,-1.657459453784825,-0.0037870726096387868,0.0,0.017788721931414342,-0.0008758298352970875,0.0,0.26614566669815876,-0.005724391164113567,0.0,-0.36918331436278656,0.02546623024012678,0.0,-0.03186568337721202,0.025466230240458097,0.0,0.029487775359891433,0.00032908729424201074,0.0,114.421391887
1508285196.3140953,1.6110450608008482,-0.0005833033479092565,0.0,-1.657459453784825,-0.002088470402868795,0.0,0.017788721931414342,0.0035063091159409352,0.0,0.26614566669815876,-1.8318051725163393e-06,0.0,-0.36926238553741986,-0.024038160968380483,0.0,-0.03178661220257875,0.03672035434268141,0.0,0.029487775359891433,0.03980497284990114,0.0,114.44139091
1508285196.3341005,1.6110450608008482,-0.014598403860157346,0.0,-1.657459453784825,0.00041601488299945803,0.0,0.017788721931414342,0.0007595713474569875,0.0,0.26614566669815876,-0.006875204602495631,0.0,-0.36926238553741986,-0.026497200208303304,0.0,-0.03178661220257875,0.039158090244903444,0.0,0.02938503049801028,0.0098785294686114,0.0,114.461396123
1508285196.3540974,1.6110450608008482,-4.671489235250346e-06,0.0,-1.657459453784825,-8.714891271116439e-05,0.0,0.017788721931414342,0.00014687667816363543,0.0,0.2662308878530413,0.04089310563555126,0.0,-0.36926238553741986,-0.03263325952409026,0.0,-0.03194475455184531,-0.045769934130841634,0.0,0.02938503049801028,-0.0016994905794580682,0.0,114.481393018
1508285196.3740962,1.6110450608008482,0.002921730139881034,0.0,-1.657459453784825,-8.660486708965336e-05,0.0,0.017788721931414342,0.00014549612004591597,0.0,0.2662308878530413,-0.006804288020636919,0.0,-0.36926238553741986,0.036588404683408134,0.0,-0.03178661220257875,0.039114661941735546,0.0,0.029487775359891433,0.006181281848358333,0.0,114.501391931
1508285196.3940973,1.6110450608008482,9.349536447619298e-07,0.0,-1.657459453784825,-2.7713557468689045e-08,0.0,0.017788721931414342,0.00029261303140571,0.0,0.26614566669815876,-0.008181563574901457,0.0,-0.3693414567120531,-0.06208019180937296,0.0,-0.031865683377212045,-0.0009991235206995171,0.0,0.02938503049801028,-0.008280896272405226,0.0,114.521392961
1508285196.4140959,1.6110450608008482,2.9918516632381716e-10,0.0,-1.6574323036823846,0.013040842653078418,0.0,0.01774310982389804,-0.021908491014807626,0.0,0.26614566669815876,-0.00677620882368455,0.0,-0.36918331436278656,0.03142211723722584,0.0,-0.03186568337721202,0.03144166317907822,0.0,0.02938503049801028,-0.0003314180814754838,0.0,114.541391543
1508285196.434098,1.6110450608008482,9.573925322362139e-14,0.0,-1.6574323036823846,0.010861118202910781,0.0,0.01774310982389804,-0.01824665271488948,0.0,0.26614566669815876,-0.001365480637820948,0.0,-0.3693414567120531,-0.03186298881677576,0.0,-0.031865683377212045,-0.03186298256209675,0.0,0.029487775359891433,0.00980182917470647,0.0,114.561393751
1508285196.4540982,1.6110450608008482,3.063656103155881e-17,0.0,-1.6574323036823846,0.010821742582311302,0.0,0.01774310982389804,-0.0181805017958969,0.0,0.26614566669815876,-4.3695380410270294e-07,0.0,-0.36918331436278656,0.030026064988718425,0.0,-0.03186568337721202,0.03256287708814226,0.0,0.02938503049801028,0.00822430143889644,0.0,114.581393929
1508285196.4740982,1.6110815841529407,0.014643005510466309,0.0,-1.657459453784825,-0.006972950579288943,0.0,0.017788721931414342,0.019066969888056763,0.0,0.26614566669815876,-0.005182038873721059,0.0,-0.36926238553741986,-0.029219645086165914,0.0,-0.03194475455184531,-0.0317414749534456,0.0,0.02938503049801028,-0.04315770174806762,0.0,114.601393973
1508285196.4941,1.6110450608008482,4.685761763349214e-06,0.0,-1.6574323036823846,0.010810999927009445,0.0,0.01774310982389804,-0.01845207483918287,0.0,0.2662308878530413,0.03282678171964093,0.0,-0.36918331436278656,0.03292127008785111,0.0,-0.03186568337721202,0.03292046310229358,0.0,0.02938503049801028,-0.050687271612875395,0.0,114.621395788
1508285196.5140977,1.6110450608008482,1.499443764271747e-09,0.0,-1.6574323036823846,3.459519976643019e-06,0.0,0.01774310982389804,-0.00029784331154723446,0.0,0.26614566669815876,-0.032503434690788396,0.0,-0.36918331436278656,0.0316450686372733,0.0,-0.03186568337721202,-0.031623999282641355,0.0,0.02938503049801028,-1.621992691612011e-05,0.0,114.641393411
1508285196.5341005,1.6110450608008482,4.798220045669586e-13,0.0,-1.657459453784825,-0.0009359798635395655,0.0,0.017788721931414342,-0.00017515068834584937,0.0,0.26614566669815876,-0.0016429069955398179,0.0,-0.36918331436278656,-4.0416516050464446e-05,0.0,-0.03186568337721202,-6.066261778483712e-05,0.0,0.02938503049801028,0.008120346957475977,0.0,114.661396282
1508285196.5540993,1.6110450608008482,-0.002883808409350259,0.0,-1.657459453784825,-0.012591719238084477,0.0,0.017788721931414342,0.013892256769340423,0.0,0.26614566669815876,-5.257302385727411e-07,0.0,-0.3693414567120531,-0.03174327452164155,0.0,-0.031865683377212045,-0.03164209874886521,0.0,0.02938503049801028,-6.313945548707416e-05,0.0,114.68139507
1508285196.574098,1.6110450608008482,-0.002925792351385672,0.0,-1.657459453784825,-0.013072866426030866,0.0,0.017788721931414342,-0.014645735978268536,0.0,0.26614566669815876,-0.04237943745999484,0.0,-0.3693414567120531,-0.025407078159157933,0.0,-0.031865683377212045,-0.0279266928412314,0.0,0.02938503049801028,6.569426726065077e-05,0.0,114.701393804
1508285196.5940998,1.6110450608008482,-9.362535524434138e-07,0.0,-1.6574323036823846,0.010935057733276176,0.0,0.01774310982389804,-0.01838258557852998,0.0,0.26614566669815876,-1.3561419987198335e-05,0.0,-0.36926238553741986,0.03311577774299944,0.0,-0.03178661220257875,0.045773312842242043,0.0,0.02938503049801028,0.0003945272581470663,0.0,114.721395417
1508285196.6140995,1.6110450608008482,-0.0005837899074130079,0.0,-1.657459453784825,-8.364714203062452e-05,0.0,0.017788721931414342,0.0001405232509630649,0.0,0.26614566669815876,0.006600610221177352,0.0,-0.36926238553741986,0.03261232538030928,0.0,-0.03178661220257875,0.03261637579156325,0.0,0.02938503049801028,-6.539308576064476e-05,0.0,114.741395228
1508285196.6340997,1.6110450608008482,0.0006983932006376018,0.0,-1.657459453784825,0.0005192716499621627,0.0,0.017788721931414342,-0.0008723751379110696,0.0,0.26614566669815876,-0.04090700721055157,0.0,-0.36926238553741986,0.001269960440865645,0.0,-0.03178661220257875,0.0012699617369981307,0.0,0.02938503049801028,-0.0016366435136538613,0.0,114.761395543
1508285196.654102,1.6110450608008482,2.2348582420403228e-07,0.0,-1.657459453784825,8.698034356951229e-05,0.0,0.017788721931414342,-0.00014612677029141573,0.0,0.26614566669815876,0.0011309557424373246,0.0,-0.36926238553741986,-0.007340408110817376,0.0,-0.03178661220257875,-0.007340408110403322,0.0,0.02938503049801028,-0.04279749715247488,0.0,114.781397841
1508285196.6741,1.6110450608008482,7.151546374529025e-11,0.0,-1.657459453784825,0.002692521031277525,0.0,0.017788721931414342,0.002775037262294459,0.0,0.2662308878530413,0.032516596095524056,0.0,-0.36918331436278656,0.00035087536844707277,0.0,-0.03186568337721202,-0.00025446327694447903,0.0,0.02938503049801028,0.0003139014733274673,0.0,114.801395674
1508285196.6941023,1.6110450608008482,2.3382214841851226e-05,0.0,-1.657459453784825,8.735638632953375e-05,0.0,0.017788721931414342,-0.0001444230120525612,0.0,0.26614566669815876,0.006775659465044023,0.0,-0.36926238553741986,-0.002530047073694998,0.0,-0.03178661220257875,0.012756483604959262,0.0,0.029487775359891433,0.047869910289851506,0.0,114.821398056
1508285196.7140996,1.6110450608008482,-0.0005835041635424924,0.0,-1.6574323036823846,0.010831823788756223,0.0,0.01774310982389804,-0.018197437451390203,0.0,0.2662308878530413,-0.005483060143790664,0.0,-0.36926238553741986,0.013917161267844503,0.0,-0.03194475455184531,0.0013179759999197122,0.0,0.02938503049801028,1.5318371292752465e-05,0.0,114.841395294
1508285196.734103,1.6110450608008482,-0.00011711173831018169,0.0,-1.6574323036823846,0.008650852405741895,0.0,0.01774310982389804,-0.0145334114630671,0.0,0.26614566669815876,-0.03401768417867301,0.0,-0.36926238553741986,-0.0060685623591383575,0.0,-0.03178661220257875,0.00617468018269053,0.0,0.029487775359891433,0.00822018964518022,0.0,114.86139861
1508285196.754101,1.6110450608008482,2.3328021559261616e-05,0.0,-1.6574323036823846,0.010784515266368467,0.0,0.01774310982389804,-0.018117959993677466,0.0,0.26614566669815876,-0.02758229015607055,0.0,-0.36926238553741986,-0.02907490340464537,0.0,-0.03194475455184531,-0.031600843352387456,0.0,0.029487775359891433,0.0016462755054257234,0.0,114.881396731
1508285196.7741003,1.6110450608008482,7.464966898963709e-09,0.0,-1.6574323036823846,0.010563020368991679,0.0,0.01774310982389804,-0.017745849092968724,0.0,0.26614566669815876,0.00681017318179649,0.0,-0.3693414567120531,-0.0003127965190346516,0.0,-0.031865683377212045,-0.00031360481981792897,0.0,0.029487775359891433,0.04201142876910037,0.0,114.901396091
1508285196.7941039,1.6110450608008482,-0.002802202945276458,0.0,-1.657459453784825,0.0026073923978150843,0.0,0.017788721931414342,-0.00438041302595701,0.0,0.2662308878530413,0.025915343268278997,0.0,-0.36918331436278656,0.0015677402760524858,0.0,-0.032023825726478605,-0.061686243827948496,0.0,0.029487775359891433,-0.002023803710255642,0.0,114.921399533
1508285196.8141012,1.6110450608008482,-2.4170681615705224e-05,0.0,-1.657459453784825,0.002275016224068086,0.0,0.017788721931414342,-0.003537379118209192,0.0,0.26614566669815876,-0.0327659943629805,0.0,-0.3693414567120531,-0.03065535299723996,0.0,-0.031865683377212045,-0.03018214996625495,0.0,0.029487775359891433,0.03951289363606019,0.0,114.941396843
1508285196.8341048,1.6110450608008482,-7.734618117025663e-09,0.0,-1.657459453784825,-0.0022406879772551482,0.0,0.017788721931414342,0.0038227597611564124,0.0,0.26614566669815876,-0.006555196482436974,0.0,-0.36918331436278656,0.006113151849503603,0.0,-0.03186568337721202,0.006113303274473376,0.0,0.029487775359891433,0.001984039236800902,0.0,114.96140062
1508285196.8541048,1.6110450608008482,-0.0007020396738686664,0.0,-1.6574323036823846,-0.0021539505994093177,0.0,0.017834334038930866,0.041567021159029355,0.0,0.26614566669815876,-5.664965899155127e-05,0.0,-0.36926238553741986,-0.007839554067521239,0.0,-0.03194475455184531,-0.007331462892335294,0.0,0.02938503049801028,-0.041029620122155025,0.0,114.981400405
1508285196.8741019,1.6110450608008482,-2.2465269563797299e-07,0.0,-1.6574323036823846,-7.02769335586963e-05,0.0,0.01774310982389804,0.00013020856577458298,0.0,0.26614566669815876,-1.8127890877296386e-08,0.0,-0.36918331436278656,-0.00020517377684918335,0.0,-0.03186568337721202,0.0003010810111617045,0.0,0.02938503049801028,-0.048965286280941635,0.0,115.001397676
1508285196.8941047,1.6110450608008482,0.00011731670056049198,0.0,-1.657459453784825,-0.004851713712848075,0.0,0.017788721931414342,-0.0006087270185148155,0.0,0.26614566669815876,0.00113741664159821,0.0,-0.36918331436278656,-6.56556085917386e-08,0.0,-0.03186568337721202,9.634592357174534e-08,0.0,0.02938503049801028,-8.114933759927658e-05,0.0,115.021400357
1508285196.9141064,1.6110450608008482,-0.0005842391376541856,0.0,-1.657459453784825,0.0025149632886333614,0.0,0.017788721931414342,-0.004227935412643598,0.0,0.2662308878530413,0.04089567934663865,0.0,-0.36926238553741986,-0.006367496125620357,0.0,-0.03178661220257875,-0.006367496073784303,0.0,0.02938503049801028,0.00039420713039493903,0.0,115.041402139
1508285196.9341023,1.6110450608008482,0.00011618292684203448,0.0,-1.657459453784825,-0.019189706216239798,0.0,0.017788721931414342,0.0030953151408660445,0.0,0.26614566669815876,0.007103615859891789,0.0,-0.3693414567120531,-0.005118352501152429,0.0,-0.031865683377212045,-0.005118352501140318,0.0,0.02938503049801028,0.0017046104116425472,0.0,115.061397922
1508285196.9541037,1.6110450608008482,-0.014599919149782103,0.0,-1.657459453784825,-0.01304822453290023,0.0,0.017788721931414342,0.021911660306010303,0.0,0.26614566669815876,0.007091659451677226,0.0,-0.36918331436278656,0.006323006590591733,0.0,-0.03186568337721202,-0.003806934345787853,0.0,0.02938503049801028,5.454753317256146e-07,0.0,115.08139944
1508285196.974103,1.6110450608008482,-4.671974127930268e-06,0.0,-1.6574323036823846,0.010448122830931883,0.0,0.01774310982389804,-0.010253488084874699,0.0,0.26614566669815876,0.00027499679373001884,0.0,-0.36918331436278656,0.00020454457026458992,0.0,-0.03186568337721202,0.0003023527716888244,0.0,0.029487775359891433,0.03100494098194393,0.0,115.101398764
1508285196.994105,1.6110450608008482,-0.000583235443490529,0.0,-1.6574323036823846,0.00866592287651339,0.0,0.017834334038930866,0.02184047541034186,0.0,0.26614566669815876,0.008171845969856808,0.0,-0.36918331436278656,0.00025326248180803973,0.0,-0.03186568337721202,-0.00025310027465852577,0.0,0.029487775359891433,7.568305906063326e-05,0.0,115.121400907
1508285197.01411,1.6110450608008482,-0.003040627580603349,0.0,-1.657459453784825,-0.010848514063456723,0.0,0.017788721931414342,0.01823712556622093,0.0,0.26614566669815876,-0.0013610223228170566,0.0,-0.36918331436278656,0.0010120843063032964,0.0,-0.03186568337721202,0.001011922270221227,0.0,0.029487775359891433,0.00032906697508957547,0.0,115.141405792
1508285197.0341098,1.6110450608008482,-0.014399410930133132,0.0,-1.657459453784825,-0.012514022118360337,0.0,0.017788721931414342,-0.015231078855402081,0.0,0.26614566669815876,-0.027106255129330906,0.0,-0.36926238553741986,-0.03041289615160591,0.0,-0.03178661220257875,0.029907873629551066,0.0,0.02938503049801028,-0.00032842791894587323,0.0,115.161405672
1508285197.054106,1.6110450608008482,-0.0005886756462166086,0.0,-1.6574323036823846,-0.0004207411942294438,0.0,0.01774310982389804,0.0007538330263794881,0.0,0.26614566669815876,-0.006760764901974697,0.0,-0.36918331436278656,-0.00607259875218851,0.0,-0.03186568337721202,-0.006558785670500748,0.0,0.02938503049801028,0.0013145365829879746,0.0,115.181401753
1508285197.0741045,1.6110815841529407,0.014009510588213188,0.0,-1.6574323036823846,0.013453014749203117,0.0,0.01774310982389804,-0.022601017740685368,0.0,0.2662308878530413,0.0340481752842976,0.0,-0.36918331436278656,0.031540557402558636,0.0,-0.03186568337721202,0.03154040182274478,0.0,0.029487775359891433,0.03309751403601152,0.0,115.201400171
1508285197.094106,1.6110450608008482,-0.0029155082222755094,0.0,-1.6574323036823846,0.0012224568076600064,0.0,0.017834334038930866,0.03269100299259849,0.0,0.26614566669815876,-0.03353313086712381,0.0,-0.36918331436278656,0.024761194633008358,0.0,-0.03186568337721202,0.024761194583222818,0.0,0.029487775359891433,0.032566687627165275,0.0,115.221401699
1508285197.1141076,1.6110450608008482,-9.32962631128162e-07,0.0,-1.6574323036823846,0.010432901260939539,0.0,0.01774310982389804,-0.018685209122860574,0.0,0.2662308878530413,0.0392269454867815,0.0,-0.36926238553741986,-0.03316094773589067,0.0,-0.03194475455184531,-0.0331609477359066,0.0,0.029487775359891433,0.031204714197458256,0.0,115.24140344
1508285197.1341074,1.6110450608008482,-0.0005844162900592821,0.0,-1.657459453784825,-0.00041361935494435597,0.0,0.017788721931414342,0.0006945089852604953,0.0,0.26614566669815876,-4.2300223797750715e-05,0.0,-0.36918331436278656,-6.15058967993883e-05,0.0,-0.03186568337721202,-6.15058967993934e-05,0.0,0.029487775359891433,0.04254532220030168,0.0,115.261402986
1508285197.1541064,1.6110450608008482,-0.01689927710358241,0.0,-1.657459453784825,-1.3235819358219376e-07,0.0,0.017788721931414342,2.2224287528335826e-07,0.0,0.26614566669815876,-0.0010359941280801415,0.0,-0.36918331436278656,-0.0012644964374656654,0.0,-0.03186568337721202,-0.0012644964374656654,0.0,0.029487775359891433,0.00828777059723005,0.0,115.281402042
1508285197.1741052,1.6110815841529407,-5.407768673146365e-06,0.0,-1.657459453784825,-0.0021547738355336735,0.0,0.017788721931414342,0.003620014917959238,0.0,0.2662308878530413,0.02758475998750199,0.0,-0.36918331436278656,-0.012703361099576963,0.0,-0.03186568337721202,-5.105612870624702e-05,0.0,0.02938503049801028,-0.039833350337589626,0.0,115.301400953
