left_wam/base_yaw_joint_pos,left_wam/base_yaw_joint_vel,left_wam/base_yaw_joint_eff,left_wam/shoulder_pitch_joint_pos,left_wam/shoulder_pitch_joint_vel,left_wam/shoulder_pitch_joint_eff,left_wam/shoulder_yaw_joint_pos,left_wam/shoulder_yaw_joint_vel,left_wam/shoulder_yaw_joint_eff,left_wam/elbow_pitch_joint_pos,left_wam/elbow_pitch_joint_vel,left_wam/elbow_pitch_joint_eff,left_wam/wrist_yaw_joint_pos,left_wam/wrist_yaw_joint_vel,left_wam/wrist_yaw_joint_eff,left_wam/wrist_pitch_joint_pos,left_wam/wrist_pitch_joint_vel,left_wam/wrist_pitch_joint_eff,left_wam/palm_yaw_joint_pos,left_wam/palm_yaw_joint_vel,left_wam/palm_yaw_joint_eff,header_from_controller_start
1508285114.6731029,1.6110450608008482,0.014666351534215786,0.0,-1.657459453784825,0.0005226661936652131,0.0,0.017788721931414342,0.0008780781113688581,0.0,0.26614566669815876,-0.00028356761887576973,0.0,-0.36831353144182044,0.02564689839843992,0.0,-0.03241918159964499,-0.02565113963912806,0.0,0.02938503049801028,-0.033078122683146555,0.0,32.800398492
1508285114.693106,1.6110450608008482,4.693232490949046e-06,0.0,-1.6574323036823846,-0.00045199983379893324,0.0,0.01774310982389804,-0.0007009917911440028,0.0,0.26614566669815876,-5.4616732751699744e-05,0.0,-0.3683926026164538,8.207007487500765e-06,0.0,-0.0323401104250117,-8.20836468452097e-06,0.0,0.02938503049801028,-1.0584999258606885e-05,0.0,32.8204017
1508285114.713144,1.6110450608008482,1.5018343971036932e-09,0.0,-1.6574323036823846,-0.001708582510306851,0.0,0.01774310982389804,0.0031617815128253757,0.0,0.26614566669815876,0.0017469424650654929,0.0,-0.36831353144182044,-0.006293138627066068,0.0,-0.03241918159964499,0.006293138626627348,0.0,0.02938503049801028,-3.3871997627542e-09,0.0,32.840439731000004
1508285114.7331064,1.6110450608008482,4.805870070731813e-13,0.0,-1.6574323036823846,-0.002242025029980352,0.0,0.01774310982389804,-0.0038235101336320733,0.0,0.26614566669815876,0.00649286382067924,0.0,-0.3683926026164538,-0.0005062424970591735,0.0,-0.0323401104250117,2.0138043606092465e-06,0.0,0.029487775359891433,0.04292262800365477,0.0,32.860402212
1508285114.753107,1.6110450608008482,1.5378784226341783e-16,0.0,-1.6574051535799441,0.01049237542839321,0.0,0.017788721931414564,0.0176271475486035,0.0,0.26614566669815876,-0.03293457492336392,0.0,-0.36831353144182044,0.00010108058202957868,0.0,-0.03241918159964499,6.444173953949582e-10,0.0,0.02938503049801028,-0.001629322298102626,0.0,32.88040268
1508285114.7731047,1.6110450608008482,4.921210952429364e-20,0.0,-1.6574323036823846,-0.00039814952413002176,0.0,0.01774310982389804,-0.0007272640703755363,0.0,0.2662308878530413,0.03320164866775855,0.0,-0.3683926026164538,0.025785382697646197,0.0,-0.0323401104250117,-0.02578535035166278,0.0,0.02938503049801028,-5.213831353928397e-07,0.0,32.900400439
1508285114.7931225,1.6110450608008482,-0.0001178951740451246,0.0,-1.657459453784825,-0.008697374255513477,0.0,0.017788721931414342,0.01461112129087437,0.0,0.26614566669815876,-0.0002644642118651803,0.0,-0.3683926026164538,-0.0012574318510089645,0.0,-0.0323401104250117,-0.0012739344855856318,0.0,0.02938503049801028,-1.6684260332570852e-10,0.0,32.920418333
1508285114.8131073,1.6110450608008482,-3.772645569443983e-08,0.0,-1.6574323036823846,0.0016982739914561257,0.0,0.01774310982389804,-0.0029114841383384433,0.0,0.26614566669815876,-0.03564867213210393,0.0,-0.36831353144182044,0.030486364867671336,0.0,-0.03241918159964499,-0.03048717490487764,0.0,0.02938503049801028,-5.3389633064226666e-14,0.0,32.940402969
1508285114.8331046,1.6110450608008482,-1.2072465822220729e-11,0.0,-1.6574323036823846,-0.011198468033146348,0.0,0.01774310982389804,-0.010057954899342287,0.0,0.26614566669815876,-0.00819241870304998,0.0,-0.3683926026164538,-0.02653103131990031,0.0,-0.0323401104250117,0.038680812679982676,0.0,0.02938503049801028,-1.7084682580552516e-17,0.0,32.960400315
1508285114.8531082,1.6110815841529407,0.014492908398755253,0.0,-1.6574323036823846,0.01082208765515869,0.0,0.01774310982389804,-0.01824872897051131,0.0,0.26614566669815876,-0.03273290696985949,0.0,-0.36847167379108703,-0.006308241617910715,0.0,-0.03226103925037843,0.006312129547941518,0.0,0.029487775359891433,0.04247514714457594,0.0,32.980403868
1508285114.8731053,1.6110450608008482,4.637730687601676e-06,0.0,-1.657459453784825,-0.02342440407665439,0.0,0.017788721931414342,-0.004047020259954664,0.0,0.26614566669815876,-0.03300396193790614,0.0,-0.3683926026164538,-2.0186373177314263e-06,0.0,-0.0323401104250117,2.0198814553412836e-06,0.0,0.02938503049801028,1.3592047086264287e-05,0.0,33.000401089
1508285114.8931081,1.6110450608008482,1.4840738200325345e-09,0.0,-1.6574323036823846,-0.002180957019210284,0.0,0.01774310982389804,-0.003652704708990378,0.0,0.26614566669815876,0.0002564366263411195,0.0,-0.3683926026164538,-0.0062792990076683056,0.0,-0.0323401104250117,0.006279299008062021,0.0,0.02938503049801028,4.349455067604566e-09,0.0,33.020403966
1508285114.9131057,1.6110450608008482,-0.0005819875736431401,0.0,-1.6574323036823846,0.013007776803327856,0.0,0.01774310982389804,-0.02220527935990612,0.0,0.26614566669815876,0.0013580530659970441,0.0,-0.36831353144182044,0.025286018791864137,0.0,-0.03241918159964499,-0.02528601879183738,0.0,0.02938503049801028,-0.04114180253220208,0.0,33.040401428
1508285114.9331057,1.6110450608008482,-1.862360235658046e-07,0.0,-1.657459453784825,-0.012161283422805712,0.0,0.017788721931414342,0.01897216464830514,0.0,0.26614566669815876,-0.0355145420815609,0.0,-0.3683926026164538,0.0012724176410437147,0.0,-0.0323401104250117,-0.0012724176410441497,0.0,0.02938503049801028,-0.008233350120111711,0.0,33.06040154
1508285114.9531083,1.6110450608008482,-5.959552754105741e-11,0.0,-1.657459453784825,0.0022810016549373313,0.0,0.017788721931414342,-0.0037740937137634555,0.0,0.2662308878530413,0.04030615559596678,0.0,-0.36831353144182044,0.03872370666451576,0.0,-0.03241918159964499,-0.03872370666448863,0.0,0.02938503049801028,-2.6346720384357446e-06,0.0,33.080404051
1508285114.973106,1.6110450608008482,-1.907056881313835e-14,0.0,-1.6574323036823846,-8.616706443591395e-05,0.0,0.01774310982389804,-0.0001471944380236864,0.0,0.2662308878530413,0.032938742302822115,0.0,-0.36847167379108703,-0.03783352249221008,0.0,-0.03226103925037843,0.03783352249221682,0.0,0.02938503049801028,-8.430950522994372e-10,0.0,33.100401729
1508285114.9931097,1.6110450608008482,-6.102582020204265e-18,0.0,-1.6574051535799441,0.024628492489205924,0.0,0.017788721931414564,-0.00376763472728676,0.0,0.26614566669815876,0.0002300465987810357,0.0,-0.3683926026164538,-0.032559697948906195,0.0,-0.0323401104250117,0.03255969794888335,0.0,0.02938503049801028,-0.0002646424398140053,0.0,33.120405435
1508285115.0131097,1.6110450608008482,-1.9528262464653625e-21,0.0,-1.6574323036823846,-0.0004265520088374058,0.0,0.01774310982389804,-0.0007310522621112483,0.0,0.26614566669815876,0.007067528727889012,0.0,-0.36831353144182044,0.032641632379778726,0.0,-0.03241918159964499,0.03053704013823411,0.0,0.02938503049801028,-8.46855807404816e-08,0.0,33.140405399
1508285115.033107,1.6110450608008482,-6.249043988689152e-25,0.0,-1.6574323036823846,0.0007812531327909556,0.0,0.01774310982389804,0.00014568319926179266,0.0,0.26614566669815876,-0.008179400496097769,0.0,-0.3683926026164538,0.0002634009512392431,0.0,-0.0323401104250117,-0.00024318377603356784,0.0,0.02938503049801028,-6.544939551591375e-05,0.0,33.16040285
1508285115.0531104,1.6110450608008482,-1.9996940763805263e-28,0.0,-1.6574323036823846,0.0021802123511628115,0.0,0.01774310982389804,-0.03265447734613611,0.0,0.26614566669815876,-0.03532102940044123,0.0,-0.3683926026164538,8.428830439655769e-08,0.0,-0.0323401104250117,-7.781880833074163e-08,0.0,0.02938503049801028,0.001545973296498828,0.0,33.180406066
1508285115.0731075,1.6110450608008482,-6.399021044417677e-32,0.0,-1.6574323036823846,-1.6597182852222042e-05,0.0,0.01774310982389804,-0.0017273754267477892,0.0,0.26614566669815876,-0.005471195770638842,0.0,-0.3683926026164538,-0.031585575596775946,0.0,-0.0323401104250117,0.031585575598824016,0.0,0.02938503049801028,-0.00032839109644787343,0.0,33.200403238
1508285115.0931108,1.6110450608008482,-2.0476867342136544e-35,0.0,-1.6574323036823846,-8.910127844638522e-05,0.0,0.01774310982389804,-0.0001502337733433944,0.0,0.26614566669815876,-0.0065419010962316,0.0,-0.3683926026164538,-1.0107384190968293e-05,0.0,-0.0323401104250117,1.0107384191623675e-05,0.0,0.02938503049801028,-0.000271558875498257,0.0,33.2204065
1508285115.1131074,1.6110450608008482,-6.552597549483688e-39,0.0,-1.6574323036823846,-0.012882149425021392,0.0,0.01774310982389804,-0.014698223508595856,0.0,0.26614566669815876,-5.663890089189052e-05,0.0,-0.3683926026164538,0.0015125975330293573,0.0,-0.0323401104250117,-0.0015125975330285617,0.0,0.02938503049801028,-8.689884015944213e-08,0.0,33.240403215
1508285115.1331084,1.6110450608008482,-2.096831215834778e-42,0.0,-1.6574323036823846,0.0016925387752294396,0.0,0.01774310982389804,0.0029040638879356895,0.0,0.26614566669815876,-0.03284049685115397,0.0,-0.3683926026164538,-0.03047006324102278,0.0,-0.032498252774278286,-0.03304132760024305,0.0,0.02938503049801028,0.00032841583133412944,0.0,33.260404083
1508285115.1531115,1.6110450608008482,-6.7098598906712814e-46,0.0,-1.6574323036823846,0.0018506600386295434,0.0,0.01774310982389804,-0.004217292420387725,0.0,0.2662308878530413,0.025714229092390573,0.0,-0.3683926026164538,-0.06191477284216084,0.0,-0.0323401104250117,-0.00107430249135003,0.0,0.02938503049801028,1.0509306602692129e-07,0.0,33.280407129
1508285115.1731122,1.6110450608008482,-2.147155165014808e-49,0.0,-1.6574323036823846,-8.779064264473255e-05,0.0,0.01774310982389804,-0.00014983251781317444,0.0,0.26614566669815876,-0.0014092717880041547,0.0,-0.36847167379108703,-0.00012097086775578655,0.0,-0.03226103925037843,-3.437767972320092e-07,0.0,0.02938503049801028,3.362978112861478e-11,0.0,33.300407771
1508285115.1931117,1.6110450608008482,-6.870896528047379e-53,0.0,-1.6574323036823846,-0.011243920431815423,0.0,0.01774310982389804,-0.018538467117460523,0.0,0.26614566669815876,-0.034856991639237715,0.0,-0.36831353144182044,0.03239146846054499,0.0,-0.03241918159964499,-0.0323915072812085,0.0,0.029487775359891433,0.041759248167503836,0.0,33.320407368
1508285115.2131085,1.6110450608008482,-2.1986868889751593e-56,0.0,-1.6574323036823846,-0.00010812459141404729,0.0,0.01774310982389804,-0.00012338462720626662,0.0,0.26614566669815876,-0.0013188424965994443,0.0,-0.3683926026164538,-0.00024364989068571778,0.0,-0.0323401104250117,0.0002436498782629271,0.0,0.02938503049801028,1.3362959413601213e-05,0.0,33.340404168
1508285115.233109,1.6110450608008482,-7.035798044720502e-60,0.0,-1.6574323036823846,-0.0004515324487347736,0.0,0.01774310982389804,0.000758475829006339,0.0,0.26614566669815876,-0.03397196525804707,0.0,-0.3683926026164538,0.0002622568091843908,0.0,-0.0323401104250117,-0.00026225680918818195,0.0,0.02938503049801028,-0.0015771038820794909,0.0,33.360404772
1508285115.2531562,1.6110450608008482,-2.2514553743105578e-63,0.0,-1.6574323036823846,-0.010857643575643033,0.0,0.01774310982389804,-0.01818203948382515,0.0,0.2662308878530413,0.03401515760589827,0.0,-0.3683926026164538,-0.006323806799772793,0.0,-0.0323401104250117,0.006323806799768352,0.0,0.02938503049801028,-5.046732422654366e-07,0.0,33.380451999
1508285115.2731113,1.6110450608008482,-7.204657197793778e-67,0.0,-1.6574323036823846,-0.002627069845363562,0.0,0.017834334038930866,0.032137030682651294,0.0,0.26614566669815876,-0.0002618101021437242,0.0,-0.3683926026164538,-0.0002046346454141479,0.0,-0.0323401104250117,0.0002046346454140042,0.0,0.02938503049801028,-0.001642861958655604,0.0,33.400407043
1508285115.293113,1.6110450608008482,-2.305490303294006e-70,0.0,-1.6574323036823846,-0.010458989227945383,0.0,0.01774310982389804,-0.0189751978457575,0.0,0.26614566669815876,-0.0013773492561583844,0.0,-0.3683926026164538,-0.03138049292320655,0.0,-0.0323401104250117,0.03138049292318425,0.0,0.02938503049801028,0.00032965941347677224,0.0,33.420408793
1508285115.31311,1.6110450608008482,-7.377568970540811e-74,0.0,-1.6574323036823846,-9.049323705821541e-05,0.0,0.01774310982389804,0.0001403336150375521,0.0,0.26614566669815876,-4.4075176197068245e-07,0.0,-0.3683926026164538,-0.0002638443025059484,0.0,-0.0323401104250117,0.000263844302505763,0.0,0.029487775359891433,0.04122389457795014,0.0,33.440405746
1508285115.3331106,1.6110450608008482,-2.3608220705730572e-77,0.0,-1.6574323036823846,-2.8957835858628905e-08,0.0,0.017834334038930866,0.035189284358320326,0.0,0.26614566669815876,-0.028452961058099163,0.0,-0.36847167379108703,0.0012391441323616607,0.0,-0.03226103925037843,-0.0012391441323607907,0.0,0.02938503049801028,-0.0013338321648144198,0.0,33.460406197
1508285115.353114,1.6110450608008482,-7.5546306258337755e-81,0.0,-1.6574323036823846,-0.00045014491876678225,0.0,0.01774310982389804,0.0007091639040673624,0.0,0.2662308878530413,0.03398258289229889,0.0,-0.3683926026164538,-0.03138658185169081,0.0,-0.0323401104250117,0.031487715892498436,0.0,0.02938503049801028,-4.268262927406138e-07,0.0,33.480409713
1508285115.3731112,1.6110450608008482,-2.4174818002668056e-84,0.0,-1.6574323036823846,0.0005381330490382887,0.0,0.01774310982389804,0.00674104248659515,0.0,0.26614566669815876,-0.028837923643194666,0.0,-0.3683926026164538,-0.0002631199768394801,0.0,-0.0323401104250117,0.00026315233973236085,0.0,0.02938503049801028,-0.0016426662384739234,0.0,33.500407052
1508285115.3931146,1.6110450608008482,-7.73594176085377e-88,0.0,-1.6574323036823846,-0.011646708261661948,0.0,0.01774310982389804,-0.018104881103240145,0.0,0.26614566669815876,-0.042186968527236426,0.0,-0.36831353144182044,-5.057904035554563e-05,0.0,-0.03241918159964499,5.057905071168907e-05,0.0,0.02938503049801028,-5.256531963116548e-07,0.0,33.520410256
1508285115.4131114,1.6110450608008482,-2.475501363473203e-91,0.0,-1.657459453784825,-0.009100250418695765,0.0,0.017788721931414342,0.015626893968454146,0.0,0.26614566669815876,-0.033205696559078214,0.0,-0.3683926026164538,-5.078883645702996e-05,0.0,-0.0323401104250117,5.0788836460308294e-05,0.0,0.029487775359891433,0.041342432753491545,0.0,33.540407096
1508285115.4331114,1.6110450608008482,-7.921604363114242e-95,0.0,-1.657459453784825,-0.0017475555051431103,0.0,0.017788721931414342,0.0029359974099894886,0.0,0.26614566669815876,-0.00028338580348476216,0.0,-0.36847167379108703,0.0012655159929303044,0.0,-0.03226103925037843,0.0012655484977851935,0.0,0.02938503049801028,7.89283966105238e-05,0.0,33.560407132
1508285115.4531138,1.6110450608008482,-2.5349133961965543e-98,0.0,-1.6574323036823846,1.672332937863396e-05,0.0,0.01774310982389804,-0.03637742085305812,0.0,0.26614566669815876,-0.04084779313444814,0.0,-0.36831353144182044,-0.0011674863151633153,0.0,-0.03241918159964499,0.0012689626386280907,0.0,0.02938503049801028,2.525708691536759e-08,0.0,33.580409426
1508285115.4731133,1.6110450608008482,-8.111722867828965e-102,0.0,-1.6574323036823846,0.0004334050974844291,0.0,0.01774310982389804,0.0065682986294251285,0.0,0.26614566669815876,-0.04197841081166932,0.0,-0.3683926026164538,0.0012618473141768872,0.0,-0.0323401104250117,-0.0012618148417524921,0.0,0.02938503049801028,8.082267812917619e-12,0.0,33.600409052
1508285115.4931133,1.6110450608008482,-2.595751317705266e-105,0.0,-1.6574051535799441,0.008688539134307751,0.0,0.017788721931414564,-0.021902440170291297,0.0,0.2662308878530413,0.006868115843001543,0.0,-0.3683926026164538,-0.001263470617526772,0.0,-0.0323401104250117,0.0012634706279170604,0.0,0.029487775359891433,2.5863257001336354e-15,0.0,33.620409005
1508285115.5131109,1.6110450608008482,-8.306404216656842e-109,0.0,-1.6574051535799441,0.011752567484449928,0.0,0.017788721931414564,0.01827621138448043,0.0,0.26614566669815876,0.006767458456490347,0.0,-0.3683926026164538,0.006126116663041864,0.0,-0.0323401104250117,-0.006024886154775321,0.0,0.02938503049801028,8.276242240427623e-19,0.0,33.640406704
1508285115.5331132,1.6110450608008482,-2.658049349330186e-112,0.0,-1.6574323036823846,0.010851656345910302,0.0,0.01774310982389804,-0.019677240143311004,0.0,0.26614566669815876,0.005471536078051976,0.0,-0.3683926026164538,5.2599762841319954e-05,0.0,-0.0323401104250117,-5.256736907863911e-05,0.0,0.02938503049801028,0.008236878464557663,0.0,33.660408972
1508285115.553115,1.6110450608008482,-8.505757917856586e-116,0.0,-1.6574323036823846,0.00866413121992747,0.0,0.01774310982389804,-0.014614563483690708,0.0,0.26614566669815876,-0.03379994487056752,0.0,-0.3683926026164538,-0.00025327083894890724,0.0,-0.0323401104250117,0.0002532708493147335,0.0,0.02938503049801028,0.009553482313943295,0.0,33.680410681
1508285115.5731149,1.6110450608008482,-2.7218425337141044e-119,0.0,-1.657459453784825,-0.007810951094817802,0.0,0.017788721931414342,0.021894657199007003,0.0,0.2662308878530413,0.027238324510601746,0.0,-0.3683926026164538,-0.030309782158157345,0.0,-0.0323401104250117,0.030309782158139335,0.0,0.02938503049801028,0.008241904004866473,0.0,33.700410611
1508285115.5931165,1.6110450608008482,-8.709896107885124e-123,0.0,-1.6574323036823846,0.0005001003401236254,0.0,0.01774310982389804,0.0006218111069787886,0.0,0.26614566669815876,-0.02694954802026175,0.0,-0.36847167379108703,-0.0014734564092977814,0.0,-0.03226103925037843,-0.001056099879479685,0.0,0.02938503049801028,-0.008223431503485349,0.0,33.720412225
1508285115.613113,1.6110450608008482,-2.7871667545232365e-126,0.0,-1.657459453784825,-0.012716751617388607,0.0,0.017788721931414342,0.02136458030017265,0.0,0.2662308878530413,0.04262429083473551,0.0,-0.3683926026164538,-0.030454439985197642,0.0,-0.0323401104250117,0.030453630527162524,0.0,0.02938503049801028,-2.6314980811153086e-06,0.0,33.740408548
1508285115.6331143,1.6110450608008482,-8.918933614474345e-130,0.0,-1.6574323036823846,0.00044702964714618895,0.0,0.01774310982389804,0.0007062524009148545,0.0,0.26614566669815876,0.008486300928861977,0.0,-0.3683926026164538,0.03156831161789938,0.0,-0.0323401104250117,-0.03156831187693703,0.0,0.02938503049801028,-0.0410324393250669,0.0,33.760410095
1508285115.6531131,1.6110450608008482,-2.8540587566317875e-133,0.0,-1.657459453784825,0.00043390391897024205,0.0,0.017788721931414342,0.0004370741741393978,0.0,0.26614566669815876,-0.0068325836462030205,0.0,-0.36831353144182044,0.00036378984116697564,0.0,-0.03241918159964499,0.00024288391873495763,0.0,0.02938503049801028,0.008227685876952993,0.0,33.780408906
1508285115.6731164,1.6110450608008482,-9.13298802122171e-137,0.0,-1.6574323036823846,-0.00036457802329183,0.0,0.01774310982389804,-0.0006125836145688419,0.0,0.26614566669815876,-0.03395146158368217,0.0,-0.36831353144182044,-0.007842413435931972,0.0,-0.03241918159964499,-0.007335634866532431,0.0,0.029487775359891433,0.04099821972452081,0.0,33.800412233
1508285115.6931164,1.6110450608008482,-2.922556166790944e-140,0.0,-1.657459453784825,-0.008247653349001675,0.0,0.017788721931414342,0.013855645983473795,0.0,0.2662308878530413,0.03291820010959282,0.0,-0.36831353144182044,-0.006333190441769431,0.0,-0.03241918159964499,0.006328333466308197,0.0,0.02938503049801028,-5.263420862181616e-05,0.0,33.820412047
1508285115.713114,1.6110450608008482,-9.35217973373101e-144,0.0,-1.6574323036823846,-1.9997948914614845e-05,0.0,0.01774310982389804,-2.4728767729301984e-05,0.0,0.26614566669815876,-0.03414963158591574,0.0,-0.36831353144182044,-2.026620941366216e-06,0.0,-0.03241918159964499,2.025066709218621e-06,0.0,0.02938503049801028,-1.684294675898115e-08,0.0,33.840409803
1508285115.7331975,1.6110450608008482,-2.99269751479392e-147,0.0,-1.6574323036823846,0.0005037330995816168,0.0,0.01774310982389804,-0.0008462890731225162,0.0,0.26614566669815876,-0.04117496469133733,0.0,-0.36831353144182044,-0.0002530769191647525,0.0,-0.03241918159964499,-0.002276177945385771,0.0,0.02938503049801028,-0.043038752474386995,0.0,33.860493259
1508285115.7531173,1.6110450608008482,-9.576632047340533e-151,0.0,-1.6574323036823846,-0.0004166129814655565,0.0,0.01774310982389804,-0.006615126963190869,0.0,0.26614566669815876,-0.040507988376950875,0.0,-0.36831353144182044,5.0594691210527126e-05,0.0,-0.03241918159964499,-5.140405276714772e-05,0.0,0.02938503049801028,-1.3772400791803823e-05,0.0,33.880413025
1508285115.7731214,1.6110450608008482,-3.064522255148967e-154,0.0,-1.6574323036823846,0.0021033836744064867,0.0,0.01774310982389804,0.0035317866997592873,0.0,0.26614566669815876,-0.007048255476320658,0.0,-0.3683926026164538,-0.03158932006871595,0.0,-0.0323401104250117,0.03158931980969808,0.0,0.02938503049801028,-4.407168253377218e-09,0.0,33.900417006
1508285115.7931163,1.6110450608008482,-9.806471216476684e-158,0.0,-1.6574323036823846,-0.0017539705669830635,0.0,0.01774310982389804,-0.004400812696229542,0.0,0.26614566669815876,-0.03408506171668666,0.0,-0.36831353144182044,-0.0002628533647410982,0.0,-0.03241918159964499,0.00026285336465803495,0.0,0.02938503049801028,-1.410293841080708e-12,0.0,33.920412116
1508285115.8131158,1.6110450608008482,-3.138070789272535e-161,0.0,-1.6574323036823846,-0.00034836688727579506,0.0,0.01774310982389804,-0.0005857208687645284,0.0,0.26614566669815876,-1.0907219749339718e-05,0.0,-0.36831353144182044,0.03165189797652405,0.0,-0.03241918159964499,-0.03165189797650185,0.0,0.029487775359891433,0.04119423445262962,0.0,33.940411649
1508285115.833118,1.6110450608008482,-1.00418265256721e-164,0.0,-1.6574323036823846,-0.010436124701641436,0.0,0.01774310982389804,-0.011409462226727767,0.0,0.26614566669815876,0.0013636338232170912,0.0,-0.3683926026164538,1.0128607352487683e-05,0.0,-0.0323401104250117,-1.0128607352480581e-05,0.0,0.029487775359891433,0.0427287640326893,0.0,33.960413629
1508285115.853119,1.6110450608008482,-3.2133844882150687e-168,0.0,-1.6574323036823846,-0.0022526744489710154,0.0,0.01774310982389804,-0.0037825282909247906,0.0,0.26614566669815876,-0.0010921014394294614,0.0,-0.36831353144182044,-0.00025319378639138005,0.0,-0.03241918159964499,0.0002531937863912023,0.0,0.02938503049801028,1.367320449046056e-05,0.0,33.980414714
1508285115.8731947,1.6110450608008482,-1.0282830362288209e-171,0.0,-1.6574323036823846,0.013009782431399157,0.0,0.01774310982389804,-0.014575120711225594,0.0,0.26614566669815876,-0.0014172394611775892,0.0,-0.36847167379108703,-0.02652880582825136,0.0,-0.03226103925037843,0.026528805828260667,0.0,0.02938503049801028,4.375425436947375e-09,0.0,34.000490399
1508285115.8931172,1.6110450608008482,-3.290505715932223e-175,0.0,-1.657459453784825,-0.009001880524905831,0.0,0.017788721931414342,0.015417232608655438,0.0,0.26614566669815876,0.008182996452437592,0.0,-0.36831353144182044,-5.773062099490697e-05,0.0,-0.03241918159964499,5.773062099492723e-05,0.0,0.02938503049801028,1.4001361398231583e-12,0.0,34.02041284
1508285115.9131172,1.6110450608008482,-1.0529618290983102e-178,0.0,-1.6574323036823846,0.002203714582469464,0.0,0.01774310982389804,0.0021938643269212364,0.0,0.2662308878530413,0.033935069104681845,0.0,-0.3683926026164538,0.03168617143874773,0.0,-0.0323401104250117,-0.0316861714387589,0.0,0.02938503049801028,-0.000328729008947405,0.0,34.040413004
1508285115.9331179,1.6110450608008482,-3.369477853114588e-182,0.0,-1.6574323036823846,-0.0019797899972162675,0.0,0.01774310982389804,0.0022194389282358153,0.0,0.26614566669815876,-0.007950351513963807,0.0,-0.3683926026164538,0.00026318567427812436,0.0,-0.0323401104250117,-0.00026318567427795024,0.0,0.02938503049801028,0.008218120030413466,0.0,34.060413704
1508285115.9531214,1.6110450608008482,-1.0782329129966669e-185,0.0,-1.6574323036823846,0.012543321521981255,0.0,0.01774310982389804,-0.015270484863787126,0.0,0.2662308878530413,-0.001366018875372527,0.0,-0.36831353144182044,0.03784821542826384,0.0,-0.03241918159964499,-0.03784821542823726,0.0,0.02938503049801028,0.0003316333037267414,0.0,34.08041725
1508285115.9731214,1.6110450608008482,-3.45034532158933e-189,0.0,-1.6574051535799441,0.008648113342059869,0.0,0.017788721931414564,0.021876603449831854,0.0,0.2662308878530413,0.03406206968119017,0.0,-0.36831353144182044,0.03161649918825627,0.0,-0.03241918159964499,-0.03161649918823407,0.0,0.02938503049801028,-0.009862366053770614,0.0,34.100417085
1508285115.9931192,1.6110450608008482,-1.1041105029085845e-192,0.0,-1.6574323036823846,0.0021744152297187964,0.0,0.01774310982389804,0.0036553637074779382,0.0,0.26614566669815876,0.0013231702286615032,0.0,-0.3683926026164538,0.0012276877227592295,0.0,-0.0323401104250117,-0.0012276877227583678,0.0,0.02938503049801028,-3.1559571372065932e-06,0.0,34.120414968
1508285116.0131218,1.6110450608008482,-3.5331536093074665e-196,0.0,-1.6574323036823846,0.0003482008851851549,0.0,0.01774310982389804,0.0005849774112400876,0.0,0.26614566669815876,-0.006816137840513673,0.0,-0.3683926026164538,-0.007538746182951919,0.0,-0.0323401104250117,0.007538746182946627,0.0,0.02938503049801028,-1.0099062839061088e-09,0.0,34.140417591
1508285116.0331252,1.6110450608008482,-1.130609154978388e-199,0.0,-1.6574323036823846,0.0005406479417016558,0.0,0.01774310982389804,-0.0005576977629618533,0.0,0.26614566669815876,-0.03404846579879146,0.0,-0.36831353144182044,-0.00025542833416010115,0.0,-0.03241918159964499,0.00025542833415992183,0.0,0.02938503049801028,-3.231700108499545e-13,0.0,34.160420781
1508285116.053123,1.6110450608008482,-3.617949295930837e-203,0.0,-1.6574323036823846,0.0017730177479225932,0.0,0.01774310982389804,-0.0032144433466771948,0.0,0.26614566669815876,-0.027031933245152993,0.0,-0.36847167379108703,0.03124437653000676,0.0,-0.03226103925037843,0.03175427840037385,0.0,0.02938503049801028,-0.00033117631905299564,0.0,34.180418761
1508285116.073121,1.6110450608008482,-1.1577437746978666e-206,0.0,-1.6574323036823846,0.0021975224536224056,0.0,0.01774310982389804,0.003922265589026576,0.0,0.2662308878530413,0.006778787347150731,0.0,-0.36831353144182044,0.0015264408753593766,0.0,-0.03241918159964499,-0.001506281305780855,0.0,0.02938503049801028,-1.0597642209695849e-07,0.0,34.200416714
1508285116.0931196,1.6110450608008482,-3.704780079033169e-210,0.0,-1.6574323036823846,-0.00043357459814531246,0.0,0.01774310982389804,-0.0007283305549256525,0.0,0.2662308878530413,0.006821168726597521,0.0,-0.3683926026164538,-4.990448008597896e-05,0.0,-0.0323401104250117,4.991093114820872e-05,0.0,0.02938503049801028,-3.391245507102668e-11,0.0,34.220415366
1508285116.113122,1.6110450608008482,-1.1855296252906127e-213,0.0,-1.6574051535799441,0.013138711838122595,0.0,0.017788721931414564,0.014776278269118953,0.0,0.26614566669815876,-0.005399109165597134,0.0,-0.36831353144182044,5.059928469576028e-05,0.0,-0.03241918159964499,-5.059928263138483e-05,0.0,0.02938503049801028,-0.03131581314417398,0.0,34.240417782
1508285116.1331198,1.6110450608008482,-3.7936948009299565e-217,0.0,-1.6574323036823846,-9.989414299328989e-05,0.0,0.01774310982389804,-0.00017015687504175108,0.0,0.26614566669815876,0.006444487408703426,0.0,-0.3682344602671872,0.03174811182885527,0.0,-0.032340110425011726,0.03174807944532487,0.0,0.02938503049801028,-1.0021060206135661e-05,0.0,34.260415492
1508285116.153122,1.6110450608008482,-1.2139823362975848e-220,0.0,-1.6574323036823846,0.002197786084020756,0.0,0.01774310982389804,0.003692274645972668,0.0,0.26614566669815876,2.0622359707850943e-06,0.0,-0.3683926026164538,-0.006390702451282315,0.0,-0.0323401104250117,0.006411021232492246,0.0,0.02938503049801028,-0.008251667834170119,0.0,34.280417676
1508285116.173122,1.6110450608008482,-3.884743476152267e-224,0.0,-1.657459453784825,-0.009398342488241618,0.0,0.017788721931414342,0.02191454776895911,0.0,0.26614566669815876,-0.027101348353211943,0.0,-0.36831353144182044,-5.2648211860650586e-05,0.0,-0.03241918159964499,5.2654713870655515e-05,0.0,0.02938503049801028,0.00164198462137505,0.0,34.300417729
1508285116.1931221,1.6110450608008482,-1.243117912368724e-227,0.0,-1.6574323036823846,1.4305869586696454e-05,0.0,0.01774310982389804,-2.2073713356906132e-05,0.0,0.2662308878530413,0.00026360059366070036,0.0,-0.3683926026164538,-0.006324661310824336,0.0,-0.0323401104250117,0.006324661312900539,0.0,0.029487775359891433,0.039442129350913444,0.0,34.320417963
1508285116.2131274,1.6110450608008482,-3.9779773195799116e-231,0.0,-1.6574323036823846,0.010824698804731846,0.0,0.01774310982389804,-0.01818546761530452,0.0,0.26614566669815876,-0.0353958322589892,0.0,-0.36847167379108703,-0.03157806375971618,0.0,-0.03226103925037843,0.03157806375972793,0.0,0.02938503049801028,1.2621481392292289e-05,0.0,34.340423189
1508285116.2331233,1.6110450608008482,-1.2729527422655703e-234,0.0,-1.6574323036823846,-0.012573930664519796,0.0,0.01774310982389804,-0.02107755653355052,0.0,0.2662308878530413,0.008133294678065063,0.0,-0.36831353144182044,0.031894029336660905,0.0,-0.03241918159964499,-0.03189402933663855,0.0,0.02938503049801028,4.038874045533528e-09,0.0,34.360419085
1508285116.2531242,1.6110450608008482,-4.073448775249821e-238,0.0,-1.6574323036823846,0.006501097878974296,0.0,0.01774310982389804,-0.016775311212222577,0.0,0.26614566669815876,-0.006812334062735866,0.0,-0.3683926026164538,0.006333343249527982,0.0,-0.0323401104250117,-0.006333343249523534,0.0,0.02938503049801028,-0.0065775046729946345,0.0,34.380420027
1508285116.2731223,1.6110450608008482,-1.3035036080799414e-241,0.0,-1.6574323036823846,-0.0026878848498000205,0.0,0.01774310982389804,0.003066325630318059,0.0,0.26614566669815876,-0.03968719284374315,0.0,-0.3683926026164538,0.00020355058931888028,0.0,-0.0323401104250117,-0.00020355058931894964,0.0,0.02938503049801028,-2.1048014953582807e-06,0.0,34.400417995
1508285116.2931223,1.6110450608008482,-4.1712115458558075e-245,0.0,-1.6574323036823846,-0.011346510573634574,0.0,0.01774310982389804,-0.018825235583613105,0.0,0.2662308878530413,0.03538101531812447,0.0,-0.36831353144182044,5.044013753938014e-05,0.0,-0.03241918159964499,-5.044013753934479e-05,0.0,0.02938503049801028,-6.73536478514649e-10,0.0,34.420417931
1508285116.3131242,1.6110450608008482,-1.3347876946738571e-248,0.0,-1.6574323036823846,-0.01142656679359331,0.0,0.01774310982389804,-0.018846543489219332,0.0,0.26614566669815876,0.007097979181424509,0.0,-0.36831353144182044,-0.0075880508105278625,0.0,-0.03241918159964499,0.007588050810522537,0.0,0.02938503049801028,-2.1553167312468747e-13,0.0,34.440419957
1508285116.3331225,1.6110450608008482,-4.271320622956338e-252,0.0,-1.6574323036823846,-9.048102042393762e-05,0.0,0.01774310982389804,-0.00015189587938616074,0.0,0.26614566669815876,2.2713533380558405e-06,0.0,-0.36831353144182044,0.03171151340149403,0.0,-0.03241918159964499,-0.03171151340147176,0.0,0.02938503049801028,-6.897013539989991e-17,0.0,34.460418197
1508285116.3531225,1.6110450608008482,-1.3668225993460266e-255,0.0,-1.6574051535799441,-0.0003334594448758134,0.0,0.017788721931414564,-0.0008988836583911338,0.0,0.2662308878530413,5.440353199771939e-05,0.0,-0.36847167379108703,-0.007582895615100629,0.0,-0.03226103925037843,0.007582895615101969,0.0,0.02938503049801028,6.558945029898895e-05,0.0,34.480418257
1508285116.3731258,1.6110450608008482,-4.3738323179072807e-259,0.0,-1.6574323036823846,0.0026004468308224566,0.0,0.01774310982389804,-0.004369211400245682,0.0,0.26614566669815876,0.006855553695973324,0.0,-0.3683926026164538,-2.4265265968321983e-06,0.0,-0.0323401104250117,-9.847913928926269e-05,0.0,0.02938503049801028,-0.0016416673358238133,0.0,34.500421552
1508285116.3931234,1.6110450608008482,-1.3996263417303282e-262,0.0,-1.6574323036823846,-0.0026079438914103077,0.0,0.01774310982389804,-0.0029223511907405264,0.0,0.26614566669815876,-0.001091835210736258,0.0,-0.3683926026164538,-0.013676440957819605,0.0,-0.0323401104250117,0.0010150469290770535,0.0,0.029487775359891433,0.041364199612035774,0.0,34.520419213
1508285116.413128,1.6110450608008482,-4.478804293537045e-266,0.0,-1.6574051535799441,0.012684012152596996,0.0,0.017788721931414564,0.015230474958334857,0.0,0.2662308878530413,-0.0016343444685043742,0.0,-0.36847167379108703,-0.0010145431137762184,0.0,-0.03226103925037843,0.0010104914676876415,0.0,0.02938503049801028,7.88884454486314e-05,0.0,34.540423671
1508285116.4331234,1.6110450608008482,-1.4332173739318526e-269,0.0,-1.6574323036823846,0.013052642254834391,0.0,0.01774310982389804,-0.014635609848117351,0.0,0.26614566669815876,-5.229902299213991e-07,0.0,-0.36831353144182044,0.03169088834661985,0.0,-0.03241918159964499,-0.031690889643124345,0.0,0.02938503049801028,-0.008200606252701761,0.0,34.560418979
1508285116.453123,1.6110450608008482,-4.586295596581923e-273,0.0,-1.6574323036823846,-0.00011735903558242992,0.0,0.01774310982389804,0.00014126852856117384,0.0,0.2662308878530413,0.03242731141500659,0.0,-0.3683926026164538,-0.006273091483029862,0.0,-0.0323401104250117,0.006273091482610569,0.0,0.02938503049801028,0.00032614400066744955,0.0,34.580418878
1508285116.4731255,1.6110450608008482,-1.4676145909062137e-276,0.0,-1.6574323036823846,0.0001731369759166443,0.0,0.01774310982389804,4.520592984772154e-08,0.0,0.26614566669815876,-0.034263164293549905,0.0,-0.36831353144182044,0.03129383681730514,0.0,-0.03241918159964499,-0.0312938368172833,0.0,0.02938503049801028,6.590506714361539e-05,0.0,34.6004211
1508285116.4931324,1.6110450608008482,-4.696366690899879e-280,0.0,-1.6574323036823846,-0.008669889684853153,0.0,0.01774310982389804,-0.014624021385395616,0.0,0.26614566669815876,4.3718181526066054e-05,0.0,-0.36831353144182044,0.001329307932838401,0.0,-0.03241918159964499,-0.0013293079328388034,0.0,0.02938503049801028,2.10896214859569e-08,0.0,34.620428042
1508285116.5131311,1.6110450608008482,-1.5028373410879594e-283,0.0,-1.6574323036823846,-0.0023490758856289616,0.0,0.01774310982389804,0.0036449885140202505,0.0,0.26614566669815876,0.006874051107187332,0.0,-0.36831353144182044,4.253785385082879e-07,0.0,-0.03241918159964499,-4.253785385084166e-07,0.0,0.029487775359891433,0.041012913179965554,0.0,34.640426788
1508285116.533125,1.6110450608008482,-4.8090794914814646e-287,0.0,-1.657459453784825,-0.010395962099031937,0.0,0.017788721931414342,0.018866934417401084,0.0,0.2662308878530413,0.034215497691891306,0.0,-0.3683926026164538,0.005029999853935753,0.0,-0.0323401104250117,-0.0050299998539331,0.0,0.02938503049801028,0.0003438239385811965,0.0,34.660420671
1508285116.5531254,1.6110450608008482,-1.5389054372740672e-290,0.0,-1.6574323036823846,0.0026988152846894515,0.0,0.01774310982389804,-0.003075252309080337,0.0,0.26614566669815876,-4.3389234495687056e-05,0.0,-0.36847167379108703,-0.03814956268662996,0.0,-0.03226103925037843,0.03814956268663667,0.0,0.02938503049801028,0.0016425804768955097,0.0,34.680421107
1508285116.5731287,1.6110450608008482,-4.9244973992770094e-294,0.0,-1.6574323036823846,0.0017289379596342198,0.0,0.01774310982389804,-0.0031946979412596764,0.0,0.26614566669815876,-0.03976224506683825,0.0,-0.36831353144182044,-1.2207860059721572e-05,0.0,-0.03241918159964499,1.220786005972372e-05,0.0,0.02938503049801028,5.256257526065624e-07,0.0,34.700424416
1508285116.593129,1.6110450608008482,-1.5758391677686412e-297,0.0,-1.6574051535799441,0.008559849985217222,0.0,0.017788721931414564,0.014378575834295897,0.0,0.26614566669815876,0.006801400819972468,0.0,-0.3683926026164538,-0.00025283900858977276,0.0,-0.0323401104250117,0.0002528390085895952,0.0,0.02938503049801028,1.6820024083409978e-10,0.0,34.720424588
1508285116.6131291,1.6110450608008482,-5.042685336859646e-301,0.0,-1.6574051535799441,-0.0020828816354453664,0.0,0.017788721931414564,0.0037414672036894126,0.0,0.2662308878530413,0.03948184580122624,0.0,-0.36831353144182044,-8.090848274872719e-08,0.0,-0.03241918159964499,8.090848274867039e-08,0.0,0.02938503049801028,5.3824077066911866e-14,0.0,34.740424927
1508285116.6331294,1.6110450608008482,-1.6136593077950848e-304,0.0,-1.657459453784825,-0.012550847238140901,0.0,0.017788721931414342,0.022544816296237048,0.0,0.26614566669815876,-0.001404990452486598,0.0,-0.36831353144182044,0.031242783214600285,0.0,-0.03241918159964499,-0.031242783214578348,0.0,0.02938503049801028,0.00032849409064704985,0.0,34.76042511
1508285116.6531262,1.6110450608008482,-5.163709784944265e-308,0.0,-1.6574051535799441,0.00044757076145344473,0.0,0.017788721931414564,-0.0007514507992830383,0.0,0.26614566669815876,-0.00817853609181913,0.0,-0.36831353144182044,0.03212551950032439,0.0,-0.03241918159964499,-0.03212551950030185,0.0,0.02938503049801028,-6.539865543504916e-05,0.0,34.780421962
1508285116.67313,1.6110450608008482,-1.6523871311823e-311,0.0,-1.6574323036823846,-0.0003489419002734929,0.0,0.01774310982389804,0.0008782299846963543,0.0,0.26614566669815876,-0.03451848482791834,0.0,-0.3683926026164538,-0.007815456825930435,0.0,-0.0323401104250117,0.007815456825931587,0.0,0.02938503049801028,0.0003288648803330138,0.0,34.800425764
1508285116.6931303,1.6110450608008482,-5.28763882e-315,0.0,-1.6574323036823846,0.00034742446772007717,0.0,0.01774310982389804,-0.0008753783333040102,0.0,0.26614566669815876,-1.1045915144933857e-05,0.0,-0.3683926026164538,-0.03310984236851483,0.0,-0.0323401104250117,0.033109842368491585,0.0,0.02938503049801028,1.0523676170656427e-07,0.0,34.820425975
1508285116.7131305,1.6110450608008482,-1.692046e-318,0.0,-1.657459453784825,1.1117582967042456e-07,0.0,0.017788721931414342,-2.8012106665728295e-07,0.0,0.26614566669815876,-0.00032714648816829474,0.0,-0.3683926026164538,0.0015080436527937775,0.0,-0.0323401104250117,-0.0015080436527929852,0.0,0.02938503049801028,-0.00032868979889156874,0.0,34.840426291
1508285116.7331276,1.6110450608008482,-5.43e-322,0.0,-1.6574323036823846,0.00045014701355823296,0.0,0.01774310982389804,0.000756245762581019,0.0,0.26614566669815876,0.0015765386060029346,0.0,-0.36831353144182044,4.825739688940083e-07,0.0,-0.03241918159964499,-4.825739688937548e-07,0.0,0.02938503049801028,-1.0518073564530189e-07,0.0,34.860423207
1508285116.7531278,1.6110450608008482,0.0,0.0,-1.6574323036823846,-8.675293792115524e-05,0.0,0.01774310982389804,-0.00020388984101556723,0.0,0.26614566669815876,-0.026921609574867687,0.0,-0.3683926026164538,-0.006368266021315223,0.0,-0.0323401104250117,0.006368266021317408,0.0,0.02938503049801028,0.0016414928749676184,0.0,34.88042349
1508285116.7731311,1.6110450608008482,0.0,0.0,-1.6574323036823846,-0.01142373456217464,0.0,0.01774310982389804,-0.017726757577464593,0.0,0.26614566669815876,-0.026063423231163674,0.0,-0.3683926026164538,0.004981048568292176,0.0,-0.0323401104250117,0.005086318569963571,0.0,0.02938503049801028,-0.041580379749394936,0.0,34.900426739
1508285116.7931316,1.6110450608008482,2.3271214511256964e-05,0.0,-1.6574323036823846,-0.013431109223282587,0.0,0.01774310982389804,-0.022272067496704153,0.0,0.2662308878530413,0.0065875838890283546,0.0,-0.36847167379108703,-0.006320789842347156,0.0,-0.03226103925037843,0.006728919644242784,0.0,0.02938503049801028,-1.3305721519806364e-05,0.0,34.920427279
1508285116.8132017,1.6110450608008482,7.446788643602221e-09,0.0,-1.6574323036823846,-0.0021587586960876075,0.0,0.01774310982389804,0.003612361858555187,0.0,0.26614566669815876,-0.02725926260475243,0.0,-0.3687879584896202,-0.007541691601517962,0.0,-0.03210289690111187,0.007541822203052329,0.0,0.02938503049801028,0.007890510776309638,0.0,34.940497435
1508285116.8331287,1.6110450608008482,2.3829723659527085e-12,0.0,-1.6574323036823846,-0.0017165469421747527,0.0,0.01774310982389804,-0.0028814782767802847,0.0,0.2662308878530413,0.03446499395322514,0.0,-0.3686298161403536,0.03803260373691596,0.0,-0.03226103925037843,-0.03803260369513019,0.0,0.02938503049801028,-6.322867548524372e-05,0.0,34.960424408
1508285116.8531291,1.6110450608008482,7.625511571048658e-16,0.0,-1.6574323036823846,-0.0008517833367482599,0.0,0.01774310982389804,-3.0022267657610405e-05,0.0,0.26614566669815876,-0.041269724310449375,0.0,-0.36847167379108703,0.03044124256071893,0.0,-0.03226103925037843,0.03294645798311915,0.0,0.029487775359891433,0.04124843012983665,0.0,34.980424873
1508285116.8731322,1.6110450608008482,2.4401637027355675e-19,0.0,-1.6574323036823846,0.008707013551694313,0.0,0.01774310982389804,-0.02189895813135197,0.0,0.26614566669815876,0.006779067907857193,0.0,-0.3686298161403536,9.741197619430047e-06,0.0,-0.03226103925037843,1.0542866554598116e-05,0.0,0.02938503049801028,-0.008241225084548802,0.0,35.00042804
1508285116.8931327,1.6110450608008482,7.808523848753806e-23,0.0,-1.6574323036823846,7.237596650465213e-05,0.0,0.01774310982389804,0.00010990290110340436,0.0,0.26614566669815876,0.00027489676443599644,0.0,-0.3685507449657203,3.1171832382176112e-09,0.0,-0.032340110425011726,3.373717297471394e-09,0.0,0.02938503049801028,-2.637192027055614e-06,0.0,35.020428514
1508285116.9131331,1.6110450608008482,2.4987276316012153e-26,0.0,-1.6574323036823846,0.01298541167005843,0.0,0.01774310982389804,-0.014519529839146058,0.0,0.2662308878530413,-0.0013546662419502123,0.0,-0.3683926026164538,0.06555323160118924,0.0,-0.0323401104250117,-5.049484087190651e-05,0.0,0.02938503049801028,-8.439014486577955e-10,0.0,35.040428968
1508285116.9331298,1.6110450608008482,7.99592842112388e-30,0.0,-1.6574323036823846,-0.002099516271784014,0.0,0.01774310982389804,0.0034691725016313597,0.0,0.26614566669815876,-0.0013634208366039928,0.0,-0.3685507449657203,-0.03672874216996517,0.0,-0.032340110425011726,0.02662665293889069,0.0,0.02938503049801028,0.007893015539582663,0.0,35.060425581
1508285116.95313,1.6110450608008482,2.5586970947596384e-33,0.0,-1.6574323036823846,-0.010872409232572966,0.0,0.01774310982389804,-0.01820498812314693,0.0,0.26614566669815876,-4.362946677132772e-07,0.0,-0.3695786702359529,-0.04711218201880325,0.0,-0.03147032750404563,0.03192407060790767,0.0,0.02938503049801028,2.5257649726664494e-06,0.0,35.080425734
1508285116.9731338,1.6110450608008482,8.187830703230834e-37,0.0,-1.6574323036823846,0.0021617169458179996,0.0,0.01774310982389804,-0.0036433499218855364,0.0,0.26614566669815876,-0.0341373584106657,0.0,-0.3693414567120531,-0.03138618386883507,0.0,-0.031549398678678925,0.03188555236589311,0.0,0.02938503049801028,8.082447912532628e-10,0.0,35.100429546
1508285116.993134,1.6110450608008482,2.620105825033864e-40,0.0,-1.6574323036823846,0.002520197059771797,0.0,0.01774310982389804,0.004523535703721193,0.0,0.26614566669815876,-0.008137760447783244,0.0,-0.3693414567120531,0.03178802219877026,0.0,-0.031549398678678925,0.03190910291596528,0.0,0.02938503049801028,2.5863833320104385e-13,0.0,35.120429822
1508285117.0131338,1.6110450608008482,8.384338640108355e-44,0.0,-1.6574323036823846,0.00842165735089437,0.0,0.01774310982389804,-0.014087188117807478,0.0,0.26614566669815876,0.006807463662469954,0.0,-0.36910424318815327,0.0015324742247413048,0.0,-0.03194475455184531,0.0009253471020848268,0.0,0.02938503049801028,-0.03968317385550225,0.0,35.140429506
1508285117.0331302,1.6110450608008482,2.6829883648346704e-47,0.0,-1.6574323036823846,2.004330009533778e-05,0.0,0.01774310982389804,-0.001551430097945038,0.0,0.26614566669815876,2.1783883719903823e-06,0.0,-0.36910424318815327,4.903917519172171e-07,0.0,-0.03178661220257875,0.0005062676681439461,0.0,0.02938503049801028,-0.04118233655855961,0.0,35.160425917
1508285117.0531306,1.6110450608008482,8.585562767470936e-51,0.0,-1.6574051535799441,0.009996164770183724,0.0,0.017788721931414564,0.025550663352366974,0.0,0.2662308878530413,0.026959308028483953,0.0,-0.36926238553741986,0.0315916685999671,0.0,-0.03178661220257875,-0.044243811408283096,0.0,0.029487775359891433,0.04077535892770567,0.0,35.180426409
1508285117.0731335,1.6110450608008482,2.747380085590697e-54,0.0,-1.6574323036823846,-0.0007979459310643261,0.0,0.01774310982389804,0.00012508737886870102,0.0,0.2662308878530413,0.03429540370831627,0.0,-0.36902517201352003,0.02525677944042663,0.0,-0.031865683377212045,0.03785772432758208,0.0,0.02938503049801028,-0.039084062518315164,0.0,35.200429264
1508285117.093131,1.6110450608008482,8.79161627389022e-58,0.0,-1.6574051535799441,0.010334620790223216,0.0,0.017788721931414564,0.017362607347117403,0.0,0.26614566669815876,-0.03406776991685055,0.0,-0.36918331436278656,-0.0014619296797773226,0.0,-0.03186568337721202,0.000977717888968853,0.0,0.02938503049801028,0.0003152065487907749,0.0,35.220426693
1508285117.1131315,1.6110450608008482,2.8133172076448676e-61,0.0,-1.6574323036823846,-0.0020658610696707392,0.0,0.01774310982389804,-0.003470641532785886,0.0,0.26614566669815876,-0.0002838243727458074,0.0,-0.36902517201352003,-0.031614692417640394,0.0,-0.031865683377212045,0.031715563204359504,0.0,0.02938503049801028,0.00032914362260628906,0.0,35.240427351
1508285117.1331315,1.6110450608008482,9.002615064463565e-65,0.0,-1.6574323036823846,0.009239024641244322,0.0,0.01774310982389804,-0.021336491929443934,0.0,0.26614566669815876,-0.008218637570258735,0.0,-0.3693414567120531,-0.001278371172123895,0.0,-0.03170754102794546,0.0012784034507765355,0.0,0.02938503049801028,-0.04937907064631949,0.0,35.260427344
1508285117.1531339,1.6110450608008482,2.8808368206283376e-68,0.0,-1.6574323036823846,-0.010484934713392999,0.0,0.01774310982389804,-0.017626459947427862,0.0,0.26614566669815876,-0.00022147398651796364,0.0,-0.36902517201352003,0.0023724816362787195,0.0,-0.031865683377212045,-0.012384956618432962,0.0,0.029487775359891433,0.04138009039767768,0.0,35.28042969
1508285117.1731343,1.6110450608008482,9.218677826010671e-72,0.0,-1.6574323036823846,-0.0017342080436578036,0.0,0.01774310982389804,0.00436677039068279,0.0,0.26614566669815876,-0.008114837171577141,0.0,-0.36910424318815327,-0.06326006312343724,0.0,-0.03178661220257875,0.06325685913145412,0.0,0.029487775359891433,0.00689231887613579,0.0,35.300430026
1508285117.1931367,1.6110450608008482,2.9499769043234113e-75,0.0,-1.6574323036823846,-0.00866130929840529,0.0,0.01774310982389804,-0.021854083042184533,0.0,0.2662308878530413,0.035589558235086104,0.0,-0.36918331436278656,0.013909521676676246,0.0,-0.03186568337721202,0.0012856235481554282,0.0,0.02938503049801028,-0.03283863423983032,0.0,35.320432371
1508285117.2131338,1.6110450608008482,9.439926093834906e-79,0.0,-1.6574051535799441,-0.002193081385157813,0.0,0.017788721931414564,-0.002169705702921651,0.0,0.26614566669815876,-0.005664789205899241,0.0,-0.36910424318815327,-4.612802328657565e-05,0.0,-0.03178661220257875,0.0005570826685935633,0.0,0.02938503049801028,-0.001324562770384856,0.0,35.340429561
1508285117.2331328,1.6110450608008482,3.0207763500271663e-82,0.0,-1.6574323036823846,-0.002605747888550649,0.0,0.01774310982389804,0.00291782185549198,0.0,0.26614566669815876,0.005232934968735998,0.0,-0.36910424318815327,0.03800161922818881,0.0,-0.03178661220257875,0.025355537935329693,0.0,0.02938503049801028,0.0003283835296455329,0.0,35.360428447
1508285117.2531352,1.6110450608008482,9.66648432008692e-86,0.0,-1.657459453784825,-0.021721192035601227,0.0,0.017788721931414342,0.00017625737171072863,0.0,0.2662308878530413,0.03398123824929424,0.0,-0.36910424318815327,0.03807315537250198,0.0,-0.03178661220257875,0.03756229136718329,0.0,0.02938503049801028,-0.0002635214761887181,0.0,35.380430943
1508285117.2731366,1.6110450608008482,3.093274982427812e-89,0.0,-1.6574323036823846,-0.01067203107111902,0.0,0.01774310982389804,-0.01815040747953348,0.0,0.26614566669815876,-0.035159419968725014,0.0,-0.36910424318815327,0.025069707877119398,0.0,-0.03178661220257875,0.0250695444006289,0.0,0.02938503049801028,-0.0015819980128793855,0.0,35.400432429
1508285117.2931392,1.6110450608008482,9.898479943768989e-93,0.0,-1.6574323036823846,0.012882107202590838,0.0,0.01774310982389804,-0.014655762726627254,0.0,0.26614566669815876,-0.0002305606345446602,0.0,-0.36918331436278656,0.0012676963017220957,0.0,-0.03186568337721202,0.0012676962494091765,0.0,0.029487775359891433,0.040551147452995186,0.0,35.420434915
1508285117.313135,1.6110450608008482,3.1675135820060732e-96,0.0,-1.657459453784825,-0.0130283021685657,0.0,0.017788721931414342,0.01319905481623162,0.0,0.26614566669815876,-0.034152079589351486,0.0,-0.36910424318815327,4.056628165510702e-07,0.0,-0.03178661220257875,4.05662799810936e-07,0.0,0.02938503049801028,0.00690837846652977,0.0,35.440430524
1508285117.3331366,1.6110450608008482,1.0136043462419423e-99,0.0,-1.657459453784825,-0.010894452432186221,0.0,0.017788721931414342,0.018299873862949324,0.0,0.26614566669815876,-6.541569553108106e-05,0.0,-0.36902517201352003,0.031716547073857286,0.0,-0.031865683377212045,-0.031716546814255356,0.0,0.029487775359891433,0.04325067142901731,0.0,35.460432295
1508285117.3531365,1.6110450608008482,3.2435339079742117e-103,0.0,-1.6574323036823846,-0.011341584265778724,0.0,0.01774310982389804,-0.017578764914768247,0.0,0.26614566669815876,-0.03394929608993796,0.0,-0.36910424318815327,-0.024916790191391334,0.0,-0.03178661220257875,0.02491679019149856,0.0,0.02938503049801028,-0.001634323036650117,0.0,35.480432321
1508285117.3731449,1.6110450608008482,1.0379308505517465e-106,0.0,-1.6574051535799441,0.014038318981608351,0.0,0.017788721931414564,0.022122331612702363,0.0,0.26614566669815876,-0.006803137994385318,0.0,-0.36910424318815327,-0.001022847011142831,0.0,-0.03178661220257875,0.0015283967746102345,0.0,0.02938503049801028,0.0077943611306171175,0.0,35.50044054
1508285117.3931386,1.6110450608008482,3.321378721765585e-110,0.0,-1.657459453784825,-0.021743091078388933,0.0,0.017788721931414342,7.079146027134448e-06,0.0,0.26614566669815876,-0.034133800857905905,0.0,-0.36894610083888674,0.0012655068265485076,0.0,-0.03194475455184531,-0.0012653450506237536,0.0,0.02938503049801028,-0.007857838432826418,0.0,35.520434274
1508285117.4131358,1.6110450608008482,1.062841190964986e-113,0.0,-1.6574323036823846,0.011286086756080766,0.0,0.01774310982389804,-0.01751744886301901,0.0,0.26614566669815876,-0.04086242477243087,0.0,-0.36902517201352003,4.0496218449552203e-07,0.0,-0.031865683377212045,-4.0491041619960074e-07,0.0,0.029487775359891433,0.050887696085380046,0.0,35.540431429
1508285117.4331365,1.6110450608008482,3.4010918110879516e-117,0.0,-1.6574051535799441,0.013391980542158495,0.0,0.017788721931414564,0.021265808906521112,0.0,0.26614566669815876,0.006532639133231845,0.0,-0.3694205278866864,-0.10114985688226043,0.0,-0.03162846985331219,0.03843766006837865,0.0,0.029487775359891433,0.03096981640915153,0.0,35.560432143
1508285117.4531398,1.6110450608008482,1.0883493795481435e-120,0.0,-1.657459453784825,-0.0128546352415936,0.0,0.017788721931414342,0.0143685285256706,0.0,0.26614566669815876,-0.006871189244691924,0.0,-0.36926238553741986,0.025117630634848693,0.0,-0.03162846985331219,-0.0377915120701716,0.0,0.02938503049801028,-0.00031901468976546827,0.0,35.580435426
1508285117.47314,1.6110450608008482,3.482718014554055e-124,0.0,-1.657459453784825,-0.004678811300099561,0.0,0.017788721931414342,0.0008221481548606841,0.0,0.2662308878530413,-0.0013656735434463602,0.0,-0.36902517201352003,-0.03134300198167234,0.0,-0.031865683377212045,0.03133894633960177,0.0,0.029487775359891433,0.039093509634209496,0.0,35.60043563
1508285117.4931402,1.6110450608008482,1.1144697646572964e-127,0.0,-1.6574323036823846,-0.010946560905912707,0.0,0.01774310982389804,-0.01809568789899151,0.0,0.26614566669815876,-0.006604006036156111,0.0,-0.36910424318815327,-5.923691681618909e-05,0.0,-0.03178661220257875,5.923561901076106e-05,0.0,0.02938503049801028,-0.007884986630251925,0.0,35.62043605
1508285117.513137,1.6110450608008482,3.5663032469033443e-131,0.0,-1.6574323036823846,-0.010947313946089662,0.0,0.01774310982389804,-0.016634039457018534,0.0,0.26614566669815876,-0.04089741898295563,0.0,-0.36910424318815327,-0.037640522030500764,0.0,-0.03178661220257875,0.024991233103325478,0.0,0.02938503049801028,-2.5231957216806133e-06,0.0,35.640432909
1508285117.5331364,1.6110450608008482,1.141217039009069e-134,0.0,-1.6574323036823846,-0.0026291845451200373,0.0,0.01774310982389804,-0.004416461406594393,0.0,0.26614566669815876,0.006865972422113777,0.0,-0.36902517201352003,0.005055820689736444,0.0,-0.031865683377212045,-0.0050598684621967,0.0,0.02938503049801028,-0.010264150918176016,0.0,35.660432017
1508285117.553141,1.6110450608008482,3.6518945248290165e-138,0.0,-1.6574323036823846,0.0016338003133489442,0.0,0.01774310982389804,0.004493459412314479,0.0,0.2662308878530413,0.03428111639272605,0.0,-0.36910424318815327,-0.001261354100911891,0.0,-0.03178661220257875,0.00126135280562559,0.0,0.02938503049801028,0.008217880325266718,0.0,35.680436727
1508285117.573139,1.6110450608008482,1.168606247945284e-141,0.0,-1.6574051535799441,0.010772673183208072,0.0,0.017788721931414564,0.01804047288385322,0.0,0.2662308878530413,0.034041047863552734,0.0,-0.36918331436278656,-0.00509954150528098,0.0,-0.031707541027945485,0.005099541504864698,0.0,0.02938503049801028,-0.006164470244115236,0.0,35.700434605
1508285117.5931392,1.6110450608008482,3.739539993424905e-145,0.0,-1.6574323036823846,-0.008691974680317679,0.0,0.01774310982389804,-0.014544162270492218,0.0,0.26614566669815876,0.006557262694394472,0.0,-0.36918331436278656,-0.031754052881410595,0.0,-0.03186568337721202,-0.031851947315282465,0.0,0.02938503049801028,-0.042709144046712486,0.0,35.720434916
1508285117.6131384,1.6110450608008482,1.1966527978959683e-148,0.0,-1.6574323036823846,-2.017534628685672e-05,0.0,0.01774310982389804,-0.0014921782583739679,0.0,0.26614566669815876,0.0014190338812723549,0.0,-0.36910424318815327,-0.002588868714272367,0.0,-0.03178661220257875,4.0464911033677335e-05,0.0,0.02938503049801028,-0.0017219616367304097,0.0,35.740434216
1508285117.633138,1.6110450608008482,3.829288953267095e-152,0.0,-1.6574051535799441,0.022217584893695814,0.0,0.017788721931414564,0.0006696405555869865,0.0,0.26614566669815876,0.008186190812526754,0.0,-0.36910424318815327,-8.284379885671567e-07,0.0,-0.03178661220257875,1.2948771530776733e-08,0.0,0.02938503049801028,-0.049053242837964396,0.0,35.760433588
1508285117.6531405,1.6110450608008482,1.2253724650454688e-155,0.0,-1.6574323036823846,0.010922025177042414,0.0,0.01774310982389804,-0.018278485779135593,0.0,0.26614566669815876,0.000221179052185998,0.0,-0.36918331436278656,-0.03143381511166337,0.0,-0.03186568337721202,-0.03143381484240857,0.0,0.02938503049801028,0.008131934653609995,0.0,35.780436189
1508285117.6731403,1.6110450608008482,3.921191888145496e-159,0.0,-1.6574323036823846,0.0026909557887476536,0.0,0.01774310982389804,-0.004520776766974145,0.0,0.26614566669815876,7.077729669951929e-08,0.0,-0.36918331436278656,-0.025147536129917204,0.0,-0.03186568337721202,-0.037759245469772565,0.0,0.02938503049801028,-0.0476639155282353,0.0,35.800435941
1508285117.6931453,1.6110450608008482,1.254781404206557e-162,0.0,-1.6574323036823846,-0.0003292912084151449,0.0,0.01774310982389804,-0.0009070070355497469,0.0,0.2662308878530413,0.03513732426901915,0.0,-0.36910424318815327,-8.047211561573496e-06,0.0,-0.03178661220257875,-1.2082958550327207e-05,0.0,0.02938503049801028,-0.04066712623830905,0.0,35.820441095
1508285117.7131398,1.6110450608008482,2.3528108167968708e-05,0.0,-1.6574323036823846,1.7384547929352198e-05,0.0,0.01774310982389804,-2.9673268121929077e-05,0.0,0.26614566669815876,-0.035103324777068186,0.0,-0.36918331436278656,0.031317402822479766,0.0,-0.03186568337721202,-0.031317409264123214,0.0,0.02938503049801028,5.3174097839221936e-05,0.0,35.840435549
1508285117.7331386,1.6110450608008482,7.52899461374998e-09,0.0,-1.6574323036823846,-0.0029037091125034263,0.0,0.01774310982389804,-0.003651419157955977,0.0,0.26614566669815876,0.008449599534494286,0.0,-0.36910424318815327,1.0021568903193515e-05,0.0,-0.03178661220257875,0.0632637607292233,0.0,0.02938503049801028,1.7015711308551003e-08,0.0,35.860434302
1508285117.7531457,1.6110450608008482,2.4092782763999905e-12,0.0,-1.6574323036823846,-9.291869160010952e-07,0.0,0.01774310982389804,0.0014514246032059485,0.0,0.2662308878530413,0.032867995067615424,0.0,-0.36918331436278656,-0.0050625511540444736,0.0,-0.03186568337721202,-0.005042309957511394,0.0,0.02938503049801028,5.4450276187363155e-12,0.0,35.880441494
1508285117.7731392,1.6110450608008482,7.709690484479961e-16,0.0,-1.6574323036823846,0.00052221230514356,0.0,0.01774310982389804,-0.000876851474078269,0.0,0.26614566669815876,-0.006756473636172025,0.0,-0.36918331436278656,-0.03023867245986226,0.0,-0.03186568337721202,-0.03023866598266787,0.0,0.029487775359891433,0.042716374085674545,0.0,35.900435028
1508285117.7931416,1.6110450608008482,2.4671009550335847e-19,0.0,-1.6574051535799441,0.009042762992351207,0.0,0.017788721931414564,0.015191258983211444,0.0,0.26614566669815876,0.00027046788400472243,0.0,-0.36926238553741986,0.00019267003380708407,0.0,-0.03178661220257875,-0.0002120227821088358,0.0,0.02938503049801028,-0.0012329816662922809,0.0,35.920437301
1508285117.813142,1.6110450608008482,7.894723056107462e-23,0.0,-1.6574051535799441,0.008793473756632026,0.0,0.017788721931414564,0.021711644675634856,0.0,0.26614566669815876,8.654972288151108e-08,0.0,-0.36902517201352003,0.007884664293227765,0.0,-0.031865683377212045,0.007277308580580137,0.0,0.02938503049801028,-0.008209813488150622,0.0,35.940437794
1508285117.833142,1.6110450608008482,2.526311377954385e-26,0.0,-1.6574323036823846,-0.0017363167996673756,0.0,0.01774310982389804,0.004392389924269288,0.0,0.26614566669815876,-0.007153052953131733,0.0,-0.36910424318815327,0.02528073858649803,0.0,-0.03178661220257875,0.02528054423266111,0.0,0.02938503049801028,0.0003254371376750475,0.0,35.960437728
1508285117.8531425,1.6110450608008482,8.084196409454023e-30,0.0,-1.6574051535799441,0.01045955863026454,0.0,0.017788721931414564,0.01873895712898776,0.0,0.2662308878530413,0.006808589780866078,0.0,-0.36902517201352003,-0.00019544982330831816,0.0,-0.031865683377212045,-0.00019544988550165295,0.0,0.029487775359891433,0.040830508769181206,0.0,35.980438204
1508285117.873143,1.6110450608008482,2.586942851025285e-33,0.0,-1.6574051535799441,0.011404745130600366,0.0,0.017788721931414564,0.017413747450725745,0.0,0.26614566669815876,-0.006820888410580507,0.0,-0.36894610083888674,0.03164073956268703,0.0,-0.03194475455184531,-0.03164086465058269,0.0,0.02938503049801028,-0.0018885743920364474,0.0,36.000438735
1508285117.8931427,1.6110450608008482,8.2782171232809e-37,0.0,-1.6574323036823846,7.297492586108301e-05,0.0,0.01774310982389804,-0.0001108941203713621,0.0,0.26614566669815876,0.0013611295667059831,0.0,-0.36902517201352003,0.03159194092037776,0.0,-0.031865683377212045,-0.031591940960428055,0.0,0.02938503049801028,-0.04136587431093676,0.0,36.020438402
1508285117.9131455,1.6110450608008482,2.649029479449885e-40,0.0,-1.6574323036823846,-0.0004151593082461539,0.0,0.01774310982389804,0.0007559138650290649,0.0,0.2662308878530413,0.03516010391065091,0.0,-0.36902517201352003,1.0109421094520872e-05,0.0,-0.031865683377212045,-0.012662414391982494,0.0,0.02938503049801028,-0.04273158141994061,0.0,36.040441373
1508285117.9331422,1.6110450608008482,8.476894334239622e-44,0.0,-1.6574323036823846,0.00863687898525968,0.0,0.01774310982389804,-0.014802204553264399,0.0,0.26614566669815876,-0.03419386176276513,0.0,-0.36910424318815327,-0.03148335140896184,0.0,-0.03194475455184531,-0.031994102888236425,0.0,0.02938503049801028,0.0015676620432461246,0.0,36.060437956
1508285117.9532256,1.6110450608008482,2.7126061869566764e-47,0.0,-1.6574323036823846,-0.001806333820051312,0.0,0.01774310982389804,0.004545344509432563,0.0,0.26614566669815876,4.359695475143749e-05,0.0,-0.36902517201352003,0.031547337116823775,0.0,-0.031865683377212045,-0.03197223423029985,0.0,0.02938503049801028,-0.04882995017207642,0.0,36.080521285
1508285117.9731426,1.6110450608008482,8.680339798261356e-51,0.0,-1.6574323036823846,6.869452470733501e-05,0.0,0.01774310982389804,-0.00011492321154388134,0.0,0.26614566669815876,1.395102552045998e-08,0.0,-0.36910424318815327,0.006336247633316072,0.0,-0.03194475455184531,0.006315921370482772,0.0,0.02938503049801028,-0.04248243124102512,0.0,36.100438244
1508285117.9931457,1.6110450608008482,2.777708735443631e-54,0.0,-1.6574323036823846,-0.0004341006130020326,0.0,0.01774310982389804,-0.0007293617027757471,0.0,0.26614566669815876,-0.0070805975191844785,0.0,-0.36902517201352003,0.039135797904941025,0.0,-0.031865683377212045,0.0366071391704878,0.0,0.02938503049801028,-1.3594377997128024e-05,0.0,36.120441487
1508285118.0131433,1.6110450608008482,8.88866795341961e-58,0.0,-1.6574323036823846,0.013421555615797925,0.0,0.01774310982389804,-0.015544799749444132,0.0,0.26614566669815876,-0.008513972608733971,0.0,-0.36910424318815327,0.006336414177276874,0.0,-0.03178661220257875,0.006335605006479628,0.0,0.02938503049801028,-0.0019137504097602686,0.0,36.140438981
1508285118.0331428,1.6110450608008482,2.8443737450942722e-61,0.0,-1.6574323036823846,0.011322705734653559,0.0,0.01774310982389804,-0.019019877618005467,0.0,0.26614566669815876,-0.034439796183095915,0.0,-0.36902517201352003,0.006383173350383719,0.0,-0.031865683377212045,-0.006379118304249397,0.0,0.02938503049801028,0.0003283126308852734,0.0,36.16043849
1508285118.053145,1.6110450608008482,9.10199598430166e-65,0.0,-1.657459453784825,-0.010920270080173888,0.0,0.017788721931414342,0.017999759606951757,0.0,0.26614566669815876,-0.00028031301931933045,0.0,-0.36910424318815327,0.0063206621734454155,0.0,-0.03178661220257875,0.06984488246883264,0.0,0.02938503049801028,-0.050804108441246616,0.0,36.180440713
1508285118.0731442,1.6110450608008482,2.9126387149765283e-68,0.0,-1.6574323036823846,0.0004995568936878389,0.0,0.01774310982389804,-0.000547391742805855,0.0,0.26614566669815876,-0.007092662336289797,0.0,-0.36910424318815327,0.0012140186596187007,0.0,-0.03178661220257875,-0.0011896456853340226,0.0,0.02938503049801028,-0.03937421730589144,0.0,36.200439958
1508285118.093147,1.6110450608008482,9.320443887924882e-72,0.0,-1.657459453784825,-0.013224419479760639,0.0,0.017788721931414342,0.014849762564444672,0.0,0.2662308878530413,0.0002171076577497191,0.0,-0.36902517201352003,0.03182464604134021,0.0,-0.031865683377212045,-0.031824638242010775,0.0,0.02938503049801028,-1.2599749537885247e-05,0.0,36.22044273
1508285118.1131437,1.6110450608008482,2.982542044135959e-75,0.0,-1.6574323036823846,0.010830160868963934,0.0,0.01774310982389804,-0.010960409285737369,0.0,0.2662308878530413,-0.00027275556516473593,0.0,-0.36910424318815327,0.006383936300998391,0.0,-0.03178661220257875,0.006363568530025482,0.0,0.02938503049801028,-6.577335074833635e-05,0.0,36.240439441
1508285118.133144,1.6110450608008482,9.544134541235058e-79,0.0,-1.6574323036823846,0.011366754613237915,0.0,0.01774310982389804,-0.017637584671424542,0.0,0.26614566669815876,-0.025905742224601874,0.0,-0.36910424318815327,0.0010108853902893432,0.0,-0.03178661220257875,0.01165455555018463,0.0,0.029487775359891433,-0.00026356138238956646,0.0,36.260439592
1508285118.1531463,1.6110450608008482,3.0541230531952157e-82,0.0,-1.6574323036823846,-8.291905335815785e-05,0.0,0.01774310982389804,0.00013977054392960383,0.0,0.26614566669815876,0.00026340113127358875,0.0,-0.36910424318815327,-5.0291770804459665e-05,0.0,-0.03178661220257875,-4.688579635327542e-05,0.0,0.02938503049801028,-0.04094480502064725,0.0,36.280442056
1508285118.1731443,1.6110450608008482,9.77319377022468e-86,0.0,-1.6574323036823846,6.746241647393146e-05,0.0,0.017834334038930866,0.03666390206445491,0.0,0.2662308878530413,0.0014162545140003712,0.0,-0.36918331436278656,-0.0012131906197812633,0.0,-0.03186568337721202,-0.001313987377758492,0.0,0.02938503049801028,-7.859055760120489e-05,0.0,36.30044009
1508285118.1931515,1.6110450608008482,3.127422006471894e-89,0.0,-1.6574051535799441,0.010385644262268628,0.0,0.017788721931414564,0.01897643987676947,0.0,0.26614566669815876,-0.0010888617083130109,0.0,-0.36910424318815327,0.03135775846833569,0.0,-0.03178661220257875,0.03186527061362842,0.0,0.02938503049801028,0.008222120048590397,0.0,36.320447263
1508285118.2131479,1.6110450608008482,1.000775042071005e-92,0.0,-1.6574323036823846,-0.00010104423493023799,0.0,0.01774310982389804,0.00018140984953272772,0.0,0.2662308878530413,-0.005675123481910248,0.0,-0.36910424318815327,1.003448270986741e-05,0.0,-0.03178661220257875,1.0196886596361082e-05,0.0,0.02938503049801028,-0.008150773087228906,0.0,36.340443529
1508285118.233145,1.6110450608008482,3.2024801346272122e-96,0.0,-1.6574323036823846,-0.00435162663141812,0.0,0.017834334038930866,0.03624920205634144,0.0,0.2662308878530413,0.035222650225316565,0.0,-0.36910424318815327,3.2110344671575676e-09,0.0,-0.03178661220257875,3.2630037108355424e-09,0.0,0.02938503049801028,-0.0003963253582008366,0.0,36.360440614
1508285118.2531524,1.6110450608008482,1.0247936430807068e-99,0.0,-1.6574323036823846,-1.8771917515152573e-05,0.0,0.01774310982389804,4.079709026494354e-05,0.0,0.26614566669815876,0.007961285103408459,0.0,-0.36910424318815327,0.005057598478966135,0.0,-0.03178661220257875,0.007579640639049925,0.0,0.02938503049801028,-0.008210523302658585,0.0,36.380448179
1508285118.2731466,1.6110450608008482,3.279339657858258e-103,0.0,-1.6574051535799441,0.009021004633442051,0.0,0.017788721931414564,0.015155289472248784,0.0,0.26614566669815876,-0.00676547049684436,0.0,-0.36918331436278656,0.007597831366253084,0.0,-0.03186568337721202,0.007598638419741645,0.0,0.029487775359891433,0.0410444673026302,0.0,36.400442275
1508285118.2931495,1.6110450608008482,1.0493886905146414e-106,0.0,-1.6574323036823846,2.8867214827014534e-06,0.0,0.01774310982389804,4.849692631119606e-06,0.0,0.26614566669815876,-0.0068203515181960465,0.0,-0.36910424318815327,-0.006273172222937701,0.0,-0.03178661220257875,-0.006273171964678382,0.0,0.02938503049801028,-0.008141367341936214,0.0,36.420445309
1508285118.3131497,1.6110450608008482,3.3580438096468496e-110,0.0,-1.6574323036823846,0.010455737905616096,0.0,0.01774310982389804,-0.011472937289877153,0.0,0.2662308878530413,0.0010892803517477119,0.0,-0.36918331436278656,-0.03278213484635956,0.0,-0.03186568337721202,-0.030250466571082605,0.0,0.02938503049801028,0.0003920812714133883,0.0,36.440445311
1508285118.3331468,1.6110450608008482,1.0745740190869907e-113,0.0,-1.6574323036823846,3.345836129797147e-06,0.0,0.01774310982389804,-3.6713399327606846e-06,0.0,0.26614566669815876,0.008177809864522474,0.0,-0.36910424318815327,0.03784644429352596,0.0,-0.03194475455184531,-0.025211292272402056,0.0,0.02938503049801028,-0.009522162213890156,0.0,36.460442531
1508285118.3531501,1.6110450608008482,3.438636861078366e-117,0.0,-1.657459453784825,-0.013034048869124976,0.0,0.017788721931414342,-0.013119462973060398,0.0,0.2662308878530413,2.6168991566471884e-06,0.0,-0.36910424318815327,0.07090239750573192,0.0,-0.03178661220257875,0.007549677234107875,0.0,0.02938503049801028,-3.0470919084448463e-06,0.0,36.480445868
1508285118.3731685,1.6110450608008482,1.100363795545076e-120,0.0,-1.6574323036823846,-9.105752092491031e-05,0.0,0.01774310982389804,-0.0001501675519510826,0.0,0.26614566669815876,-0.0011053668548106344,0.0,-0.36910424318815327,-0.006244009476737804,0.0,-0.03194475455184531,-0.06918077161429678,0.0,0.02938503049801028,-6.551252815901845e-05,0.0,36.500464268
1508285118.3931508,1.6110450608008482,3.521164145744239e-124,0.0,-1.6574323036823846,-0.0021727128162793334,0.0,0.01774310982389804,0.003650055356906722,0.0,0.26614566669815876,-0.03408315999232778,0.0,-0.36910424318815327,-0.006533105684837247,0.0,-0.03178661220257875,-0.006553245448718973,0.0,0.02938503049801028,-0.0016432742916260793,0.0,36.520446437
1508285118.433148,1.6110450608008482,3.605672085242093e-131,0.0,-1.6574051535799441,0.010721210800045861,0.0,0.017788721931414564,0.019191731875539124,0.0,0.2662308878530413,-0.0013080809516660406,0.0,-0.36910424318815327,3.878415518099731e-07,0.0,-0.03178661220257875,-4.2171500181588836e-07,0.0,0.02938503049801028,0.00032741305285535906,0.0,36.560443739
1508285118.4531517,1.6110450608008482,1.1538150672774686e-134,0.0,-1.6574323036823846,-0.010049333407168232,0.0,0.01774310982389804,-0.017991772346776222,0.0,0.26614566669815876,-0.0010912601529124728,0.0,-0.36918331436278656,0.006327661350899151,0.0,-0.03186568337721202,-0.056678474087264834,0.0,0.02938503049801028,-0.008222040425391916,0.0,36.580447539
1508285118.4731522,1.6110450608008482,3.6922082152878954e-138,0.0,-1.657459453784825,-0.011247259788573915,0.0,0.017788721931414342,0.018884209809081412,0.0,0.26614566669815876,-0.0064839935372132005,0.0,-0.36910424318815327,0.007589815928915535,0.0,-0.03178661220257875,0.005536019212748046,0.0,0.02938503049801028,-0.031044078942570344,0.0,36.600447798
1508285118.493152,1.6110450608008482,1.1815066288921254e-141,0.0,-1.657459453784825,-0.010571065717621836,0.0,0.017788721931414342,-0.017689123778596424,0.0,0.2662308878530413,0.032786715569207064,0.0,-0.36918331436278656,-0.004867493101520843,0.0,-0.03186568337721202,-0.05415091661639722,0.0,0.02938503049801028,5.5561890584316375e-05,0.0,36.620447743
1508285118.5131524,1.6110450608008482,3.780821212454797e-145,0.0,-1.6574323036823846,0.004501343905361899,0.0,0.01774310982389804,-5.660519590730104e-06,0.0,0.26614566669815876,-0.00645793637285709,0.0,-0.36910424318815327,0.031556238203683654,0.0,-0.03178661220257875,0.03154046750814781,0.0,0.029487775359891433,0.04107156270880916,0.0,36.640448149
1508285118.5331488,1.6110450608008482,1.2098627879855338e-148,0.0,-1.657459453784825,-0.01332274684034717,0.0,0.017788721931414342,-0.022034361764562794,0.0,0.26614566669815876,-0.00027479400234479637,0.0,-0.36910424318815327,-0.007866832163470673,0.0,-0.03178661220257875,-0.00786683721009048,0.0,0.02938503049801028,-0.007841162649533216,0.0,36.660444471
1508285118.5531528,1.6110450608008482,3.871560921553704e-152,0.0,-1.657459453784825,-0.021742498461004605,0.0,0.017788721931414342,-0.00018222465432436916,0.0,0.26614566669815876,0.0016919808371628528,0.0,-0.36910424318815327,0.06300361779283346,0.0,-0.03178661220257875,-2.517387907228951e-06,0.0,0.02938503049801028,-0.04093750657575969,0.0,36.680448585
1508285118.573153,1.6110450608008482,1.2388994948971838e-155,0.0,-1.6574323036823846,0.01259085840728652,0.0,0.01774310982389804,-0.0226135137964038,0.0,0.26614566669815876,0.006822794676065154,0.0,-0.36910424318815327,7.076434476998245e-05,0.0,-0.03178661220257875,5.060238151212769e-05,0.0,0.02938503049801028,-1.3100002104243085e-05,0.0,36.700448735
1508285118.5931535,1.6110450608008482,3.964478383670984e-159,0.0,-1.6574323036823846,0.00010852652461664934,0.0,0.01774310982389804,-0.0071284072458428225,0.0,0.26614566669815876,-0.007142383845181115,0.0,-0.36918331436278656,0.004797284196242405,0.0,-0.031707541027945485,0.06805880259877717,0.0,0.029487775359891433,0.04799444289521978,0.0,36.720449109
1508285118.6131516,1.6110450608008482,1.2686330827747134e-162,0.0,-1.6574323036823846,-0.0020865087696819683,0.0,0.01774310982389804,-0.003741079921178271,0.0,0.2662308878530413,-0.005468338925271029,0.0,-0.36918331436278656,-0.0003024227819013348,0.0,-0.03186568337721202,-0.00028217909601241695,0.0,0.02938503049801028,0.006605375671421628,0.0,36.740447182
1508285118.6331499,1.6110450608008482,4.059625864879079e-166,0.0,-1.6574323036823846,-6.67682806298229e-07,0.0,0.01774310982389804,-1.1971455747770455e-06,0.0,0.26614566669815876,0.00027101011212977044,0.0,-0.36910424318815327,0.029163066341928015,0.0,-0.03178661220257875,0.03169112270307216,0.0,0.02938503049801028,-0.006664421753801769,0.0,36.760445693
1508285118.6531525,1.6110450608008482,1.2990802767613036e-169,0.0,-1.657459453784825,-0.010800900265360272,0.0,0.017788721931414342,0.018203838956907876,0.0,0.26614566669815876,8.672323588152645e-08,0.0,-0.36910424318815327,9.332181229416954e-06,0.0,-0.03178661220257875,1.0141159264983078e-05,0.0,0.02938503049801028,-0.00026627951386182545,0.0,36.780448229
1508285118.6731534,1.6110450608008482,0.00011698082178251477,0.0,-1.6574323036823846,-0.0021028750274284117,0.0,0.01774310982389804,0.003825026197874344,0.0,0.2662308878530413,0.03401627261596274,0.0,-0.36910424318815327,-0.006519940728510488,0.0,-0.03178661220257875,-0.006519940469635227,0.0,0.02938503049801028,0.0003289968076266162,0.0,36.800449102
