left_wam/base_yaw_joint_pos,left_wam/base_yaw_joint_vel,left_wam/base_yaw_joint_eff,left_wam/shoulder_pitch_joint_pos,left_wam/shoulder_pitch_joint_vel,left_wam/shoulder_pitch_joint_eff,left_wam/shoulder_yaw_joint_pos,left_wam/shoulder_yaw_joint_vel,left_wam/shoulder_yaw_joint_eff,left_wam/elbow_pitch_joint_pos,left_wam/elbow_pitch_joint_vel,left_wam/elbow_pitch_joint_eff,left_wam/wrist_yaw_joint_pos,left_wam/wrist_yaw_joint_vel,left_wam/wrist_yaw_joint_eff,left_wam/wrist_pitch_joint_pos,left_wam/wrist_pitch_joint_vel,left_wam/wrist_pitch_joint_eff,left_wam/palm_yaw_joint_pos,left_wam/palm_yaw_joint_vel,left_wam/palm_yaw_joint_eff,header_from_controller_start
1508285148.6935158,1.6110450608008482,-4.679232775541838e-06,0.0,-1.6574051535799441,0.013132314724619582,0.0,0.017788721931414564,0.022062347402293805,0.0,0.26614566669815876,-5.6620723980868274e-05,0.0,-0.36918331436278656,6.646263501322186e-15,0.0,-0.03186568337721202,-6.646263498603765e-15,0.0,0.02938503049801028,-0.006980558228495401,0.0,66.82081158
1508285148.7135184,1.6110450608008482,-1.4973544881733862e-09,0.0,-1.6574323036823846,-0.0018096241989184775,0.0,0.01774310982389804,-0.0030401643207590145,0.0,0.26614566669815876,0.0013637817842976124,0.0,-0.36918331436278656,0.006345063619258608,0.0,-0.03186568337721202,-0.00634506361925638,0.0,0.029487775359891433,0.034524732838675215,0.0,66.840814155
1508285148.7335157,1.6110450608008482,-0.0005841374333671756,0.0,-1.657459453784825,-0.012595728958496227,0.0,0.017788721931414342,0.021158848982826953,0.0,0.26614566669815876,-0.03265249793080749,0.0,-0.36918331436278656,2.0304203581627523e-06,0.0,-0.03186568337721202,-2.030420358162039e-06,0.0,0.029487775359891433,-0.009863184239277033,0.0,66.860811531
1508285148.7535183,1.6110450608008482,-1.8692397867749595e-07,0.0,-1.6574323036823846,-0.013489648395736522,0.0,0.01774310982389804,-0.013812360490282302,0.0,0.26614566669815876,-6.48516045025096e-05,0.0,-0.36918331436278656,6.497345146120799e-10,0.0,-0.03186568337721202,-6.497345146118518e-10,0.0,0.029487775359891433,0.0016361901820613148,0.0,66.880814152
1508285148.7735171,1.6110450608008482,-5.981567317679863e-11,0.0,-1.6574323036823846,0.009449940360061538,0.0,0.01774310982389804,-0.02202710171711396,0.0,0.26614566669815876,0.00027270671019204135,0.0,-0.36910424318815327,2.0791504467586535e-13,0.0,-0.03194475455184531,-2.0791504467579237e-13,0.0,0.02938503049801028,0.0003293309705903157,0.0,66.900812853
1508285148.7935169,1.6110450608008482,-1.914101541657554e-14,0.0,-1.6574323036823846,-0.0021686238525341173,0.0,0.017834334038930866,0.03866577510563315,0.0,0.26614566669815876,0.006816648521134107,0.0,-0.36918331436278656,0.03157260706283123,0.0,-0.03186568337721202,-0.03157260706282013,0.0,0.029487775359891433,0.0017093238675757359,0.0,66.920812672
1508285148.8135238,1.6110450608008482,0.0029353780459857918,0.0,-1.6574051535799441,0.013460533827434805,0.0,0.017788721931414564,0.02262720370932743,0.0,0.2662308878530413,0.03540626421847338,0.0,-0.36918331436278656,-0.031575472389465925,0.0,-0.03186568337721202,0.03157547238946593,0.0,0.02938503049801028,-0.04307802109351022,0.0,66.940819474
1508285148.833517,1.6110450608008482,-0.01458100150419536,0.0,-1.6574323036823846,0.002175955204274116,0.0,0.01774310982389804,-0.03166212871078053,0.0,0.26614566669815876,6.55458584940656e-05,0.0,-0.36918331436278656,0.006314540312227472,0.0,-0.03186568337721202,-0.006314540312227472,0.0,0.029487775359891433,-0.009934385397179626,0.0,66.960812774
1508285148.853519,1.6110450608008482,-0.0005870683604001118,0.0,-1.6574323036823846,0.008816518978560041,0.0,0.01774310982389804,-0.014820693000884965,0.0,0.26614566669815876,-0.0054681796585508815,0.0,-0.36918331436278656,-0.007339598554237628,0.0,-0.03186568337721202,0.007339598554237628,0.0,0.02938503049801028,0.008227799822841244,0.0,66.980814747
1508285148.8735194,1.6110450608008482,-1.8786187532803557e-07,0.0,-1.6574323036823846,0.0026090645701508635,0.0,0.01774310982389804,-0.0029290794291238617,0.0,0.2662308878530413,0.039459759274715525,0.0,-0.36918331436278656,0.0012580733486018294,0.0,-0.03186568337721202,-0.0012580733486018294,0.0,0.029487775359891433,0.03316046825786654,0.0,67.000815244
1508285148.8935184,1.6110450608008482,-6.011580010497133e-11,0.0,-1.6574323036823846,0.011314871986256055,0.0,0.01774310982389804,-0.011710026505818016,0.0,0.26614566669815876,0.0014299326126131857,0.0,-0.36918331436278656,4.02583471552585e-07,0.0,-0.03186568337721202,-4.02583471552585e-07,0.0,0.02938503049801028,-5.507182198583436e-05,0.0,67.020814285
1508285148.9135218,1.6110450608008482,-1.9237056033590804e-14,0.0,-1.6574323036823846,0.008289757712682937,0.0,0.01774310982389804,-0.021250853855744538,0.0,0.26614566669815876,-0.0013626921994054518,0.0,-0.36918331436278656,1.2882671089682703e-10,0.0,-0.03186568337721202,-1.2882671089682703e-10,0.0,0.02938503049801028,-1.762298303546698e-08,0.0,67.040817557
1508285148.93352,1.6110450608008482,0.0006990781314134392,0.0,-1.657459453784825,-0.011386165382238616,0.0,0.017788721931414342,-0.019139987597918604,0.0,0.26614566669815876,0.0068682341694311436,0.0,-0.36918331436278656,0.0003036553193422814,0.0,-0.03186568337721202,-0.0003036553193422814,0.0,0.02938503049801028,0.006248691472707376,0.0,67.060815807
1508285148.95352,1.6110450608008482,2.2370500205230027e-07,0.0,-1.6574323036823846,0.0026262262784388897,0.0,0.01774310982389804,0.004119168899553447,0.0,0.26614566669815876,-0.0002166756127733347,0.0,-0.36918331436278656,0.0002539604255225924,0.0,-0.03186568337721202,-0.00025396042552250326,0.0,0.029487775359891433,0.04098078813874911,0.0,67.080815844
1508285148.9735186,1.6110450608008482,7.158560065673602e-11,0.0,-1.6574323036823846,-0.0021573897875482493,0.0,0.01774310982389804,-0.005140784172153676,0.0,0.26614566669815876,-0.006828839357609776,0.0,-0.36918331436278656,-0.00020262027359212626,0.0,-0.03186568337721202,0.00020262027359212626,0.0,0.02938503049801028,-0.006183173925918638,0.0,67.100814338
1508285148.993519,1.6110450608008482,-2.3401748810109813e-05,0.0,-1.6574051535799441,0.021495773343620832,0.0,0.017788721931414564,-0.008030741071158871,0.0,0.26614566669815876,-0.041022206707921914,0.0,-0.36926238553741986,0.0012650148384193453,0.0,-0.03178661220257875,-0.0012650148384189012,0.0,0.029487775359891433,-0.0003309036466726908,0.0,67.120814854
1508285149.0135262,1.6110450608008482,0.0029301068789217215,0.0,-1.6574323036823846,6.878647469958659e-06,0.0,0.01774310982389804,-0.04403112826768224,0.0,0.2662308878530413,0.0065510789552770485,0.0,-0.36918331436278656,0.0002534509041658416,0.0,-0.03186568337721202,-0.00025345090416575264,0.0,0.029487775359891433,-0.008308740286041937,0.0,67.140822021
1508285149.0335207,1.6110450608008482,0.00058521431319962,0.0,-1.657459453784825,8.709649047235257e-05,0.0,0.017788721931414342,0.00018834789808497046,0.0,0.2662308878530413,0.032708803956691776,0.0,-0.36918331436278656,0.0002537319983995611,0.0,-0.03186568337721202,-0.000253731998399472,0.0,0.02938503049801028,-0.008156697635365613,0.0,67.160816351
1508285149.0535245,1.6110450608008482,-2.3181013325609893e-05,0.0,-1.6574323036823846,-0.002093518736569651,0.0,0.01774310982389804,-0.0038100795741586955,0.0,0.26614566669815876,-0.006889175742290324,0.0,-0.36918331436278656,0.025204464855036388,0.0,-0.03186568337721202,-0.025204464855027545,0.0,0.02938503049801028,-0.03248886573253104,0.0,67.180820197
1508285149.0735197,1.6110450608008482,-7.417924264195158e-09,0.0,-1.6574051535799441,0.019518239961189763,0.0,0.017788721931414564,-0.003621686598972827,0.0,0.26614566669815876,-0.0013590479272064446,0.0,-0.36918331436278656,-0.03160385346071364,0.0,-0.03186568337721202,0.03160385346071364,0.0,0.02938503049801028,-0.006925426736002102,0.0,67.200815476
1508285149.0935225,1.6110450608008482,-2.3737357645424474e-12,0.0,-1.657459453784825,-0.008519727644339817,0.0,0.017788721931414342,0.021899519839339646,0.0,0.26614566669815876,5.4084598399556664e-05,0.0,-0.36918331436278656,0.006051971702826753,0.0,-0.03186568337721202,-0.006051971702824626,0.0,0.029487775359891433,-2.2161365555206703e-06,0.0,67.220818233
1508285149.1135228,1.6110450608008482,-7.595954446535823e-16,0.0,-1.6574323036823846,-0.009101865973250918,0.0,0.01774310982389804,-0.015571463786094553,0.0,0.2662308878530413,0.035394871467509074,0.0,-0.36910424318815327,0.0063424512740157275,0.0,-0.03194475455184531,-0.0063424512740157275,0.0,0.02938503049801028,-0.0020396442638399713,0.0,67.240818549
1508285149.1335232,1.6110450608008482,-2.3282267094734417e-05,0.0,-1.657459453784825,-0.01318990872640915,0.0,0.017788721931414342,0.01455772492700011,0.0,0.26614566669815876,-0.00026153122190014714,0.0,-0.36918331436278656,2.029584407685031e-06,0.0,-0.03186568337721202,-2.029584407685031e-06,0.0,0.02938503049801028,-6.526861644287901e-07,0.0,67.260819
1508285149.1535227,1.6110450608008482,-7.450325470315006e-09,0.0,-1.657459453784825,-0.010904014637864726,0.0,0.017788721931414342,0.01831628624061594,0.0,0.26614566669815876,-0.02580571247285577,0.0,-0.36918331436278656,6.494670104592093e-10,0.0,-0.03186568337721202,-6.494670104592093e-10,0.0,0.02938503049801028,-0.04091803957322954,0.0,67.280818546
1508285149.1735208,1.6110450608008482,0.00011689713215259028,0.0,-1.6574323036823846,0.002014578366086149,0.0,0.017834334038930866,0.040249906079638395,0.0,0.2662308878530413,0.006817252248311305,0.0,-0.36910424318815327,0.033008066091188004,0.0,-0.03194475455184531,-0.033008066091188004,0.0,0.02938503049801028,-0.034674667837729614,0.0,67.300816622
1508285149.1935213,1.6110450608008482,0.00011696242406013692,0.0,-1.6574323036823846,-0.0017204790774146966,0.0,0.01774310982389804,0.002904363763183817,0.0,0.2662308878530413,0.04090480045119145,0.0,-0.36918331436278656,0.0010219027020332498,0.0,-0.03186568337721202,-0.0010219027020332498,0.0,0.029487775359891433,-0.008233241091276903,0.0,67.320817061
1508285149.2135236,1.6110450608008482,3.7427975699243775e-08,0.0,-1.657459453784825,-0.021885834035376358,0.0,0.017788721931414342,9.293963147254357e-07,0.0,0.26614566669815876,-0.03428016000978735,0.0,-0.36918331436278656,3.270088646506396e-07,0.0,-0.03186568337721202,-3.270088646506396e-07,0.0,0.02938503049801028,-0.04108396782757594,0.0,67.340819393
1508285149.2335243,1.6110450608008482,1.1976952223757993e-11,0.0,-1.657459453784825,-0.01252654487963138,0.0,0.017788721931414342,0.014026655897660896,0.0,0.2662308878530413,0.02837608133473015,0.0,-0.36918331436278656,5.043495511009075e-05,0.0,-0.03186568337721202,5.0434745824399675e-05,0.0,0.02938503049801028,-0.00823333161300623,0.0,67.360820008
1508285149.253524,1.6110450608008482,0.00012207897738638227,0.0,-1.6574323036823846,-0.0005450176195026346,0.0,0.01774310982389804,0.0008550018037058888,0.0,0.26614566669815876,-0.035335286105386055,0.0,-0.36918331436278656,1.6139185635229023e-08,0.0,-0.03186568337721202,1.613911866380788e-08,0.0,0.02938503049801028,-0.04261473085670933,0.0,67.380819859
1508285149.2735221,1.6110450608008482,3.906527276364228e-08,0.0,-1.6574051535799441,0.0021717322963095403,0.0,0.017788721931414564,0.0034153957480757492,0.0,0.26614566669815876,-0.00028403475425920567,0.0,-0.36918331436278656,5.164539403273281e-12,0.0,-0.03186568337721202,5.164517972418516e-12,0.0,0.02938503049801028,-0.0016559115650546202,0.0,67.400817931
1508285149.2935224,1.6110815841529407,0.014551416946709757,0.0,-1.6574323036823846,0.00208858737504315,0.0,0.01774310982389804,-0.03254439345487206,0.0,0.26614566669815876,-0.0013625911634105737,0.0,-0.36918331436278656,-0.0012641755103702285,0.0,-0.03186568337721202,-0.0012641755103697848,0.0,0.02938503049801028,-0.006587860164460652,0.0,67.420818163
1508285149.3135252,1.6110450608008482,4.656453422947117e-06,0.0,-1.6574323036823846,0.0012039149455577906,0.0,0.01774310982389804,-0.032865245063643786,0.0,0.2662308878530413,0.033997274664764016,0.0,-0.36918331436278656,-4.0453616331847274e-07,0.0,-0.03186568337721202,-4.0453616331833065e-07,0.0,0.029487775359891433,0.042628308323323656,0.0,67.440820949
1508285149.333525,1.6110450608008482,0.0027927618451374404,0.0,-1.6574323036823846,0.00016895354534776812,0.0,0.01774310982389804,-0.03651590411839976,0.0,0.26614566669815876,-0.03924505433898966,0.0,-0.36918331436278656,-1.2945157226191113e-10,0.0,-0.03186568337721202,-1.2945157226186566e-10,0.0,0.02938503049801028,-0.0003053176998738889,0.0,67.460820671
1508285149.3535252,1.6110815841529407,0.015175745413065147,0.0,-1.6574323036823846,8.691997847248473e-05,0.0,0.01774310982389804,0.0001342494384570717,0.0,0.26614566669815876,0.0016177526720831544,0.0,-0.36918331436278656,-4.1424503123811516e-14,0.0,-0.03186568337721202,-4.142450312379697e-14,0.0,0.029487775359891433,0.04131478944260341,0.0,67.480820956
1508285149.3735232,1.6110450608008482,-0.0029175721248851814,0.0,-1.6574323036823846,0.00043451273922058076,0.0,0.01774310982389804,0.0007299765999967169,0.0,0.26614566669815876,-0.03420459531516147,0.0,-0.36918331436278656,-0.0012653813532338203,0.0,-0.03186568337721202,0.0012653813532333498,0.0,0.02938503049801028,-5.2509400483049624e-05,0.0,67.500818977
1508285149.3935258,1.6110450608008482,-9.336230799632569e-07,0.0,-1.6574051535799441,0.01131082111297786,0.0,0.017788721931414564,0.009883024387435579,0.0,0.26614566669815876,0.0068194556914888335,0.0,-0.36918331436278656,-4.049220330348221e-07,0.0,-0.03186568337721202,4.049220330346715e-07,0.0,0.02938503049801028,-0.047689459206879614,0.0,67.520821501
1508285149.4135263,1.6110450608008482,-2.9875938558824196e-10,0.0,-1.6574323036823846,0.0005072150896353436,0.0,0.01774310982389804,0.0006168163505757916,0.0,0.26614566669815876,2.182225821276424e-06,0.0,-0.36918331436278656,-1.2957505057114294e-10,0.0,-0.03186568337721202,1.2957505057109475e-10,0.0,0.02938503049801028,0.009815604323656954,0.0,67.540822047
1508285149.433526,1.6110450608008482,0.00011740106173642383,0.0,-1.657459453784825,-0.00043226026913832595,0.0,0.017788721931414342,0.0006682297873185629,0.0,0.26614566669815876,0.0016312629345378558,0.0,-0.36910424318815327,0.031683644045731006,0.0,-0.03194475455184531,-0.031683644045731006,0.0,0.029487775359891433,0.04117277893630942,0.0,67.560821879
1508285149.4535267,1.6110450608008482,-0.00011990569901518148,0.0,-1.6574051535799441,0.010866374765292288,0.0,0.017788721931414564,0.016802302182949782,0.0,0.2662308878530413,0.03541288679947107,0.0,-0.36918331436278656,-0.006329618348344998,0.0,-0.03186568337721202,0.006430536008248196,0.0,0.02938503049801028,-0.03934092442869532,0.0,67.58082244
1508285149.4735246,1.6110450608008482,0.00011709619019534217,0.0,-1.6574323036823846,-0.0008822570150708156,0.0,0.017834334038930866,0.03644676015138442,0.0,0.2662308878530413,0.03544478076342389,0.0,-0.36918331436278656,-0.025285528499973224,0.0,-0.03186568337721202,0.025285560793624394,0.0,0.029487775359891433,-0.000342103598215329,0.0,67.600820399
1508285149.4935257,1.6110815841529407,0.014610437258561869,0.0,-1.657459453784825,-0.008706856564033439,0.0,0.017788721931414342,0.02164357909532934,0.0,0.26614566669815876,0.006827903584831141,0.0,-0.36918331436278656,4.2566165054576295e-05,0.0,-0.03186568337721202,-4.256615472060792e-05,0.0,0.029487775359891433,0.031238159980145515,0.0,67.620821499
1508285149.5135324,1.6110450608008482,4.675339922739792e-06,0.0,-1.6574323036823846,-0.006536994536264116,0.0,0.017834334038930866,0.01976347798191539,0.0,0.26614566669815876,-0.0003249142155152795,0.0,-0.36910424318815327,-0.0010128046890365435,0.0,-0.03194475455184531,0.0010128046890398505,0.0,0.029487775359891433,0.0082527827774593,0.0,67.640828106
1508285149.5335293,1.6110450608008482,1.4961087752767322e-09,0.0,-1.6574323036823846,0.00697667899167204,0.0,0.01774310982389804,-0.0175324850631763,0.0,0.26614566669815876,-0.04092856033570215,0.0,-0.36918331436278656,-5.062150702452932e-05,0.0,-0.03186568337721202,5.062150702453037e-05,0.0,0.02938503049801028,-6.271542195368902e-05,0.0,67.660825042
1508285149.5535262,1.6110450608008482,4.787548080885538e-13,0.0,-1.6574323036823846,-0.010846474253411831,0.0,0.017834334038930866,0.018278329415927698,0.0,0.26614566669815876,-0.0017027670746749184,0.0,-0.36918331436278656,-1.6198882247849365e-08,0.0,-0.03186568337721202,1.61988822478497e-08,0.0,0.02938503049801028,0.007858383549750459,0.0,67.680821819
1508285149.573526,1.6110450608008482,-2.3379426907185676e-05,0.0,-1.6574323036823846,-0.0021676382696278144,0.0,0.01774310982389804,-0.0021672894017532853,0.0,0.26614566669815876,0.008158942729786687,0.0,-0.36918331436278656,-5.183642319311791e-12,0.0,-0.03186568337721202,5.183642319311898e-12,0.0,0.02938503049801028,0.009839807186053937,0.0,67.700821533
1508285149.5935278,1.6110815841529407,0.014594732713880176,0.0,-1.6574323036823846,-0.0026037753661393593,0.0,0.01774310982389804,-0.0029739987379092023,0.0,0.26614566669815876,-0.00026959736740471483,0.0,-0.36926238553741986,-0.0012640249415895506,0.0,-0.03178661220257875,0.001264024941589107,0.0,0.02938503049801028,-0.03277946451555856,0.0,67.720823585
1508285149.6135302,1.6110450608008482,4.670314468441651e-06,0.0,-1.6574323036823846,-0.010397497551286673,0.0,0.01774310982389804,-0.018927190325339703,0.0,0.26614566669815876,-8.627115756950866e-08,0.0,-0.36918331436278656,-0.007367551702479008,0.0,-0.03186568337721202,0.0073675517024764225,0.0,0.02938503049801028,-0.04061765555550254,0.0,67.740825999
1508285149.6335306,1.6110450608008482,1.4945006299013265e-09,0.0,-1.6574051535799441,0.0005179201038590644,0.0,0.017788721931414564,0.0005779423078471237,0.0,0.2662308878530413,0.027490279114111664,0.0,-0.36926238553741986,-0.006383281984974292,0.0,-0.03178661220257875,0.006383281984972053,0.0,0.02938503049801028,-0.03447150369226138,0.0,67.760826311
1508285149.6535287,1.6110450608008482,4.78240201568424e-13,0.0,-1.6574051535799441,1.6573443323490045e-07,0.0,0.017788721931414564,-5.8174957795565694e-05,0.0,0.2662308878530413,0.03238876607936959,0.0,-0.36910424318815327,0.03156474321999665,0.0,-0.03194475455184531,-0.03156474321999665,0.0,0.02938503049801028,-1.1030881181523629e-05,0.0,67.780824464
1508285149.6735272,1.6110450608008482,-2.33515843123218e-05,0.0,-1.6574323036823846,0.008340475436111154,0.0,0.01774310982389804,-0.021076084482104455,0.0,0.26614566669815876,1.0364405145398258e-05,0.0,-0.36918331436278656,6.065569417705575e-05,0.0,-0.03186568337721202,-6.065569417705575e-05,0.0,0.02938503049801028,0.001640512997046696,0.0,67.800822907
1508285149.6935294,1.6110450608008482,-7.472506979942968e-09,0.0,-1.6574323036823846,0.010798708296271753,0.0,0.01774310982389804,-0.018435864260612195,0.0,0.26614566669815876,-0.007885908145502373,0.0,-0.36926238553741986,-0.031694979424164084,0.0,-0.03178661220257875,0.031694979424152954,0.0,0.02938503049801028,5.249641590549421e-07,0.0,67.820825016
1508285149.7135308,1.6110450608008482,-2.391202233581747e-12,0.0,-1.657459453784825,-0.010924394640339187,0.0,0.017788721931414342,-0.02572091769724178,0.0,0.26614566669815876,-0.03409345632879185,0.0,-0.36918331436278656,3.843967758253685e-05,0.0,-0.03186568337721202,-3.8439677582523356e-05,0.0,0.02938503049801028,-0.04141768435994293,0.0,67.840826554
1508285149.7335317,1.6110815841529407,0.014549689352950333,0.0,-1.6574323036823846,0.010725799982648726,0.0,0.017834334038930866,0.01074795876191309,0.0,0.2662308878530413,-6.535155184086268e-05,0.0,-0.36918331436278656,1.2300696826411779e-08,0.0,-0.03186568337721202,-1.230069682640746e-08,0.0,0.029487775359891433,-0.002048531306432151,0.0,67.860827341
1508285149.7535295,1.6110450608008482,4.6559005929441014e-06,0.0,-1.657459453784825,-0.00683772325739196,0.0,0.017788721931414342,0.018820351200425994,0.0,0.26614566669815876,0.006787202971462726,0.0,-0.36910424318815327,3.936222984451765e-12,0.0,-0.03194475455184531,-3.936222984450383e-12,0.0,0.029487775359891433,-0.0003306431329221605,0.0,67.880825312
1508285149.773528,1.6110450608008482,1.4898881897421108e-09,0.0,-1.6574323036823846,-0.011246710920969313,0.0,0.01774310982389804,-0.01888474912684193,0.0,0.26614566669815876,-0.007033461925671042,0.0,-0.36918331436278656,0.007336919367491303,0.0,-0.03186568337721202,0.005313877401575783,0.0,0.02938503049801028,-0.00124872752372728,0.0,67.900823731
1508285149.7935286,1.6110450608008482,-0.00011689713405993022,0.0,-1.657459453784825,-0.021160222141871965,0.0,0.017788721931414342,0.0006077841367174738,0.0,0.26614566669815876,-0.026956762296986205,0.0,-0.36918331436278656,-0.00025072845644916414,0.0,-0.03186568337721202,0.0002547767114151768,0.0,0.029487775359891433,0.039076933374243075,0.0,67.920824202
1508285149.8135307,1.6110450608008482,0.002922390956334463,0.0,-1.6574051535799441,0.006917316974894965,0.0,0.017788721931414564,0.01747211539484952,0.0,0.2662308878530413,0.04087288015794169,0.0,-0.36918331436278656,0.006326826533062974,0.0,-0.03186568337721202,-0.006326825237619163,0.0,0.02938503049801028,-0.0015661856622730217,0.0,67.940826481
1508285149.833531,1.6110450608008482,0.0029122555931831635,0.0,-1.6574051535799441,0.021812728257128412,0.0,0.017788721931414564,0.0072771832377765055,0.0,0.2662308878530413,0.03260889030815538,0.0,-0.36918331436278656,5.280938367503732e-05,0.0,-0.03186568337721202,-5.280938326049528e-05,0.0,0.02938503049801028,-0.04755477317142425,0.0,67.960826702
1508285149.8535297,1.6110450608008482,-0.0029274320786858584,0.0,-1.657459453784825,-0.011807665015916952,0.0,0.017788721931414342,0.018396413148737346,0.0,0.26614566669815876,-0.006876701104576046,0.0,-0.36910424318815327,0.0015133929049954723,0.0,-0.03194475455184531,-0.0015133929049953396,0.0,0.02938503049801028,0.00037853042272676285,0.0,67.980825332
1508285149.8735292,1.6110450608008482,-0.0029254573228280497,0.0,-1.6574323036823846,-0.01099308568761794,0.0,0.01774310982389804,-0.018456123161394524,0.0,0.2662308878530413,0.008404449562686725,0.0,-0.36918331436278656,-0.001265500851998177,0.0,-0.03186568337721202,0.001265500851998177,0.0,0.029487775359891433,-0.008161332046831197,0.0,68.000824951
1508285149.8935301,1.6110450608008482,-9.361463433049746e-07,0.0,-1.6574323036823846,-0.0003683546283791756,0.0,0.01774310982389804,-0.0009107348317912127,0.0,0.26614566669815876,0.00709601036681807,0.0,-0.36910424318815327,-0.006379448154572621,0.0,-0.03194475455184531,0.006278193500697011,0.0,0.02938503049801028,6.317337994829335e-05,0.0,68.020825774
1508285149.9135373,1.6110450608008482,0.0029199909660969077,0.0,-1.6574323036823846,-0.0009717980597386828,0.0,0.01774310982389804,-0.007118554764931542,0.0,0.26614566669815876,0.006869992951296055,0.0,-0.36918331436278656,-0.006323671998565493,0.0,-0.03186568337721202,0.006323639597076253,0.0,0.02938503049801028,-0.032353248870372275,0.0,68.040833037
1508285149.9335341,1.6110450608008482,9.343971091510095e-07,0.0,-1.6574323036823846,0.010036562945163453,0.0,0.01774310982389804,-0.01831973088399479,0.0,0.2662308878530413,-0.0002703665917913394,0.0,-0.36918331436278656,-2.0235750395409557e-06,0.0,-0.03186568337721202,2.0235646710643985e-06,0.0,0.02938503049801028,-0.042911203797292755,0.0,68.060829884
1508285149.953535,1.6110815841529407,0.017519676603345653,0.0,-1.6574323036823846,-6.609926604362985e-05,0.0,0.01774310982389804,0.00017071701162726832,0.0,0.26614566669815876,-0.03403421465902542,0.0,-0.36918331436278656,-0.025226918602136383,0.0,-0.03186568337721202,0.025226918602133067,0.0,0.02938503049801028,0.007908893584852882,0.0,68.080830924
1508285149.9735312,1.6110815841529407,0.014932772364711258,0.0,-1.6574323036823846,-0.0007648791759969167,0.0,0.01774310982389804,-0.03740080641289542,0.0,0.2662308878530413,0.033781671107629606,0.0,-0.36918331436278656,-8.072613952683635e-06,0.0,-0.03186568337721202,8.072613952682572e-06,0.0,0.02938503049801028,-0.04231806930082484,0.0,68.100826866
1508285149.993532,1.6110450608008482,4.778487156707597e-06,0.0,-1.6574323036823846,-0.0043111980876467835,0.0,0.01774310982389804,-4.1169085354012715e-05,0.0,0.26614566669815876,-0.006509413283328361,0.0,-0.36910424318815327,-0.006252239952153553,0.0,-0.03194475455184531,0.006252239952153553,0.0,0.029487775359891433,0.04123984437721838,0.0,68.120827724
1508285150.0135317,1.6110450608008482,-0.00011688166918635784,0.0,-1.6574323036823846,0.002615656331943367,0.0,0.01774310982389804,0.004338462729050759,0.0,0.26614566669815876,-2.0830122506650733e-06,0.0,-0.36918331436278656,-0.0003054397573682951,0.0,-0.03186568337721202,0.0003054397573682951,0.0,0.02938503049801028,-0.03237489544348019,0.0,68.140827487
1508285150.0335352,1.6110450608008482,-2.3464314137945038e-05,0.0,-1.657459453784825,-0.01085801843454563,0.0,0.017788721931414342,0.018185726329765287,0.0,0.2662308878530413,0.042531058752455296,0.0,-0.36910424318815327,0.02525181756972153,0.0,-0.03194475455184531,-0.02525181756972153,0.0,0.029487775359891433,-0.007829717672106109,0.0,68.160831012
1508285150.053533,1.6110450608008482,-7.508580524142404e-09,0.0,-1.6574323036823846,0.0004293075082729154,0.0,0.01774310982389804,0.0007328922875513631,0.0,0.2662308878530413,0.02725784764631428,0.0,-0.36918331436278656,-0.0012523414385168746,0.0,-0.03186568337721202,0.0012523414385168746,0.0,0.029487775359891433,0.04115438208677299,0.0,68.180828702
1508285150.0735326,1.6110450608008482,-0.00011678574002743381,0.0,-1.6574051535799441,0.00827829236860551,0.0,0.017788721931414564,0.015365296724716508,0.0,0.2662308878530413,0.04093671410531413,0.0,-0.36926238553741986,-4.0074926032539946e-07,0.0,-0.03178661220257875,4.0074926032539946e-07,0.0,0.02938503049801028,-0.00781284584304811,0.0,68.200828303
1508285150.0935335,1.6110815841529407,0.014625023993852869,0.0,-1.6574323036823846,0.0004365648745305647,0.0,0.01774310982389804,0.000733894442005917,0.0,0.26614566669815876,0.0013751132976763491,0.0,-0.36918331436278656,-1.2823976330412767e-10,0.0,-0.03186568337721202,1.2823976330412767e-10,0.0,0.02938503049801028,-0.00039821784667856024,0.0,68.220829139
1508285150.1135325,1.6110450608008482,4.680007678032913e-06,0.0,-1.6574051535799441,1.7446872759507753e-05,0.0,0.017788721931414564,-0.00026266260205853013,0.0,0.26614566669815876,-0.03405395375280015,0.0,-0.36918331436278656,-5.0404908184337305e-05,0.0,-0.03186568337721202,5.040490818431962e-05,0.0,0.029487775359891433,0.0016439095189493436,0.0,68.240828233
1508285150.13354,1.6110450608008482,-0.00011670083156779134,0.0,-1.6574323036823846,-0.0026923099988660874,0.0,0.01774310982389804,0.004231512829549164,0.0,0.26614566669815876,-6.547529113847408e-05,0.0,-0.36918331436278656,-1.612957061898792e-08,0.0,-0.03186568337721202,1.612957061898226e-08,0.0,0.029487775359891433,0.04142484896631044,0.0,68.26083554
1508285150.1535356,1.6110450608008482,-3.7344266101693186e-08,0.0,-1.6574323036823846,-0.010165178330039118,0.0,0.01774310982389804,-0.010957198512469221,0.0,0.26614566669815876,0.0014190272609566356,0.0,-0.36918331436278656,-5.161462598076128e-12,0.0,-0.03186568337721202,5.161462598074317e-12,0.0,0.02938503049801028,0.0004086340846905577,0.0,68.280831341
1508285150.1735353,1.6110450608008482,-1.1950165152541808e-11,0.0,-1.6574323036823846,-9.007737611560028e-05,0.0,0.01774310982389804,-0.008934540471788517,0.0,0.26614566669815876,-0.034155631033911255,0.0,-0.36910424318815327,0.00509813488258514,0.0,-0.03194475455184531,-0.005098134882584699,0.0,0.029487775359891433,0.04157427647638363,0.0,68.300831173
1508285150.1935358,1.6110450608008482,-0.00011698082178633882,0.0,-1.6574051535799441,0.010989090796235853,0.0,0.017788721931414564,0.018108098018918634,0.0,0.2662308878530413,0.03442799366746582,0.0,-0.36918331436278656,-0.0013090961354718352,0.0,-0.03186568337721202,0.0013090961354713928,0.0,0.02938503049801028,1.3303768472442745e-05,0.0,68.320831559
1508285150.2135334,1.6110450608008482,-0.014694525853516101,0.0,-1.657459453784825,-0.01266425725443933,0.0,0.017788721931414342,0.02274923436967718,0.0,0.26614566669815876,-0.03405764358928003,0.0,-0.36918331436278656,-4.1891076335098684e-07,0.0,-0.03186568337721202,4.1891076335084523e-07,0.0,0.02938503049801028,4.2572059111816745e-09,0.0,68.340829221
1508285150.2335408,1.6110450608008482,-4.702248273125147e-06,0.0,-1.6574323036823846,0.008153611504471019,0.0,0.01774310982389804,-0.013990387828748863,0.0,0.26614566669815876,-0.032648391652491275,0.0,-0.36918331436278656,-1.3405144427231564e-10,0.0,-0.03186568337721202,1.3405144427227032e-10,0.0,0.02938503049801028,0.0015718250211352273,0.0,68.360836455
1508285150.2535388,1.6110450608008482,0.0005844144867917926,0.0,-1.6574051535799441,0.021535034177208055,0.0,0.017788721931414564,0.0016301192324353828,0.0,0.26614566669815876,-0.03391349903046224,0.0,-0.36918331436278656,-4.289646216714095e-14,0.0,-0.03186568337721202,4.289646216712646e-14,0.0,0.029487775359891433,0.04758195861209957,0.0,68.380834654
1508285150.2735384,1.6110450608008482,-0.014195577312616989,0.0,-1.6574051535799441,0.001727051668684934,0.0,0.017788721931414564,-0.0028893438390061046,0.0,0.26614566669815876,0.00026184263288786373,0.0,-0.36918331436278656,-1.372686789348509e-17,0.0,-0.03186568337721202,1.3726867893480455e-17,0.0,0.02938503049801028,-0.03959050669453331,0.0,68.400833992
1508285150.2935348,1.6110450608008482,-4.542584740037432e-06,0.0,-1.6574323036823846,0.006173627550356683,0.0,0.01774310982389804,-0.017376393843247188,0.0,0.26614566669815876,-0.006871022957885419,0.0,-0.36918331436278656,-0.0015192426229646914,0.0,-0.03186568337721202,0.001519242622964158,0.0,0.029487775359891433,-1.2668962142250645e-05,0.0,68.420830501
1508285150.313536,1.6110450608008482,-0.01751650650646587,0.0,-1.657459453784825,-0.008751752949673557,0.0,0.017788721931414342,0.02178233449299213,0.0,0.26614566669815876,0.000324710516989086,0.0,-0.36918331436278656,-4.861576393487007e-07,0.0,-0.03186568337721202,4.861576393485301e-07,0.0,0.029487775359891433,0.04103731866156848,0.0,68.440831717
1508285150.333542,1.6110450608008482,-5.605282082069072e-06,0.0,-1.657459453784825,-0.019425268952870566,0.0,0.017788721931414342,0.0038044589879216244,0.0,0.2662308878530413,0.03533930612929276,0.0,-0.36918331436278656,-0.0063314363860751234,0.0,-0.03186568337721202,0.006331436386072901,0.0,0.029487775359891433,0.006923237021732943,0.0,68.460837944
1508285150.3535373,1.6110450608008482,-1.7936902662621009e-09,0.0,-1.6574323036823846,-0.0018126710650647796,0.0,0.01774310982389804,0.0027439795631604134,0.0,0.26614566669815876,-0.00026154900280837633,0.0,-0.36918331436278656,-2.026059643544037e-06,0.0,-0.03186568337721202,2.026059643543326e-06,0.0,0.029487775359891433,0.0016454687634640229,0.0,68.480833163
1508285150.3735387,1.6110450608008482,-5.739808852038717e-13,0.0,-1.6574323036823846,-0.0021914227340695566,0.0,0.01774310982389804,0.003623086908665299,0.0,0.26614566669815876,-8.369568089868033e-08,0.0,-0.36918331436278656,-6.483390859340912e-10,0.0,-0.03186568337721202,6.483390859338637e-10,0.0,0.02938503049801028,0.0016408479399605876,0.0,68.500834361
1508285150.3935363,1.6110450608008482,-1.8367388326523876e-16,0.0,-1.657459453784825,-0.012640740087739976,0.0,0.017788721931414342,0.021236394558677128,0.0,0.26614566669815876,0.00681981262875514,0.0,-0.36918331436278656,-2.0746850749890893e-13,0.0,-0.03186568337721202,2.0746850749883615e-13,0.0,0.02938503049801028,-0.007892969460704629,0.0,68.520832052
1508285150.413537,1.6110450608008482,2.3304403787954678e-05,0.0,-1.657459453784825,0.0004297158326550784,0.0,0.017788721931414342,-0.0007219215826579898,0.0,0.26614566669815876,5.655928221314327e-05,0.0,-0.36918331436278656,-0.0012632726353496606,0.0,-0.03186568337721202,-0.0012632726353490847,0.0,0.02938503049801028,-0.0003968522140916627,0.0,68.540832667
1508285150.4335384,1.6110450608008482,7.457409212145488e-09,0.0,-1.6574051535799441,0.02340782809324411,0.0,0.017788721931414564,-0.004366405040703067,0.0,0.2662308878530413,0.034351424995207,0.0,-0.36918331436278656,-0.00025339002577899584,0.0,-0.03186568337721202,0.0002525815312922834,0.0,0.02938503049801028,-0.039439177142774354,0.0,68.560834066
1508285150.4535372,1.6110450608008482,-2.345493223944857e-05,0.0,-1.6574323036823846,0.008967671191817208,0.0,0.01774310982389804,-0.021176459438100384,0.0,0.26614566669815876,1.0992455998466228e-05,0.0,-0.36926238553741986,-0.03150340980350582,0.0,-0.03178661220257875,0.03150340954477653,0.0,0.02938503049801028,-0.051071060729814384,0.0,68.580833016
1508285150.4735367,1.6110450608008482,-0.002339754208585185,0.0,-1.6574323036823846,0.01387451023214157,0.0,0.017834334038930866,0.014544589320632977,0.0,0.26614566669815876,-0.0015769170328269143,0.0,-0.36926238553741986,-0.006386818673856896,0.0,-0.03178661220257875,0.0063868186737718645,0.0,0.029487775359891433,0.0409162085086083,0.0,68.600832459
1508285150.4935396,1.6110450608008482,-7.487213467472585e-07,0.0,-1.657459453784825,-0.0019779405912080405,0.0,0.017788721931414342,-0.003616258757215121,0.0,0.26614566669815876,-0.0013617077297027865,0.0,-0.36918331436278656,-2.0437819756342047e-06,0.0,-0.03186568337721202,2.0437819756069946e-06,0.0,0.029487775359891433,0.04945902747122941,0.0,68.620835391
1508285150.513538,1.6110450608008482,0.0007020680972580714,0.0,-1.657459453784825,-8.793588934874544e-05,0.0,0.017788721931414342,0.00020355329143079194,0.0,0.26614566669815876,-4.357464735048912e-07,0.0,-0.36918331436278656,-6.540102322029447e-10,0.0,-0.03186568337721202,6.540102321942376e-10,0.0,0.029487775359891433,0.006848565088811702,0.0,68.640833633
1508285150.5335412,1.6110450608008482,-0.00011670035518672552,0.0,-1.6574323036823846,-0.010331188052791224,0.0,0.01774310982389804,-0.010027978208900619,0.0,0.26614566669815876,-5.4571655592821516e-05,0.0,-0.36918331436278656,-2.0928327430494207e-13,0.0,-0.03186568337721202,2.092832743021558e-13,0.0,0.02938503049801028,-0.048979519253371406,0.0,68.660836942
1508285150.55354,1.6110450608008482,-0.002909234676568634,0.0,-1.6574323036823846,-0.010741175687980484,0.0,0.01774310982389804,-0.018042804519362014,0.0,0.2662308878530413,0.03533999524361539,0.0,-0.36926238553741986,-0.031525527000867304,0.0,-0.03178661220257875,0.031525527000856236,0.0,0.02938503049801028,-0.0016583395480505886,0.0,68.680835647
1508285150.57354,1.6110450608008482,-9.309550965019618e-07,0.0,-1.6574323036823846,0.008294839986267667,0.0,0.01774310982389804,-0.013654816492859219,0.0,0.2662308878530413,0.042217901639074,0.0,-0.36918331436278656,0.0012577117847191706,0.0,-0.03186568337721202,-0.0012577117847187291,0.0,0.02938503049801028,-0.006907167639685471,0.0,68.70083565
1508285150.593541,1.6110450608008482,-2.979056308806274e-10,0.0,-1.6574323036823846,-0.0065444890635226825,0.0,0.01774310982389804,-0.019758073959170373,0.0,0.26614566669815876,0.0002859124383570333,0.0,-0.36910424318815327,0.031772410316674785,0.0,-0.03194475455184531,-0.031772410316674785,0.0,0.02938503049801028,-2.210293644699348e-06,0.0,68.720836696
1508285150.6135418,1.6110450608008482,0.002926266318431582,0.0,-1.6574323036823846,0.004331203005877487,0.0,0.01774310982389804,-3.531596958406987e-05,0.0,0.26614566669815876,0.001363078835386843,0.0,-0.36918331436278656,-4.009450717165455e-05,0.0,-0.03186568337721202,4.009450717165455e-05,0.0,0.02938503049801028,-0.042988320098233175,0.0,68.740837619
1508285150.6335409,1.6110450608008482,9.36405221898105e-07,0.0,-1.6574323036823846,0.0017512242699846972,0.0,0.01774310982389804,0.004343968813943711,0.0,0.26614566669815876,-0.0013659704311707078,0.0,-0.36918331436278656,0.006313344343804072,0.0,-0.03186568337721202,-0.006313344343804072,0.0,0.02938503049801028,-0.050904737613238174,0.0,68.760836561
1508285150.6535408,1.6110450608008482,-0.0029255674592404478,0.0,-1.6574323036823846,-0.0026081137632525202,0.0,0.01774310982389804,-0.0029813663225311637,0.0,0.26614566669815876,-0.007916112980250689,0.0,-0.36918331436278656,-0.006331683125353038,0.0,-0.03186568337721202,-0.0063357236657308495,0.0,0.02938503049801028,-0.031139839562296358,0.0,68.78083665
1508285150.6735404,1.6110450608008482,-9.361815869569422e-07,0.0,-1.6574051535799441,0.013370028559841311,0.0,0.017788721931414564,0.021238111624215645,0.0,0.26614566669815876,0.001359156104068692,0.0,-0.36918331436278656,-2.02613860011297e-06,0.0,-0.03186568337721202,-2.0274315730338694e-06,0.0,0.02938503049801028,-0.03416217958147594,0.0,68.800836027
1508285150.6935396,1.6110450608008482,0.003032789717032907,0.0,-1.6574323036823846,0.008642263457231148,0.0,0.01774310982389804,-0.014504998137343092,0.0,0.26614566669815876,0.00680564065690947,0.0,-0.36918331436278656,-6.483643520361497e-10,0.0,-0.03186568337721202,-6.487781033708375e-10,0.0,0.029487775359891433,0.010163556202292692,0.0,68.820835321
1508285150.7135427,1.6110450608008482,9.704927094505294e-07,0.0,-1.6574323036823846,0.0004371468646958701,0.0,0.017834334038930866,0.035632198759130373,0.0,0.26614566669815876,-0.006808700952800868,0.0,-0.36918331436278656,-2.0747659265156768e-13,0.0,-0.03186568337721202,-2.076089930786678e-13,0.0,0.029487775359891433,0.032751192342990176,0.0,68.840838535
1508285150.7335439,1.6110450608008482,0.00011695322328094703,0.0,-1.6574323036823846,-5.223756493690283e-05,0.0,0.01774310982389804,-0.00013465408289722457,0.0,0.2662308878530413,0.03407656566173232,0.0,-0.36918331436278656,0.0316194536097364,0.0,-0.03186568337721202,-0.031619453609725436,0.0,0.02938503049801028,-0.042792267057773094,0.0,68.860839527
1508285150.7535443,1.6110450608008482,-0.0001172232217044975,0.0,-1.6574323036823846,0.012497925508031485,0.0,0.01774310982389804,-0.015398069621204512,0.0,0.26614566669815876,-4.3427240044499885e-05,0.0,-0.36918331436278656,1.0118225155115637e-05,0.0,-0.03186568337721202,-1.0118225155112128e-05,0.0,0.02938503049801028,0.0015642518638341193,0.0,68.88084006
1508285150.7735407,1.6110450608008482,-0.01453936998502296,0.0,-1.657459453784825,3.9993361625700715e-06,0.0,0.017788721931414342,-4.927382278785438e-06,0.0,0.26614566669815876,-1.3896716814239947e-08,0.0,-0.36918331436278656,3.2378320496370005e-09,0.0,-0.03186568337721202,-3.2378320496358776e-09,0.0,0.029487775359891433,6.816583010262136e-05,0.0,68.900836414
1508285150.793542,1.6110450608008482,-4.652598395207342e-06,0.0,-1.6574051535799441,0.013496292052071772,0.0,0.017788721931414564,0.015351699844222534,0.0,0.26614566669815876,-0.03388879673620398,0.0,-0.36918331436278656,1.0361062558838389e-12,0.0,-0.03186568337721202,-1.0361062558834796e-12,0.0,0.02938503049801028,0.00791958262119596,0.0,68.920837517
1508285150.8135421,1.6110450608008482,-1.488831486466348e-09,0.0,-1.657459453784825,-0.01355069939451739,0.0,0.017788721931414342,0.01547623344115517,0.0,0.2662308878530413,0.0055005998695481124,0.0,-0.36910424318815327,0.026820412015270856,0.0,-0.03194475455184531,-0.026820412015270856,0.0,0.02938503049801028,0.0019096471136843594,0.0,68.940837806
1508285150.8335452,1.6110450608008482,-4.764260756692308e-13,0.0,-1.6574051535799441,-0.004285883708858517,0.0,0.017788721931414564,4.952394683661529e-06,0.0,0.26614566669815876,1.760191958255394e-06,0.0,-0.36918331436278656,8.582531844886665e-06,0.0,-0.03186568337721202,-8.582531844886665e-06,0.0,0.02938503049801028,-0.03431166324380029,0.0,68.960840866
1508285150.8535454,1.6110450608008482,-0.0001166329130811965,0.0,-1.657459453784825,-0.012564272238985227,0.0,0.017788721931414342,0.021165789423314235,0.0,0.26614566669815876,0.005394739199052316,0.0,-0.36918331436278656,-0.006300610771502385,0.0,-0.03186568337721202,0.006300610771502385,0.0,0.02938503049801028,-1.0979732238016082e-05,0.0,68.980841254
1508285150.8735423,1.6110815841529407,0.014599919005786506,0.0,-1.6574323036823846,-0.006062772184521667,0.0,0.01774310982389804,-0.017818391128984312,0.0,0.26614566669815876,5.6382581199617984e-05,0.0,-0.36918331436278656,-0.006325906917394174,0.0,-0.03186568337721202,-0.006321874526500411,0.0,0.02938503049801028,-0.031540444336492016,0.0,69.000837976
1508285150.8935418,1.6110450608008482,4.671974081851678e-06,0.0,-1.657459453784825,0.0002764267227926979,0.0,0.017788721931414342,-0.0007637727121940483,0.0,0.26614566669815876,-0.0016332998185456763,0.0,-0.36918331436278656,-0.006324408068107015,0.0,-0.03186568337721202,-0.006324406777739711,0.0,0.029487775359891433,0.0019590779551663337,0.0,69.020837588
1508285150.9135451,1.6110450608008482,0.0005842085426775509,0.0,-1.6574051535799441,-0.0021531885298576403,0.0,0.017788721931414564,-0.0036177446223137834,0.0,0.2662308878530413,0.03273539084390537,0.0,-0.36918331436278656,-5.2512646973668346e-05,0.0,-0.03186568337721202,4.846502622297968e-05,0.0,0.029487775359891433,0.03421133250352029,0.0,69.040840855
1508285150.9335473,1.6110450608008482,-0.014551229987475213,0.0,-1.6574323036823846,0.002251640697075661,0.0,0.01774310982389804,-0.003551759703334494,0.0,0.26614566669815876,-0.042159303334927775,0.0,-0.36918331436278656,-1.6804047031573852e-08,0.0,-0.03186568337721202,1.550880839135348e-08,0.0,0.029487775359891433,0.006297746819250649,0.0,69.060842923
1508285150.9535496,1.6110450608008482,-0.00014482713461624972,0.0,-1.6574051535799441,0.008682395764696343,0.0,0.017788721931414564,0.014292361967461375,0.0,0.2662308878530413,0.026964822915199606,0.0,-0.36918331436278656,0.0012577332737850589,0.0,-0.03186568337721202,0.0012577332841247311,0.0,0.02938503049801028,0.00650939973112748,0.0,69.080845439
1508285150.9735444,1.6110450608008482,-4.634468307719986e-08,0.0,-1.657459453784825,-0.011255012091285252,0.0,0.017788721931414342,0.017734334297420124,0.0,0.2662308878530413,0.03445778750603363,0.0,-0.36918331436278656,-0.0063249959098868646,0.0,-0.03186568337721202,-0.006324995909881335,0.0,0.02938503049801028,2.083007913960791e-06,0.0,69.100840123
1508285150.9935427,1.6110450608008482,-0.0005820566921986531,0.0,-1.6574051535799441,0.008817860219794652,0.0,0.017788721931414564,0.022065690712046247,0.0,0.26614566669815876,-0.00020768345532255726,0.0,-0.36910424318815327,0.005064005783161453,0.0,-0.03194475455184531,-0.007081058016264126,0.0,0.02938503049801028,-0.04153760756805943,0.0,69.120838371
1508285151.0135448,1.6110450608008482,-1.8625814150356877e-07,0.0,-1.6574051535799441,0.023074215113688255,0.0,0.017788721931414564,0.003654120141904193,0.0,0.26614566669815876,-6.645870570321824e-08,0.0,-0.36918331436278656,-0.03190495069299525,0.0,-0.03186568337721202,0.031904305236280656,0.0,0.02938503049801028,5.232082117647211e-05,0.0,69.140840497
1508285151.0335464,1.6110450608008482,-5.960260528114194e-11,0.0,-1.657459453784825,-0.010943411869552161,0.0,0.017788721931414342,-0.016934007657573278,0.0,0.2662308878530413,0.03975098816894305,0.0,-0.36910424318815327,0.025271772930822205,0.0,-0.03178661220257875,0.025292191892710703,0.0,0.02938503049801028,-0.006548955451115755,0.0,69.160842063
1508285151.0535488,1.6110450608008482,-1.90728336899654e-14,0.0,-1.6574323036823846,-2.085645812533365e-05,0.0,0.01774310982389804,-0.0073496102876539765,0.0,0.26614566669815876,-0.007093672928465328,0.0,-0.36918331436278656,-0.00633242767573296,0.0,-0.03186568337721202,0.00634860814447649,0.0,0.02938503049801028,-2.0956657443570396e-06,0.0,69.180844514
1508285151.0735447,1.6110450608008482,-6.103306780788922e-18,0.0,-1.6574323036823846,-0.008164355933615634,0.0,0.01774310982389804,-0.022769896483964536,0.0,0.2662308878530413,-2.2699753371089023e-06,0.0,-0.36918331436278656,-2.0263768562345452e-06,0.0,-0.03186568337721202,2.031554606232474e-06,0.0,0.02938503049801028,0.008223125104796884,0.0,69.200840363
1508285151.093547,1.6110450608008482,-2.3276739490960497e-05,0.0,-1.6574051535799441,0.010445056225979051,0.0,0.017788721931414564,0.01906086570147475,0.0,0.2662308878530413,0.032794070847080005,0.0,-0.36918331436278656,-6.484405939950538e-10,0.0,-0.03186568337721202,6.50097473994391e-10,0.0,0.02938503049801028,-0.042490309409131136,0.0,69.220842816
1508285151.1135483,1.6110815841529407,0.014563514051135233,0.0,-1.6574323036823846,0.0022459992827613385,0.0,0.01774310982389804,-0.00346923672317691,0.0,0.2662308878530413,0.028481119947013626,0.0,-0.36918331436278656,0.0062780707371316025,0.0,-0.03186568337721202,-0.006278070737131036,0.0,0.02938503049801028,0.009524718762866032,0.0,69.240844103
1508285151.1335475,1.6110450608008482,4.66032449636327e-06,0.0,-1.6574323036823846,-0.0017370137859653238,0.0,0.01774310982389804,-0.03358275778509388,0.0,0.26614566669815876,0.005671653801110038,0.0,-0.36918331436278656,2.0089826358821107e-06,0.0,-0.03186568337721202,-2.0089826358819294e-06,0.0,0.029487775359891433,0.050977995589809956,0.0,69.260843266
1508285151.1535523,1.6110450608008482,-0.014709800471766996,0.0,-1.6574323036823846,0.0005201844956110897,0.0,0.01774310982389804,-0.0005938590440720784,0.0,0.26614566669815876,1.8149292163552101e-06,0.0,-0.36918331436278656,5.070658367507385e-05,0.0,-0.03186568337721202,-5.070658367507385e-05,0.0,0.02938503049801028,-0.04136424179356311,0.0,69.280848032
1508285151.1735456,1.6110450608008482,-4.707136150965433e-06,0.0,-1.6574323036823846,0.0031278275196683345,0.0,0.01774310982389804,-0.003504759435079972,0.0,0.26614566669815876,-0.007909911496060214,0.0,-0.36918331436278656,0.0012637401377014344,0.0,-0.03186568337721202,-0.0012637401377014344,0.0,0.029487775359891433,0.041109419728341194,0.0,69.300841363
1508285151.1935453,1.6110450608008482,-1.5062835683089366e-09,0.0,-1.6574323036823846,0.0021571158095137714,0.0,0.017834334038930866,0.03279326414681889,0.0,0.2662308878530413,0.03271143509420547,0.0,-0.36926238553741986,-0.03161528140383499,0.0,-0.03178661220257875,0.03161528140382389,0.0,0.02938503049801028,-0.04277433879170287,0.0,69.320841094
1508285151.2135482,1.6110450608008482,2.328779684243714e-05,0.0,-1.6574323036823846,0.01291382621570961,0.0,0.01774310982389804,-0.023199664737611706,0.0,0.26614566669815876,-0.0396511445526088,0.0,-0.36910424318815327,0.031519156459837716,0.0,-0.03194475455184531,-0.031519156459837716,0.0,0.029487775359891433,0.04924792328640932,0.0,69.340843838
1508285151.2335532,1.6110450608008482,7.452094989579875e-09,0.0,-1.657459453784825,-8.270243953395606e-05,0.0,0.017788721931414342,0.008903422611844795,0.0,0.26614566669815876,-0.028679860289095034,0.0,-0.36918331436278656,1.0086130067148058e-05,0.0,-0.03186568337721202,-1.0086130067148058e-05,0.0,0.02938503049801028,-0.0012965360969262655,0.0,69.360848819
1508285151.2535508,1.6110450608008482,-0.0029189480366746865,0.0,-1.6574051535799441,0.02128702287657007,0.0,0.017788721931414564,0.0008774660725765696,0.0,0.26614566669815876,-9.177555292510401e-06,0.0,-0.36910424318815327,3.227561621487375e-09,0.0,-0.03194475455184531,-3.227561621487375e-09,0.0,0.02938503049801028,0.008539610029874767,0.0,69.38084659
1508285151.273547,1.6110450608008482,-9.340633717358984e-07,0.0,-1.6574051535799441,0.009148415254573989,0.0,0.017788721931414564,0.013845964648672403,0.0,0.2662308878530413,5.454255572340281e-05,0.0,-0.36918331436278656,-0.0003049592106918387,0.0,-0.03186568337721202,-0.00020374077299036993,0.0,0.029487775359891433,0.04132434414065427,0.0,69.400842573
1508285151.2935495,1.6110450608008482,-2.9890027895548717e-10,0.0,-1.6574323036823846,-0.009566745552148368,0.0,0.01774310982389804,-0.01461394738835025,0.0,0.26614566669815876,-5.448255727373692e-05,0.0,-0.36918331436278656,-9.758694742138828e-08,0.0,-0.03186568337721202,-6.51970473569183e-08,0.0,0.02938503049801028,1.3223790125009352e-05,0.0,69.420845311
1508285151.3135512,1.6110450608008482,-9.564808926575579e-14,0.0,-1.6574323036823846,0.01561030754442747,0.0,0.01774310982389804,-0.018935762677938086,0.0,0.2662308878530413,0.0013628075132604432,0.0,-0.36918331436278656,-3.122782317484422e-11,0.0,-0.03186568337721202,-2.0863055154213833e-11,0.0,0.02938503049801028,-0.040934993172099,0.0,69.440846805
1508285151.333547,1.6110450608008482,-3.060738856504182e-17,0.0,-1.6574323036823846,-0.010523251094780642,0.0,0.01774310982389804,-0.018800762767790233,0.0,0.26614566669815876,0.0013075081670615263,0.0,-0.36918331436278656,-0.0012631222815586648,0.0,-0.03186568337721202,0.0012631222815419959,0.0,0.02938503049801028,-0.04083926431970893,0.0,69.460842867
1508285151.3535514,1.6110450608008482,-9.794364340813371e-21,0.0,-1.6574051535799441,0.01047100015170238,0.0,0.017788721931414564,0.024875467360974,0.0,0.26614566669815876,-0.035329211684628464,0.0,-0.36918331436278656,5.0186926645479536e-05,0.0,-0.03186568337721202,-5.0186926645484856e-05,0.0,0.029487775359891433,-0.0013924307167528331,0.0,69.480847089
1508285151.3735502,1.6110450608008482,-0.0029311655924397773,0.0,-1.6574323036823846,-0.002262445103475425,0.0,0.01774310982389804,-0.003856931343522818,0.0,0.2662308878530413,0.032679938663474836,0.0,-0.36918331436278656,-0.0012647620845729316,0.0,-0.03186568337721202,0.0012647620845724875,0.0,0.02938503049801028,0.006930617250559598,0.0,69.500845961
1508285151.393555,1.6110450608008482,-9.379729895807278e-07,0.0,-1.657459453784825,-0.0016537803748723884,0.0,0.017788721931414342,0.004580229525474543,0.0,0.26614566669815876,-0.0010208543023325853,0.0,-0.36918331436278656,-4.047238670633377e-07,0.0,-0.03186568337721202,4.047238670631955e-07,0.0,0.029487775359891433,0.032547446267967226,0.0,69.520850677
1508285151.4135523,1.6110450608008482,-0.002922777152522143,0.0,-1.6574323036823846,-0.0008865635967152761,0.0,0.01774310982389804,0.007272482109766376,0.0,0.26614566669815876,-3.2667337674642694e-07,0.0,-0.36918331436278656,-1.2951163746026794e-10,0.0,-0.03186568337721202,1.2951163746022244e-10,0.0,0.02938503049801028,-0.04087341523029302,0.0,69.54084794
1508285151.433549,1.6110450608008482,-9.352886888070848e-07,0.0,-1.6574323036823846,0.0017443286831256937,0.0,0.01774310982389804,0.004340384487508968,0.0,0.26614566669815876,-1.0453548055885649e-10,0.0,-0.36910424318815327,0.03174049949024431,0.0,-0.03194475455184531,-0.03174049949024431,0.0,0.02938503049801028,-0.0002760548535546196,0.0,69.560844646
1508285151.4535527,1.6110450608008482,0.0005846945166422907,0.0,-1.6574323036823846,-0.01089196753313213,0.0,0.017834334038930866,0.01835915916497764,0.0,0.26614566669815876,0.0014188009017224498,0.0,-0.36918331436278656,-0.0074952554152442,0.0,-0.03186568337721202,0.0074952554152442,0.0,0.029487775359891433,-8.833755313747817e-08,0.0,69.580848369
1508285151.4735503,1.6110450608008482,1.8710224532553278e-07,0.0,-1.657459453784825,-0.021819374498208446,0.0,0.017788721931414342,-0.0001114419963109819,0.0,0.26614566669815876,-0.025878202561349248,0.0,-0.36918331436278656,-5.300770161638761e-05,0.0,-0.03186568337721202,5.300770161638761e-05,0.0,0.02938503049801028,-0.03126574934262217,0.0,69.600846089
1508285151.493551,1.6110815841529407,0.014689204593003139,0.0,-1.6574051535799441,0.007535841031511123,0.0,0.017788721931414564,0.018227786899022602,0.0,0.26614566669815876,-0.0411118616235674,0.0,-0.36918331436278656,-1.6962464517244013e-08,0.0,-0.03186568337721202,1.6962464517244013e-08,0.0,0.02938503049801028,-0.001722394627463481,0.0,69.620846828
1508285151.5135517,1.6110450608008482,-0.0029114691968242803,0.0,-1.6574051535799441,0.009122915554035332,0.0,0.017788721931414564,0.015563043705167545,0.0,0.26614566669815876,0.0053708218434841025,0.0,-0.36918331436278656,0.031608152870352166,0.0,-0.03186568337721202,-0.03160815287034107,0.0,0.02938503049801028,-0.008204109717953864,0.0,69.640847368
1508285151.5335498,1.6110450608008482,-9.316701429837686e-07,0.0,-1.6574323036823846,2.0382014489345862e-05,0.0,0.01774310982389804,0.001436555317253581,0.0,0.26614566669815876,0.006581925263640839,0.0,-0.36918331436278656,1.0114608918512682e-05,0.0,-0.03186568337721202,-1.0114608918509131e-05,0.0,0.029487775359891433,0.049713943398301645,0.0,69.660845445
1508285151.5535572,1.6110450608008482,-2.9813444575480565e-10,0.0,-1.6574323036823846,0.0003476561397306983,0.0,0.01774310982389804,-0.0005835908326985128,0.0,0.26614566669815876,0.000274184945529368,0.0,-0.36918331436278656,0.005046178892980702,0.0,-0.03186568337721202,-0.0050461788929789305,0.0,0.02938503049801028,0.006572894914152497,0.0,69.68085289
1508285151.5735524,1.6110450608008482,-9.54030226415377e-14,0.0,-1.6574323036823846,-8.688946782275154e-05,0.0,0.01774310982389804,0.0016637850104546635,0.0,0.26614566669815876,-0.0067317637848144886,0.0,-0.36918331436278656,1.6147772457538228e-06,0.0,-0.03186568337721202,-1.614777245753256e-06,0.0,0.02938503049801028,0.001974791642255925,0.0,69.700848176
1508285151.5935526,1.6110450608008482,0.002897349476571496,0.0,-1.6574323036823846,0.012676476277417342,0.0,0.01774310982389804,-0.014000976875458877,0.0,0.26614566669815876,-0.03434083002331815,0.0,-0.36918331436278656,0.0002524747265436809,0.0,-0.03186568337721202,-0.0002524747265436809,0.0,0.029487775359891433,-0.0003274323446657338,0.0,69.720848427
1508285151.6135545,1.6110450608008482,9.271518325028776e-07,0.0,-1.657459453784825,-0.010600264313230006,0.0,0.017788721931414342,0.019034227672063524,0.0,0.26614566669815876,0.0012957918320847253,0.0,-0.36918331436278656,8.07919124939778e-08,0.0,-0.03186568337721202,-8.07919124939778e-08,0.0,0.02938503049801028,-0.03294171523966527,0.0,69.740850314
1508285151.6335518,1.6110450608008482,-0.000696724783426864,0.0,-1.6574323036823846,-0.0014634109575931314,0.0,0.01774310982389804,-0.003660426758780749,0.0,0.2662308878530413,0.04121767256117647,0.0,-0.36918331436278656,0.0012550560109021278,0.0,-0.03186568337721202,-0.0012550560109021278,0.0,0.02938503049801028,-0.04970314967709924,0.0,69.760847505
1508285151.6535583,1.6110450608008482,-2.2295193069659622e-07,0.0,-1.657459453784825,-0.00922513396916549,0.0,0.017788721931414342,0.015204688757126324,0.0,0.26614566669815876,-0.006767005831364849,0.0,-0.36918331436278656,4.016179234886804e-07,0.0,-0.03186568337721202,-4.016179234886804e-07,0.0,0.029487775359891433,-0.006217480909518025,0.0,69.780854007
1508285151.6735554,1.6110450608008482,-7.134461782291071e-11,0.0,-1.6574323036823846,0.012920704147344385,0.0,0.01774310982389804,-0.01418088642936915,0.0,0.26614566669815876,-2.1654418660367495e-06,0.0,-0.36918331436278656,1.2851773551637758e-10,0.0,-0.03186568337721202,-1.2851773551637758e-10,0.0,0.02938503049801028,-0.0387168104478424,0.0,69.800850998
1508285151.6935556,1.6110450608008482,-2.3354365610235135e-05,0.0,-1.6574323036823846,0.013001763042638604,0.0,0.017834334038930866,0.014534720550505562,0.0,0.26614566669815876,-0.0016887500037245247,0.0,-0.36910424318815327,5.0560997704641326e-05,0.0,-0.03194475455184531,-5.0560997704623586e-05,0.0,0.029487775359891433,0.04878155053255213,0.0,69.820851339
1508285151.713554,1.6110450608008482,0.0007069608084118536,0.0,-1.6574323036823846,0.011009832906210631,0.0,0.01774310982389804,-0.010895764006222807,0.0,0.2662308878530413,-0.007090224470269815,0.0,-0.36910424318815327,-0.023845048635581564,0.0,-0.03194475455184531,-0.02640237097283902,0.0,0.029487775359891433,0.041010022502723516,0.0,69.840849618
1508285151.7335532,1.6110450608008482,2.2622745869179285e-07,0.0,-1.6574323036823846,-0.010933853425524562,0.0,0.01774310982389804,-0.018027801450891418,0.0,0.26614566669815876,-0.0010897407601788572,0.0,-0.36918331436278656,-0.0012190134443129156,0.0,-0.03186568337721202,-0.0013212073424175,0.0,0.029487775359891433,0.05067593934181532,0.0,69.860849006
1508285151.7535546,1.6110450608008482,7.239278678137363e-11,0.0,-1.657459453784825,-0.014637739970508637,0.0,0.017788721931414342,0.01730812924221519,0.0,0.26614566669815876,-0.006465889896726898,0.0,-0.36918331436278656,-3.900843021801326e-07,0.0,-0.03186568337721202,-4.227863495735995e-07,0.0,0.029487775359891433,1.6216300589380886e-05,0.0,69.880850257
1508285151.7735553,1.6110450608008482,-0.0005851135517548579,0.0,-1.6574323036823846,-0.002263995326214701,0.0,0.01774310982389804,-0.003439492777497046,0.0,0.2662308878530413,0.041146217971406565,0.0,-0.36918331436278656,-1.248269766976423e-10,0.0,-0.03186568337721202,-1.352916318635517e-10,0.0,0.029487775359891433,0.04099341162608433,0.0,69.900850927
1508285151.7935598,1.6110450608008482,-0.0005841854894693089,0.0,-1.6574323036823846,0.00173783660411831,0.0,0.017834334038930866,-0.0043805289755601984,0.0,0.26614566669815876,0.006887544453211651,0.0,-0.36918331436278656,-0.0012643261150711504,0.0,-0.03186568337721202,0.0012643261149879123,0.0,0.029487775359891433,0.04004071427614092,0.0,69.920855634
1508285151.8135557,1.6110450608008482,-1.8693935663017864e-07,0.0,-1.6574051535799441,0.0038924877928325254,0.0,0.017788721931414564,-0.0007029815416071606,0.0,0.26614566669815876,-0.0070878349547398465,0.0,-0.36918331436278656,0.006022850134334939,0.0,-0.03186568337721202,-0.006022850134334965,0.0,0.02938503049801028,0.0003405654213280189,0.0,69.940851537
1508285151.8335533,1.6110450608008482,-5.98205941216571e-11,0.0,-1.657459453784825,-0.026496536985161967,0.0,0.017788721931414342,0.0004359299455523275,0.0,0.26614566669815876,-0.03436179962958647,0.0,-0.36918331436278656,0.00025491309057867114,0.0,-0.03186568337721202,-0.0002549130905785823,0.0,0.029487775359891433,-0.0019030241655332413,0.0,69.960849077
1508285151.8535562,1.6110450608008482,-1.914259011893025e-14,0.0,-1.657459453784825,-0.0017892209534390695,0.0,0.017788721931414342,-0.004389253298049817,0.0,0.26614566669815876,0.0054699566942055565,0.0,-0.36918331436278656,0.03185772678070621,0.0,-0.03186568337721202,0.03135104873788787,0.0,0.029487775359891433,0.008181642591289718,0.0,69.980851894
1508285151.873557,1.6110450608008482,-6.1256288380576734e-18,0.0,-1.657459453784825,-0.008603487209438999,0.0,0.017788721931414342,0.014391238385812381,0.0,0.26614566669815876,0.008152484630596955,0.0,-0.36918331436278656,0.006310059965607903,0.0,-0.03186568337721202,0.0063098978286319895,0.0,0.02938503049801028,0.008188645624953942,0.0,70.000852731
1508285151.8935554,1.6110450608008482,-1.9602012281784533e-21,0.0,-1.6574323036823846,0.008794163704015171,0.0,0.01774310982389804,-0.014774194135392854,0.0,0.2662308878530413,0.006491467061110983,0.0,-0.36918331436278656,-0.005007411349215166,0.0,-0.03186568337721202,0.00511292221960627,0.0,0.029487775359891433,0.04157620130596706,0.0,70.020851226
1508285151.9135582,1.6110450608008482,2.3382214818966276e-05,0.0,-1.6574323036823846,-0.008234124407707832,0.0,0.01774310982389804,-0.022650322532154554,0.0,0.26614566669815876,0.006764892582655548,0.0,-0.36918331436278656,-1.6023716317488512e-06,0.0,-0.03186568337721202,1.6361351102740046e-06,0.0,0.02938503049801028,0.008561159916649179,0.0,70.040854051
1508285151.9335566,1.6110450608008482,7.4823087420692e-09,0.0,-1.6574323036823846,0.00034485979529229934,0.0,0.01774310982389804,0.0005765421915571257,0.0,0.2662308878530413,0.033893270986514026,0.0,-0.36918331436278656,-5.02324541129486e-05,0.0,-0.03186568337721202,5.023246491726173e-05,0.0,0.02938503049801028,-0.0003260678185587284,0.0,70.06085237
1508285151.9535568,1.6110450608008482,2.394338797462141e-12,0.0,-1.6574323036823846,-0.010804190662784997,0.0,0.017834334038930866,0.011130000284030304,0.0,0.2662308878530413,0.03419704121661734,0.0,-0.36910424318815327,0.03141548496794859,0.0,-0.03194475455184531,-0.031415484967945134,0.0,0.029487775359891433,0.04082110933687647,0.0,70.08085247
1508285151.9735577,1.6110450608008482,7.661884151878843e-16,0.0,-1.6574323036823846,-0.00045481286078598467,0.0,0.01774310982389804,-0.00801940362301338,0.0,0.26614566669815876,0.00028367051589479967,0.0,-0.36918331436278656,-0.03153225395930189,0.0,-0.03186568337721202,0.03153225395930189,0.0,0.02938503049801028,-0.04757898222250408,0.0,70.10085337
1508285151.993556,1.6110450608008482,2.451802928601227e-19,0.0,-1.6574323036823846,0.0005211648398387915,0.0,0.01774310982389804,0.0005821974575914261,0.0,0.26614566669815876,-0.03539443778018143,0.0,-0.36918331436278656,0.006306272855480996,0.0,-0.03186568337721202,0.006326453498012734,0.0,0.02938503049801028,-8.096324082466776e-05,0.0,70.120851723
1508285152.0135574,1.6110450608008482,7.845769371523917e-23,0.0,-1.6574323036823846,0.006549318672697873,0.0,0.01774310982389804,-0.01830258013090287,0.0,0.2662308878530413,0.03369257803844887,0.0,-0.36918331436278656,-4.8488850078616996e-05,0.0,-0.03186568337721202,-4.848239227298911e-05,0.0,0.02938503049801028,-6.565437665044845e-05,0.0,70.140853097
1508285152.033557,1.6110450608008482,2.5106461988876512e-26,0.0,-1.6574323036823846,-0.000449197400842552,0.0,0.017834334038930866,0.03576477713359469,0.0,0.26614566669815876,-0.03400545866138249,0.0,-0.36918331436278656,0.006315595891311336,0.0,-0.03186568337721202,0.006315595893375617,0.0,0.02938503049801028,-0.008206508705998029,0.0,70.160852594
1508285152.053563,1.6110450608008482,8.034067836440474e-30,0.0,-1.6574323036823846,-1.437431682696165e-07,0.0,0.01774310982389804,-0.007334311738973425,0.0,0.26614566669815876,-0.00028380443314405764,0.0,-0.36918331436278656,-0.00020095646469201752,0.0,-0.03186568337721202,0.00020499844606311734,0.0,0.02938503049801028,-0.006964989819330842,0.0,70.180858853
1508285152.0735602,1.6110450608008482,2.337942690733888e-05,0.0,-1.6574323036823846,0.010850479541091243,0.0,0.01774310982389804,-0.025535688908673887,0.0,0.26614566669815876,-0.032422825826301585,0.0,-0.36918331436278656,-6.430606870144554e-08,0.0,-0.03186568337721202,6.559950274019749e-08,0.0,0.02938503049801028,-0.0016454821243592544,0.0,70.200856046
1508285152.0935576,1.6110450608008482,7.481416610348433e-09,0.0,-1.6574323036823846,0.015188149470979816,0.0,0.01774310982389804,-0.018279177776956857,0.0,0.2662308878530413,0.034072430970669816,0.0,-0.36918331436278656,-2.0577941984462546e-11,0.0,-0.03186568337721202,2.0991840876863173e-11,0.0,0.02938503049801028,-0.008153977782053987,0.0,70.220853377
1508285152.113561,1.6110450608008482,-0.0029220799551621475,0.0,-1.657459453784825,-0.0020981940914132384,0.0,0.017788721931414342,0.003527276883170418,0.0,0.26614566669815876,-0.03415530477402167,0.0,-0.36918331436278656,-6.5849414350280075e-15,0.0,-0.03186568337721202,6.717389080596208e-15,0.0,0.029487775359891433,0.04743871383762817,0.0,70.240856595
1508285152.1335573,1.6110450608008482,-9.35065585651886e-07,0.0,-1.6574051535799441,8.622556285624164e-05,0.0,0.017788721931414564,-0.0016038554827838766,0.0,0.2662308878530413,0.0010792976652930248,0.0,-0.36918331436278656,0.03161945360973647,0.0,-0.03186568337721202,-0.031619453609725366,0.0,0.029487775359891433,0.04313953059917886,0.0,70.260852993
1508285152.153561,1.6110450608008482,-0.0005837203917187586,0.0,-1.6574051535799441,0.021323296125357754,0.0,0.017788721931414564,0.0006992565202544766,0.0,0.2662308878530413,0.03303036813492167,0.0,-0.36918331436278656,1.0118225155115659e-05,0.0,-0.03186568337721202,-1.0118225155112106e-05,0.0,0.02938503049801028,0.0015900910928031893,0.0,70.280856901
1508285152.1735635,1.6110450608008482,0.0005815935722560745,0.0,-1.657459453784825,0.0017467741808998376,0.0,0.017788721931414342,0.004318052391637042,0.0,0.2662308878530413,0.02868883143249154,0.0,-0.36918331436278656,3.237832049637007e-09,0.0,-0.03186568337721202,-3.237832049635871e-09,0.0,0.029487775359891433,0.001637131417016115,0.0,70.300859186
1508285152.1935587,1.6110450608008482,1.8610994312194362e-07,0.0,-1.6574323036823846,-0.0022588587518448393,0.0,0.01774310982389804,0.004953301520703942,0.0,0.26614566669815876,-4.547583859752397e-05,0.0,-0.36918331436278656,1.0361062558838409e-12,0.0,-0.03186568337721202,-1.0361062558834776e-12,0.0,0.02938503049801028,-0.008146911599677644,0.0,70.320854421
1508285152.213562,1.6110450608008482,5.955518179902189e-11,0.0,-1.6574323036823846,-8.765091362997932e-05,0.0,0.01774310982389804,0.001216639778056595,0.0,0.26614566669815876,-0.03554413041508667,0.0,-0.36918331436278656,3.3155400188282876e-16,0.0,-0.03186568337721202,-3.3155400188271245e-16,0.0,0.029487775359891433,-0.00861744701254722,0.0,70.340857726
1508285152.2335608,1.6110450608008482,-0.00011691107407577373,0.0,-1.6574323036823846,-0.010512191099815703,0.0,0.01774310982389804,-0.019119190955781223,0.0,0.2662308878530413,0.03380270244424714,0.0,-0.36918331436278656,1.0609728060250508e-19,0.0,-0.03186568337721202,-1.0609728060246788e-19,0.0,0.029487775359891433,0.04115874719648465,0.0,70.360856432
1508285152.2535608,1.6110815841529407,0.01470503019343675,0.0,-1.6574323036823846,-0.002152449225994426,0.0,0.01774310982389804,-0.0036165763746910397,0.0,0.26614566669815876,-0.03457376752745456,0.0,-0.36918331436278656,3.395112979280159e-23,0.0,-0.03186568337721202,-3.395112979278968e-23,0.0,0.029487775359891433,0.04302326899343859,0.0,70.38085642
1508285152.2735605,1.6110450608008482,4.7056096618997545e-06,0.0,-1.6574051535799441,0.0021859969109423016,0.0,0.017788721931414564,0.0036141234668670558,0.0,0.26614566669815876,-0.03566827321147198,0.0,-0.36926238553741986,0.0012649288926784201,0.0,-0.03178661220257875,-0.001264928892677976,0.0,0.02938503049801028,1.3767446077900333e-05,0.0,70.400856355
1508285152.29356,1.6110815841529407,0.01459647999792314,0.0,-1.6574323036823846,0.008610798041220285,0.0,0.017834334038930866,0.02176108897225393,0.0,0.2662308878530413,0.04091664854399728,0.0,-0.36918331436278656,4.04777245657094e-07,0.0,-0.03186568337721202,-4.0477724565695194e-07,0.0,0.02938503049801028,-0.049278023563381707,0.0,70.420855806
1508285152.3135662,1.6110450608008482,4.6708735993354e-06,0.0,-1.6574323036823846,0.0017169944382707874,0.0,0.017834334038930866,0.04061734361644457,0.0,0.2662308878530413,0.02856142202214498,0.0,-0.36918331436278656,1.2952871861026993e-10,0.0,-0.03186568337721202,-1.2952871861022446e-10,0.0,0.02938503049801028,-8.149126910283393e-05,0.0,70.440862011
1508285152.3335612,1.6110450608008482,1.4946795517873263e-09,0.0,-1.6574051535799441,0.019569880639645428,0.0,0.017788721931414564,0.003539681141949178,0.0,0.2662308878530413,9.139655047086384e-06,0.0,-0.36926238553741986,-0.0327707161095372,0.0,-0.03178661220257875,0.0327707161095257,0.0,0.02938503049801028,-0.0016472049980568576,0.0,70.460857017
1508285152.3535619,1.6110450608008482,4.782974565719438e-13,0.0,-1.6574323036823846,0.0021945112849366235,0.0,0.01774310982389804,0.005136557043340967,0.0,0.26614566669815876,-0.027315101414621863,0.0,-0.36918331436278656,-1.0486629155051891e-05,0.0,-0.03186568337721202,1.0486629155048214e-05,0.0,0.02938503049801028,-0.04140957374482274,0.0,70.480857573
1508285152.3735638,1.6110450608008482,0.00011691107409498447,0.0,-1.6574051535799441,0.01022498317067228,0.0,0.017788721931414564,0.01898174514171628,0.0,0.26614566669815876,-0.0015843142714170519,0.0,-0.36918331436278656,0.0002531030933502645,0.0,-0.03186568337721202,-0.00025310309335017564,0.0,0.029487775359891433,0.001557415834551417,0.0,70.500859605
1508285152.3935611,1.6110450608008482,-0.00058312715386151,0.0,-1.6574323036823846,-0.0027094592484891698,0.0,0.01774310982389804,-0.004247300257420233,0.0,0.26614566669815876,-0.0011317155902307524,0.0,-0.36918331436278656,8.099298987208454e-08,0.0,-0.03186568337721202,-8.099298987205612e-08,0.0,0.029487775359891433,0.039169509190793005,0.0,70.520856787
1508285152.4135644,1.6110450608008482,-1.8660068923568297e-07,0.0,-1.657459453784825,-0.011621993315701316,0.0,0.017788721931414342,0.018279881297098607,0.0,0.26614566669815876,0.006761673114884311,0.0,-0.36918331436278656,2.591775675906702e-11,0.0,-0.03186568337721202,-2.5917756759057927e-11,0.0,0.02938503049801028,0.006237181491418971,0.0,70.540860122
1508285152.4335632,1.6110450608008482,-5.971222055541848e-11,0.0,-1.6574323036823846,0.010363810667104314,0.0,0.01774310982389804,-0.017469928626348157,0.0,0.2662308878530413,0.040815144032501915,0.0,-0.36918331436278656,-0.0002531064490633004,0.0,-0.03186568337721202,0.0002531064490632115,0.0,0.029487775359891433,0.050856937154104574,0.0,70.560858919
1508285152.453611,1.6110450608008482,-0.0029304646920302766,0.0,-1.6574323036823846,0.0021817149515320697,0.0,0.01774310982389804,-0.0036652947292226956,0.0,0.26614566669815876,-0.026882192423011812,0.0,-0.36918331436278656,-0.0012657641675368001,0.0,-0.03186568337721202,0.0012657641675363556,0.0,0.029487775359891433,-0.0063195062255944,0.0,70.580906721
1508285152.473565,1.6110450608008482,-9.377487014496875e-07,0.0,-1.657459453784825,-0.013542258081864196,0.0,0.017788721931414342,0.022692160027956824,0.0,0.26614566669815876,0.007087224838320877,0.0,-0.36910424318815327,0.03154386260964527,0.0,-0.03178661220257875,0.03154467269870143,0.0,0.029487775359891433,0.049212579322547516,0.0,70.600860894
1508285152.4935627,1.6110450608008482,0.0005835808114437825,0.0,-1.657459453784825,-0.008277578211296623,0.0,0.017788721931414342,0.013556896614083946,0.0,0.2662308878530413,0.02755018299860646,0.0,-0.36918331436278656,0.031695182843226935,0.0,-0.03186568337721202,-0.031674994511917146,0.0,0.02938503049801028,-0.009781414158578009,0.0,70.620858396
1508285152.5135689,1.6110450608008482,1.8674585966201018e-07,0.0,-1.6574051535799441,0.0003451875597552993,0.0,0.017788721931414564,-0.0005800260920979639,0.0,0.2662308878530413,8.816058559554058e-06,0.0,-0.36918331436278656,1.0142458509832605e-05,0.0,-0.03186568337721202,-1.0135998243813477e-05,0.0,0.029487775359891433,-0.007886205726708022,0.0,70.640864549
1508285152.5335639,1.6110450608008482,5.975867509184318e-11,0.0,-1.6574323036823846,0.010317698322058992,0.0,0.01774310982389804,-0.01733370867346528,0.0,0.26614566669815876,2.8211387390572956e-09,0.0,-0.36926238553741986,0.001265082922493618,0.0,-0.03178661220257875,-0.0012650829204258888,0.0,0.029487775359891433,0.04108370548508404,0.0,70.660859621
1508285152.553565,1.6110450608008482,0.00011709259136741562,0.0,-1.6574323036823846,0.0016484132079935775,0.0,0.01774310982389804,-0.04073242996612888,0.0,0.26614566669815876,-0.03279277287073463,0.0,-0.36918331436278656,5.095378299898427e-05,0.0,-0.03186568337721202,-5.095378299830484e-05,0.0,0.02938503049801028,-0.0013011018198257338,0.0,70.680860709
1508285152.5735693,1.6110450608008482,3.746962923757295e-08,0.0,-1.6574051535799441,0.012490243805233002,0.0,0.017788721931414564,0.013973488564123893,0.0,0.2662308878530413,-0.006546277538231023,0.0,-0.36918331436278656,1.6305210559674952e-08,0.0,-0.03186568337721202,-1.630521055945753e-08,0.0,0.02938503049801028,-0.03938587263977834,0.0,70.700865066
1508285152.5935638,1.6110450608008482,1.199028135602333e-11,0.0,-1.657459453784825,-0.010747184762,0.0,0.017788721931414342,0.01841744901934955,0.0,0.26614566669815876,-0.03407677839397647,0.0,-0.36918331436278656,5.217667379095979e-12,0.0,-0.03186568337721202,-5.2176673790264034e-12,0.0,0.02938503049801028,0.00816108008443956,0.0,70.720859629
1508285152.6135676,1.6110450608008482,3.8368900339274615e-15,0.0,-1.6574051535799441,0.012688755074519678,0.0,0.017788721931414564,0.02132874960377086,0.0,0.26614566669815876,-1.0904569086072458e-05,0.0,-0.36918331436278656,1.6696535613107113e-15,0.0,-0.03186568337721202,-1.669653561288447e-15,0.0,0.02938503049801028,0.009836084731900376,0.0,70.740863314
1508285152.633642,1.6110450608008482,-0.00011738700519148059,0.0,-1.6574323036823846,-0.010755282416196586,0.0,0.01774310982389804,-0.018068845140210954,0.0,0.26614566669815876,-0.0013565250485071652,0.0,-0.36918331436278656,5.342891396194271e-19,0.0,-0.03186568337721202,-5.342891396123025e-19,0.0,0.02938503049801028,-0.008217037196187197,0.0,70.760937773
1508285152.653564,1.6110450608008482,-3.7563841661273755e-08,0.0,-1.6574323036823846,0.0016734087074562365,0.0,0.01774310982389804,-0.0030522537363411443,0.0,0.26614566669815876,-0.005209652464214737,0.0,-0.36918331436278656,1.7097252467821647e-22,0.0,-0.03186568337721202,-1.7097252467593662e-22,0.0,0.029487775359891433,0.0003864632904530194,0.0,70.780859651
1508285152.6735654,1.6110815841529407,0.015178947230922201,0.0,-1.6574323036823846,0.0026069789282866167,0.0,0.01774310982389804,-0.004090238753021103,0.0,0.26614566669815876,0.006816519478848508,0.0,-0.36918331436278656,-0.02527070773122186,0.0,-0.03186568337721202,0.02527070773122186,0.0,0.02938503049801028,-0.008220061075048461,0.0,70.800861163
1508285152.6935651,1.6110450608008482,-0.01464221258508822,0.0,-1.6574051535799441,-0.002247595023047417,0.0,0.017788721931414564,0.003485010394204962,0.0,0.26614566669815876,0.006625020462045994,0.0,-0.36926238553741986,-8.086626473990987e-06,0.0,-0.03178661220257875,8.086626473990987e-06,0.0,0.029487775359891433,0.04113572073503638,0.0,70.820860739
