left_wam/base_yaw_joint_pos,left_wam/base_yaw_joint_vel,left_wam/base_yaw_joint_eff,left_wam/shoulder_pitch_joint_pos,left_wam/shoulder_pitch_joint_vel,left_wam/shoulder_pitch_joint_eff,left_wam/shoulder_yaw_joint_pos,left_wam/shoulder_yaw_joint_vel,left_wam/shoulder_yaw_joint_eff,left_wam/elbow_pitch_joint_pos,left_wam/elbow_pitch_joint_vel,left_wam/elbow_pitch_joint_eff,left_wam/wrist_yaw_joint_pos,left_wam/wrist_yaw_joint_vel,left_wam/wrist_yaw_joint_eff,left_wam/wrist_pitch_joint_pos,left_wam/wrist_pitch_joint_vel,left_wam/wrist_pitch_joint_eff,left_wam/palm_yaw_joint_pos,left_wam/palm_yaw_joint_vel,left_wam/palm_yaw_joint_eff,header_from_controller_start
1508285223.1344206,1.6110450608008482,2.27489339819463e-12,0.0,-1.6574323036823846,0.008762288744338114,0.0,0.01774310982389804,-0.022015611657857773,0.0,0.26614566669815876,-0.007022319380308861,0.0,-0.36926238553741986,0.03807891499692031,0.0,-0.03178661220257875,0.02543248580378954,0.0,0.02938503049801028,-0.04096788410829245,0.0,141.261716301
1508285223.1544218,1.6110450608008482,7.279658874222809e-16,0.0,-1.6574323036823846,0.00908923636180969,0.0,0.01774310982389804,-0.015330534181137001,0.0,0.2662308878530413,-0.0010980887588953143,0.0,-0.36918331436278656,0.03158110194153756,0.0,-0.03186568337721202,0.03411872755685051,0.0,0.029487775359891433,-0.0016644307533735729,0.0,141.28171758
1508285223.1744213,1.6110815841529407,0.014530712997380497,0.0,-1.6574323036823846,2.9085556357790976e-06,0.0,0.017834334038930866,-4.905770937963836e-06,0.0,0.26614566669815876,-3.513884028465002e-07,0.0,-0.3693414567120531,-0.012568998428579855,0.0,-0.031865683377212045,6.153324694532776e-05,0.0,0.029487775359891433,0.04120976125243459,0.0,141.30171692
1508285223.1944363,1.6110450608008482,4.649828159161754e-06,0.0,-1.657459453784825,-0.010923223859504992,0.0,0.017788721931414342,0.01835099009398243,0.0,0.26614566669815876,-0.02774393416631577,0.0,-0.36918331436278656,0.006270025228187819,0.0,-0.03186568337721202,0.006375261309738242,0.0,0.029487775359891433,0.04331723883325253,0.0,141.321732056
1508285223.214423,1.6110450608008482,0.00011649581629093013,0.0,-1.657459453784825,-3.4954316350415932e-06,0.0,0.017788721931414342,5.87231683007437e-06,0.0,0.26614566669815876,-0.008229987402267337,0.0,-0.3693414567120531,-0.03137819638541332,0.0,-0.031865683377212045,0.03128106062556548,0.0,0.02938503049801028,0.0013225764437261767,0.0,141.34171872
1508285223.2344248,1.6110450608008482,0.0001168647652388175,0.0,-1.657459453784825,-0.0021700970359559337,0.0,0.017788721931414342,-0.003645754099991272,0.0,0.26614566669815876,-0.033645137782270906,0.0,-0.36918331436278656,0.00024288446356210004,0.0,-0.03186568337721202,0.0002629354258056132,0.0,0.029487775359891433,0.04883857340364387,0.0,141.361720533
1508285223.2544255,1.6110450608008482,-2.3247635156355163e-05,0.0,-1.657459453784825,-0.002518336602987022,0.0,0.017788721931414342,0.002828670045732147,0.0,0.26614566669815876,-0.008186092946474282,0.0,-0.3693414567120531,-0.006827645050958169,0.0,-0.031865683377212045,-0.006321546435819861,0.0,0.029487775359891433,-0.002020762115495738,0.0,141.381721242
1508285223.2744224,1.6110450608008482,-0.002921390834235076,0.0,-1.6574323036823846,0.009052175079154403,0.0,0.017834334038930866,0.013751589238667119,0.0,0.26614566669815876,0.0013051339055824456,0.0,-0.36926238553741986,-0.037854380112001804,0.0,-0.03194475455184531,-0.025204929233663013,0.0,0.029487775359891433,0.009465433092020343,0.0,141.401718157
1508285223.2944224,1.6110815841529407,0.012210602562146799,0.0,-1.657459453784825,-0.00041246701216952864,0.0,0.017788721931414342,0.0007022105502713135,0.0,0.26614566669815876,4.176428497863821e-07,0.0,-0.3693414567120531,-0.03277561491301055,0.0,-0.031865683377212045,-0.03277156708875248,0.0,0.02938503049801028,-0.03441531031565355,0.0,141.421718091
1508285223.3144243,1.6110450608008482,-0.014608234424266927,0.0,-1.6574323036823846,1.7191638150724177e-05,0.0,0.01774310982389804,-2.8878945774042734e-05,0.0,0.2662308878530413,0.03441923874686433,0.0,-0.36926238553741986,-0.03670624490177995,0.0,-0.03194475455184531,-0.026083019119940196,0.0,0.02938503049801028,-0.03296319056959176,0.0,141.441719936
1508285223.3344262,1.6110815841529407,0.01442999828069355,0.0,-1.6574051535799441,0.023780292249352332,0.0,0.017788721931414564,0.0033142151718340914,0.0,0.26614566669815876,-0.03388771399751361,0.0,-0.36918331436278656,0.030231647595993786,0.0,-0.03186568337721202,0.03023504702824309,0.0,0.02938503049801028,0.008111834819047441,0.0,141.461721814
1508285223.354427,1.6110450608008482,-0.00011241908043071479,0.0,-1.657459453784825,-0.012589970059874648,0.0,0.017788721931414342,-0.015039395442990725,0.0,0.26614566669815876,-0.03416017983546847,0.0,-0.3693414567120531,-0.06325939353443746,0.0,-0.031865683377212045,9.67521503793342e-06,0.0,0.029487775359891433,0.007882775568112768,0.0,141.481722776
1508285223.374425,1.6110450608008482,-0.014598253177191753,0.0,-1.657459453784825,-0.010751541062655332,0.0,0.017788721931414342,0.01840129490372347,0.0,0.2662308878530413,0.008172031564220231,0.0,-0.36918331436278656,0.025257992267927333,0.0,-0.03186568337721202,-0.025278232177780663,0.0,0.029487775359891433,0.0003313298779138522,0.0,141.501720726
1508285223.3944237,1.6110450608008482,-2.8039722922535132e-05,0.0,-1.657459453784825,-0.022881905788670512,0.0,0.017788721931414342,0.0009112888410003383,0.0,0.26614566669815876,-0.0003242487930575834,0.0,-0.36918331436278656,0.03248800090199276,0.0,-0.03186568337721202,0.03247182931017013,0.0,0.029487775359891433,0.00979408713020356,0.0,141.52171935
1508285223.4144242,1.6110450608008482,-0.0005866630340799664,0.0,-1.657459453784825,-0.0005291809797388999,0.0,0.017788721931414342,0.0008770131044593951,0.0,0.26614566669815876,-0.0013689632361417734,0.0,-0.36918331436278656,-0.0015094502571632105,0.0,-0.03186568337721202,0.0010306961738559234,0.0,0.02938503049801028,-0.0013887875450489743,0.0,141.541719891
1508285223.4344275,1.6110450608008482,-1.87732170905589e-07,0.0,-1.657459453784825,-0.01077413158542434,0.0,0.017788721931414342,-0.018391819358543744,0.0,0.2662308878530413,0.04090056251576297,0.0,-0.36926238553741986,-0.0013162692854594,0.0,-0.03178661220257875,0.0012153062678656964,0.0,0.02938503049801028,-0.008210840890558376,0.0,141.561723207
1508285223.4544282,1.6110450608008482,-0.0029217316948318838,0.0,-1.657459453784825,0.0016475635775828356,0.0,0.017788721931414342,-0.0027795804383072427,0.0,0.26614566669815876,-0.0013494120922841668,0.0,-0.36926238553741986,-0.002326305927852427,0.0,-0.03178661220257875,0.00020285519706720977,0.0,0.029487775359891433,0.04773714205852531,0.0,141.581723937
1508285223.4744294,1.6110450608008482,-2.4219986023577786e-05,0.0,-1.657459453784825,-0.0018312996316760977,0.0,0.017788721931414342,0.004597916197907236,0.0,0.26614566669815876,-0.0068447291945095065,0.0,-0.36918331436278656,0.03304423334930221,0.0,-0.03186568337721202,0.030609355527287614,0.0,0.029487775359891433,0.041371364518672654,0.0,141.601725097
1508285223.494425,1.6110450608008482,-7.750395527544883e-09,0.0,-1.657459453784825,0.0013195149896037066,0.0,0.017788721931414342,-0.0036756404935695923,0.0,0.2662308878530413,0.03436356568777176,0.0,-0.36918331436278656,0.005069535983940649,0.0,-0.03186568337721202,-0.00504916683550014,0.0,0.02938503049801028,-0.03313603512010988,0.0,141.621720672
1508285223.514426,1.6110815841529407,0.014598217200605888,0.0,-1.6574323036823846,0.012501508261465,0.0,0.01774310982389804,-0.021002970975821777,0.0,0.26614566669815876,-0.03432417291640968,0.0,-0.36926238553741986,-0.031602765507782175,0.0,-0.03194475455184531,-0.0316060034926844,0.0,0.029487775359891433,0.00794078499691668,0.0,141.64172162
1508285223.534426,1.6110450608008482,-0.000580302477034742,0.0,-1.657459453784825,-0.01955092959413493,0.0,0.017788721931414342,0.0036420771420344845,0.0,0.26614566669815876,-6.550972644691059e-05,0.0,-0.36918331436278656,0.006315285499571985,0.0,-0.03186568337721202,0.006315284463416816,0.0,0.02938503049801028,0.00618155492224353,0.0,141.661721746
1508285223.554426,1.6110450608008482,-0.0005840448364777728,0.0,-1.6574323036823846,1.1114814743095686e-05,0.0,0.01774310982389804,0.0014886512835315295,0.0,0.26614566669815876,-0.0013623589557122636,0.0,-0.36918331436278656,-0.006324131594074384,0.0,-0.03186568337721202,0.006328173376464762,0.0,0.02938503049801028,-0.04025571529630458,0.0,141.681721652
1508285223.5744264,1.6110450608008482,-1.8689434767288712e-07,0.0,-1.657459453784825,-1.737376831664027e-05,0.0,0.017788721931414342,2.967023317052862e-05,0.0,0.26614566669815876,-0.03381048224921421,0.0,-0.36918331436278656,-2.0237221101038007e-06,0.0,-0.03186568337721202,2.0250154804687213e-06,0.0,0.02938503049801028,-0.03946114615021631,0.0,141.701722125
1508285223.5944262,1.6110450608008482,-2.3346083555667522e-05,0.0,-1.657459453784825,-0.0004344904844333308,0.0,0.017788721931414342,-0.0007299241457017962,0.0,0.26614566669815876,-0.001647119311706877,0.0,-0.36918331436278656,0.018980719650920484,0.0,-0.03186568337721202,0.031634534478847925,0.0,0.029487775359891433,-0.0016568605374801758,0.0,141.721721966
1508285223.6144269,1.6110450608008482,0.0005842692082516272,0.0,-1.657459453784825,0.0004341905297348486,0.0,0.017788721931414342,-0.0007299062145978707,0.0,0.26614566669815876,-0.0065998255200693965,0.0,-0.36918331436278656,0.0015224301906180883,0.0,-0.03186568337721202,0.0010236244760601892,0.0,0.029487775359891433,0.032958695780078415,0.0,141.741722482
1508285223.634427,1.6110450608008482,0.0005843940137924852,0.0,-1.657459453784825,-0.012586650542511298,0.0,0.017788721931414342,0.02114554282125178,0.0,0.26614566669815876,-0.0010371340525541994,0.0,-0.36918331436278656,0.006273039240515721,0.0,-0.03186568337721202,0.006272879622687062,0.0,0.02938503049801028,-0.041114891381976534,0.0,141.761722738
1508285223.6544273,1.6110450608008482,-0.0030404493789413806,0.0,-1.6574323036823846,0.01031437150505236,0.0,0.01774310982389804,-0.01732811959307558,0.0,0.26614566669815876,-0.04084677106988699,0.0,-0.36918331436278656,0.06957084028064658,0.0,-0.03186568337721202,0.005826142307897852,0.0,0.029487775359891433,5.262039633831812e-05,0.0,141.781723027
1508285223.6744277,1.6110815841529407,0.011570491550623872,0.0,-1.657459453784825,3.3005988816167517e-06,0.0,0.017788721931414342,-5.54499826978418e-06,0.0,0.26614566669815876,0.007895765401692588,0.0,-0.36918331436278656,7.287792301915914e-05,0.0,-0.03186568337721202,5.2479619667879574e-05,0.0,0.02938503049801028,-6.575248030165597e-05,0.0,141.801723532
1508285223.6944277,1.6110450608008482,3.7025572961996347e-06,0.0,-1.657459453784825,-0.009575536910185813,0.0,0.017788721931414342,0.01462753395341937,0.0,0.26614566669815876,-0.034088406193256746,0.0,-0.36926238553741986,0.00025210772496320313,0.0,-0.03178661220257875,0.0002521011975061307,0.0,0.02938503049801028,-0.0012501107995041027,0.0,141.821723411
1508285223.7144284,1.6110450608008482,2.3366682133855656e-05,0.0,-1.6574323036823846,0.010411454044360153,0.0,0.01774310982389804,-0.017491685018617222,0.0,0.2662308878530413,0.026135931892034787,0.0,-0.3693414567120531,-0.06308780033728037,0.0,-0.031865683377212045,-0.00030491539001910225,0.0,0.02938503049801028,0.006575943034091848,0.0,141.841724095
1508285223.7344282,1.6110450608008482,-0.0006077071315190686,0.0,-1.657459453784825,-0.01050977449082564,0.0,0.017788721931414342,-0.018835934954964793,0.0,0.26614566669815876,-0.04057096604007577,0.0,-0.3693414567120531,-0.03286543907441052,0.0,-0.031865683377212045,-0.030315189197436223,0.0,0.029487775359891433,0.047741191649535185,0.0,141.861723864
1508285223.7544286,1.6110450608008482,-1.9446628208610175e-07,0.0,-1.657459453784825,6.614202802762816e-05,0.0,0.017788721931414342,0.0001691078517242585,0.0,0.26614566669815876,-0.00034020365282409537,0.0,-0.36926238553741986,-0.039210058713562326,0.0,-0.03194475455184531,-0.026578019818117193,0.0,0.02938503049801028,0.0002783074094826989,0.0,141.881724253
1508285223.7744286,1.6110815841529407,0.011644768289587333,0.0,-1.657459453784825,0.0030407956007919177,0.0,0.017788721931414342,-0.00365048460947302,0.0,0.26614566669815876,0.005240048243037,0.0,-0.36926238553741986,-0.03155128632207616,0.0,-0.03194475455184531,-0.0340746918928185,0.0,0.02938503049801028,-0.03940492631600722,0.0,141.901724391
1508285223.794428,1.6110450608008482,0.002924413490292779,0.0,-1.657459453784825,-0.000937598893773945,0.0,0.017788721931414342,0.00011558912132570946,0.0,0.26614566669815876,-0.008177222432702625,0.0,-0.36918331436278656,0.04047486766641681,0.0,-0.03186568337721202,-0.025318529168451794,0.0,0.02938503049801028,-0.041441910050288855,0.0,141.921723955
1508285223.8144295,1.6110450608008482,-0.0001159195234827793,0.0,-1.6574323036823846,-0.00043499227362715846,0.0,0.01774310982389804,-0.03579684957626646,0.0,0.26614566669815876,0.007083358692242314,0.0,-0.36918331436278656,0.031673910816758105,0.0,-0.03186568337721202,0.03165285692977095,0.0,0.02938503049801028,0.0016317561153689532,0.0,141.941725139
1508285223.834429,1.6110450608008482,2.33339729124201e-05,0.0,-1.6574323036823846,0.008592068326612847,0.0,0.01774310982389804,-0.014679908030071374,0.0,0.26614566669815876,2.266674781517538e-06,0.0,-0.36926238553741986,0.02995741446530816,0.0,-0.03178661220257875,0.032488170434553584,0.0,0.02938503049801028,-0.0019725181984872444,0.0,141.961724841
1508285223.8544297,1.6110450608008482,-0.0006064560138921539,0.0,-1.657459453784825,0.0021915096007300936,0.0,0.017788721931414342,-0.0036234425429260042,0.0,0.26614566669815876,-0.0016332496912440514,0.0,-0.36918331436278656,0.03318371735863976,0.0,-0.03186568337721202,0.033083344948999845,0.0,0.029487775359891433,-0.008152139053493365,0.0,141.98172548
1508285223.8744297,1.6110450608008482,0.0028953940430096014,0.0,-1.6574323036823846,1.806618688223118e-05,0.0,0.017834334038930866,0.03644895149691076,0.0,0.26614566669815876,0.006755849614284111,0.0,-0.36926238553741986,-0.024024986021270907,0.0,-0.03194475455184531,-0.02402501814044199,0.0,0.029487775359891433,0.04101790591453306,0.0,142.001725518
1508285223.89443,1.6110450608008482,-0.002920805108663826,0.0,-1.657459453784825,0.0005246778029284785,0.0,0.017788721931414342,-0.0008697840839876136,0.0,0.26614566669815876,2.161871876570913e-06,0.0,-0.36918331436278656,-0.006281971372670207,0.0,-0.03186568337721202,-0.006281971382948341,0.0,0.02938503049801028,-0.04112483789592242,0.0,142.021725616
1508285223.9144342,1.6110450608008482,0.0028867192872263745,0.0,-1.657459453784825,-0.002667685054681528,0.0,0.017788721931414342,0.0044817082815511965,0.0,0.26614566669815876,-0.005374221199355449,0.0,-0.36918331436278656,-0.006203022953446286,0.0,-0.03186568337721202,-0.006203022953449575,0.0,0.029487775359891433,0.009754216965992137,0.0,142.041729876
1508285223.9344313,1.6110815841529407,0.014576569970427278,0.0,-1.657459453784825,-0.009117961422336736,0.0,0.017788721931414342,0.021090241909878654,0.0,0.26614566669815876,-0.03538025660998617,0.0,-0.36918331436278656,4.886065924285713e-05,0.0,-0.03186568337721202,4.886065924285608e-05,0.0,0.02938503049801028,0.007825647833935887,0.0,142.061727075
1508285223.9544306,1.6110450608008482,-0.015375286757546468,0.0,-1.6574323036823846,0.010836568806781105,0.0,0.017834334038930866,0.01117367325219602,0.0,0.26614566669815876,-0.0339261355732151,0.0,-0.36918331436278656,-5.0611691527966245e-05,0.0,-0.03186568337721202,-5.0611691527966245e-05,0.0,0.02938503049801028,-0.03962642752449571,0.0,142.081726326
1508285223.974431,1.6110450608008482,-4.920091762414864e-06,0.0,-1.6574323036823846,-0.0021681801314311668,0.0,0.01774310982389804,-0.003644787618933289,0.0,0.26614566669815876,0.001351643908905782,0.0,-0.3693414567120531,-0.05724281030802054,0.0,-0.031865683377212045,-0.00607158438849561,0.0,0.029487775359891433,0.03250976189272147,0.0,142.101726868
1508285223.9944315,1.6110450608008482,-2.337542750742467e-05,0.0,-1.6574323036823846,0.010754608877415174,0.0,0.017834334038930866,0.01841793165286457,0.0,0.2662308878530413,0.034359931553820625,0.0,-0.36926238553741986,-0.03671938753776284,0.0,-0.03194475455184531,-0.03670301274546859,0.0,0.02938503049801028,-0.006648593084876563,0.0,142.121727227
1508285224.0144315,1.6110450608008482,0.00011701523021880233,0.0,-1.657459453784825,-0.010754318129816523,0.0,0.017788721931414342,0.018078904283777113,0.0,0.26614566669815876,-0.03435705538596493,0.0,-0.36918331436278656,-0.0012259311926944056,0.0,-0.03186568337721202,-0.0012259259527608714,0.0,0.02938503049801028,-0.04117369761937941,0.0,142.141727295
1508285224.0344315,1.6110450608008482,3.744487367001671e-08,0.0,-1.6574323036823846,0.01251142469803468,0.0,0.01774310982389804,-0.021019159994835567,0.0,0.26614566669815876,-0.03253253894614289,0.0,-0.36918331436278656,0.06201883748297271,0.0,-0.03186568337721202,0.0012645365963841993,0.0,0.029487775359891433,0.041102453293811424,0.0,142.161727222
1508285224.0544322,1.6110450608008482,1.1982359574405334e-11,0.0,-1.657459453784825,0.00047322666523539714,0.0,0.017788721931414342,-0.0007366597713710627,0.0,0.26614566669815876,0.006797225455807634,0.0,-0.36926238553741986,-0.00018258481010574124,0.0,-0.03178661220257875,0.0003040056843732195,0.0,0.029487775359891433,0.04733874228128252,0.0,142.181727863
1508285224.0744324,1.6110450608008482,2.3368281909668133e-05,0.0,-1.6574323036823846,0.009117086658407537,0.0,0.01774310982389804,-0.013916903355750758,0.0,0.26614566669815876,0.001364350863708074,0.0,-0.36926238553741986,-0.006024142749613562,0.0,-0.03178661220257875,-0.006125169292210732,0.0,0.02938503049801028,0.006923747752866219,0.0,142.201727994
1508285224.094433,1.6110450608008482,7.477850211093795e-09,0.0,-1.657459453784825,-0.001648062864108486,0.0,0.017788721931414342,0.0027691896211226616,0.0,0.2662308878530413,0.03423919390986987,0.0,-0.36918331436278656,-0.0002545822527497951,0.0,-0.03186568337721202,-0.002279766521278708,0.0,0.029487775359891433,0.04982984371444793,0.0,142.221728714
1508285224.1144328,1.6110450608008482,-0.0029231254220532916,0.0,-1.657459453784825,-0.008582762511130024,0.0,0.017788721931414342,0.014419020745665659,0.0,0.26614566669815876,-0.04089653852053072,0.0,-0.36926238553741986,-0.03765156706197682,0.0,-0.03194475455184531,-0.024995383386213977,0.0,0.029487775359891433,0.007976372190342244,0.0,142.241728489
1508285224.134433,1.6110450608008482,-0.0005871685186230124,0.0,-1.6574323036823846,0.008703807026063493,0.0,0.01774310982389804,-0.01456400128832426,0.0,0.26614566669815876,0.0002595430632417277,0.0,-0.36918331436278656,-0.012661337428239595,0.0,-0.03186568337721202,-7.998522685808544e-06,0.0,0.029487775359891433,0.04925595557751471,0.0,142.261728845
1508285224.1544333,1.6110450608008482,0.0005841584330255583,0.0,-1.657459453784825,-0.011314090909234853,0.0,0.017788721931414342,0.01900766449357693,0.0,0.26614566669815876,-0.006722398678347467,0.0,-0.3693414567120531,-0.033216010924283376,0.0,-0.031865683377212045,-0.030681802502042683,0.0,0.02938503049801028,0.009764403359924857,0.0,142.281729064
1508285224.1744366,1.6110450608008482,2.3555212604401956e-05,0.0,-1.657459453784825,0.0020807973507979065,0.0,0.017788721931414342,0.003798383647927743,0.0,0.26614566669815876,-0.0002735198457708534,0.0,-0.36918331436278656,-0.007294661345680765,0.0,-0.03186568337721202,-0.007293850398986323,0.0,0.02938503049801028,-0.032843349026484954,0.0,142.301732187
1508285224.1944413,1.6110450608008482,-0.0029224208257493285,0.0,-1.657459453784825,-0.00043376727128169643,0.0,0.017788721931414342,0.0007310621017623005,0.0,0.26614566669815876,-0.00681908704099708,0.0,-0.36926238553741986,-0.025042106253464765,0.0,-0.03178661220257875,0.03819680122550001,0.0,0.029487775359891433,-0.00033896484192456975,0.0,142.321737075
1508285224.2144341,1.6110450608008482,2.2455407880416207e-05,0.0,-1.657459453784825,-0.001814696934989898,0.0,0.017788721931414342,-0.004216001742584711,0.0,0.26614566669815876,0.008363287720142654,0.0,-0.36918331436278656,0.03826963973506238,0.0,-0.03186568337721202,0.03828987618545565,0.0,0.02938503049801028,-6.590916981281767e-05,0.0,142.34172986
1508285224.2344427,1.6110450608008482,7.185730521733179e-09,0.0,-1.657459453784825,0.0026795139703666075,0.0,0.017788721931414342,-0.004562275607641698,0.0,0.2662308878530413,0.03269147785437694,0.0,-0.36918331436278656,0.0010375371414003576,0.0,-0.03186568337721202,0.001037543617065381,0.0,0.02938503049801028,-0.006557178869995348,0.0,142.361738472
1508285224.2544346,1.6110450608008482,2.2994337669546146e-12,0.0,-1.6574323036823846,0.011204153606401417,0.0,0.01774310982389804,-0.01882297083023577,0.0,0.2662308878530413,0.028688999795015557,0.0,-0.36918331436278656,3.320118852481141e-07,0.0,-0.03186568337721202,3.3201395746092153e-07,0.0,0.02938503049801028,0.006638369048713945,0.0,142.381730419
1508285224.274435,1.6110450608008482,0.0035186221589799554,0.0,-1.657459453784825,-0.0021789883798349237,0.0,0.017788721931414342,0.0036606952886070582,0.0,0.26614566669815876,6.370647104806446e-05,0.0,-0.36926238553741986,0.03766316793587933,0.0,-0.03178661220257875,0.037663167935906655,0.0,0.02938503049801028,-0.008654044487864762,0.0,142.401730803
1508285224.2944436,1.6110450608008482,-0.0006067307807525332,0.0,-1.6574323036823846,0.010961605333286072,0.0,0.01774310982389804,-0.018415470884845554,0.0,0.2662308878530413,0.006806035967332147,0.0,-0.3693414567120531,-0.03787543276515916,0.0,-0.031865683377212045,0.027396826155565907,0.0,0.02938503049801028,-0.0020408123447290495,0.0,142.421739297
1508285224.3144357,1.6110815841529407,0.013655459496903853,0.0,-1.657459453784825,-0.018509474362921254,0.0,0.017788721931414342,-0.004530020024463551,0.0,0.26614566669815876,2.1779315095462844e-06,0.0,-0.36918331436278656,0.004844923080636916,0.0,-0.03186568337721202,0.004764640008929428,0.0,0.02938503049801028,-0.03841575375199724,0.0,142.441731369
1508285224.3344357,1.6110450608008482,-0.002310218010314464,0.0,-1.657459453784825,-0.0025083775971827716,0.0,0.017788721931414342,0.004202668110691775,0.0,0.2662308878530413,6.969380830548102e-10,0.0,-0.3693414567120531,0.006075411042137293,0.0,-0.031865683377212045,0.006075385351554346,0.0,0.029487775359891433,-0.0015900416017678872,0.0,142.461731545
1508285224.3544393,1.6110450608008482,0.0035043638861880504,0.0,-1.6574323036823846,8.607358724681273e-05,0.0,0.017834334038930866,0.03633902487373383,0.0,0.26614566669815876,-0.034137371282634256,0.0,-0.36926238553741986,0.0063250812916692935,0.0,-0.03194475455184531,0.006325081283448307,0.0,0.02938503049801028,-0.0069672917036092226,0.0,142.481734914
1508285224.374449,1.6110815841529407,0.014623724119257936,0.0,-1.657459453784825,-0.0022417344482470723,0.0,0.017788721931414342,-0.0035206828884159435,0.0,0.26614566669815876,-0.03271251805018463,0.0,-0.3693414567120531,-0.05703675281398744,0.0,-0.031865683377212045,0.006277609491023404,0.0,0.029487775359891433,0.006969098826363617,0.0,142.501744839
1508285224.3944364,1.6110450608008482,-0.0001120922362188618,0.0,-1.657459453784825,-0.014796823517680333,0.0,0.017788721931414342,-0.018945846206161496,0.0,0.2662308878530413,-1.0468005776059068e-05,0.0,-0.36918331436278656,0.03211435013840688,0.0,-0.03186568337721202,-0.03162498308762406,0.0,0.02938503049801028,-0.03154038880394794,0.0,142.52173217
1508285224.4144363,1.6110815841529407,0.015195826040068994,0.0,-1.6574323036823846,0.008595947209798583,0.0,0.01774310982389804,-0.014455188296573685,0.0,0.2662308878530413,0.03409499422347032,0.0,-0.3693414567120531,1.0276592044290191e-05,0.0,-0.031865683377212045,0.000493271605533866,0.0,0.02938503049801028,-0.034592889082469075,0.0,142.541732093
1508285224.4344373,1.6110450608008482,4.862664332822072e-06,0.0,-1.657459453784825,-0.010735426164016964,0.0,0.017788721931414342,0.018327738155865442,0.0,0.26614566669815876,-0.0013524018528458584,0.0,-0.36926238553741986,0.00020213838907040242,0.0,-0.03178661220257875,0.00020229294747486099,0.0,0.029487775359891433,5.543706076181551e-05,0.0,142.561733035
1508285224.4544368,1.6110450608008482,0.0023317553068353874,0.0,-1.657459453784825,-3.435336372485425e-06,0.0,0.017788721931414342,5.864876209876934e-06,0.0,0.26614566669815876,-0.035874659588118175,0.0,-0.36918331436278656,0.025505448497689855,0.0,-0.03186568337721202,-0.038132033427743725,0.0,0.029487775359891433,0.04318392795439147,0.0,142.581732531
1508285224.4744372,1.6110815841529407,0.014621604360207744,0.0,-1.657459453784825,-8.7137040592383e-05,0.0,0.017788721931414342,-0.00014638629732281598,0.0,0.26614566669815876,-0.04093121175297879,0.0,-0.36926238553741986,0.005359746069577802,0.0,-0.03194475455184531,-0.05553633652304396,0.0,0.02938503049801028,0.00821737740861848,0.0,142.60173286
1508285224.494437,1.6110450608008482,-0.00011212073723128298,0.0,-1.6574323036823846,0.011173572963381456,0.0,0.01774310982389804,-0.017603880421412407,0.0,0.26614566669815876,-0.006885291786796828,0.0,-0.36926238553741986,-0.0002002862010309451,0.0,-0.03194475455184531,-0.00021977294746058405,0.0,0.029487775359891433,-0.007888002946505065,0.0,142.621732728
1508285224.5144374,1.6110450608008482,2.3337974442146687e-05,0.0,-1.657459453784825,-0.01046733257880658,0.0,0.017788721931414342,-0.017596733979216697,0.0,0.26614566669815876,-0.0013103268935005133,0.0,-0.36926238553741986,0.006305790578388632,0.0,-0.03178661220257875,0.006305784342634199,0.0,0.02938503049801028,-0.049859174065274486,0.0,142.641733228
1508285224.5344377,1.6110450608008482,-0.014002500859195341,0.0,-1.6574323036823846,-3.3495464252181025e-06,0.0,0.01774310982389804,0.007287618318589429,0.0,0.26614566669815876,0.001362730473235568,0.0,-0.36918331436278656,0.0050075947509116295,0.0,-0.03186568337721202,0.004604234556840565,0.0,0.02938503049801028,-0.04144556848477526,0.0,142.661733381
1508285224.5544379,1.6110450608008482,1.890141454402377e-05,0.0,-1.6574323036823846,0.010403344441336131,0.0,0.01774310982389804,-0.018934261160542407,0.0,0.26614566669815876,4.3607375143538125e-07,0.0,-0.36918331436278656,0.0325256835455228,0.0,-0.03186568337721202,-0.03312976159751721,0.0,0.02938503049801028,-0.0003419524144824606,0.0,142.681733542
1508285224.5744388,1.6110450608008482,0.0006072390412158365,0.0,-1.657459453784825,0.004434621802413086,0.0,0.017788721931414342,-0.0013191365078502654,0.0,0.26614566669815876,-0.034392440108262604,0.0,-0.36926238553741986,-0.024258568456573017,0.0,-0.03194475455184531,-0.026304117067625508,0.0,0.02938503049801028,-0.04968570324421579,0.0,142.701734513
1508285224.5944383,1.6110450608008482,-0.0006074478598206968,0.0,-1.6574323036823846,-0.008721981534206823,0.0,0.01774310982389804,-0.023646826449696342,0.0,0.26614566669815876,0.0014068261638989876,0.0,-0.36918331436278656,-7.762741906103358e-06,0.0,-0.03186568337721202,-8.417317461640154e-06,0.0,0.02938503049801028,0.00827001545136794,0.0,142.721733964
1508285224.614439,1.6110450608008482,-1.9438331514262278e-07,0.0,-1.6574051535799441,0.012125004628111759,0.0,0.017788721931414564,-0.021848571001123376,0.0,0.2662308878530413,0.03412159297641656,0.0,-0.36926238553741986,-0.031861231630504326,0.0,-0.03194475455184531,-0.03186123183996851,0.0,0.029487775359891433,0.041074191333948615,0.0,142.741734685
1508285224.6344402,1.6110815841529407,0.0175646151175694,0.0,-1.657459453784825,0.0012700508063988839,0.0,0.017788721931414342,0.0036096987820933746,0.0,0.26614566669815876,-0.007070571496361727,0.0,-0.36926238553741986,-0.007371079216586443,0.0,-0.03178661220257875,-0.007371079216658814,0.0,0.029487775359891433,0.006613330977416916,0.0,142.761735995
1508285224.654442,1.6110450608008482,5.6206768376222016e-06,0.0,-1.657459453784825,-1.697505316493345e-05,0.0,0.017788721931414342,3.0355930894456632e-05,0.0,0.26614566669815876,-0.025736987932901058,0.0,-0.3693414567120531,-0.0490225988655966,0.0,-0.031865683377212045,0.0012627209315487383,0.0,0.02938503049801028,0.008203723215694169,0.0,142.781737837
1508285224.6744397,1.6110450608008482,1.7986165880391026e-09,0.0,-1.657459453784825,8.617229210567815e-05,0.0,0.017788721931414342,-0.00014476865763172835,0.0,0.26614566669815876,4.624470582797759e-05,0.0,-0.36926238553741986,-0.031608060881048956,0.0,-0.03178661220257875,0.03159277772009898,0.0,0.02938503049801028,0.007875181802786036,0.0,142.801735402
1508285224.6944458,1.6110450608008482,5.755573081725122e-13,0.0,-1.657459453784825,-0.013008340407825985,0.0,0.017788721931414342,0.0221458499971074,0.0,0.26614566669815876,0.0016308094956993455,0.0,-0.3693414567120531,-0.001270237283063566,0.0,-0.031865683377212045,-0.0012500130147120835,0.0,0.029487775359891433,0.007826737305231344,0.0,142.821741544
1508285224.71444,1.6110450608008482,-0.011877825624899079,0.0,-1.657459453784825,0.0026999613304559394,0.0,0.017788721931414342,-0.004535835214496124,0.0,0.26614566669815876,0.0014126182777046425,0.0,-0.3693414567120531,-0.06420718590743661,0.0,-0.031865683377212045,-5.0769028426428035e-05,0.0,0.02938503049801028,0.0013117243596924408,0.0,142.841735805
1508285224.7345076,1.6110450608008482,-3.8009041999677012e-06,0.0,-1.6574051535799441,0.013031044406954967,0.0,0.017788721931414564,0.014589884239834768,0.0,0.2662308878530413,0.034190559611125784,0.0,-0.3693414567120531,0.00018313811552587766,0.0,-0.031865683377212045,0.0003046338334255327,0.0,0.029487775359891433,0.047738495374116056,0.0,142.861803191
1508285224.7544458,1.6110450608008482,-1.2162893439896632e-09,0.0,-1.6574323036823846,0.010088842247725152,0.0,0.01774310982389804,-0.018403541753880107,0.0,0.26614566669815876,-0.027953766276890654,0.0,-0.36926238553741986,-5.053855151013297e-05,0.0,-0.03178661220257875,5.0694638533832945e-05,0.0,0.029487775359891433,-0.006544974622564352,0.0,142.881741468
1508285224.7744439,1.6110450608008482,-3.8921259007669173e-13,0.0,-1.6574323036823846,0.010709638440193939,0.0,0.01774310982389804,-0.01652699843008438,0.0,0.26614566669815876,-0.006818202132145101,0.0,-0.3693414567120531,-0.03143398112277759,0.0,-0.031865683377212045,-0.031939799700989625,0.0,0.029487775359891433,0.04117176190250445,0.0,142.901739504
1508285224.7944412,1.6110450608008482,-0.0029224283634174866,0.0,-1.657459453784825,-0.013106638882135556,0.0,0.017788721931414342,0.021960420251079766,0.0,0.26614566669815876,-2.1818246822864297e-06,0.0,-0.36926238553741986,0.0013016510689025324,0.0,-0.03178661220257875,0.0013014892069584255,0.0,0.029487775359891433,0.03141254442016235,0.0,142.92173683
1508285224.8144414,1.6110450608008482,0.00011539328369248384,0.0,-1.657459453784825,-0.0003518424656692516,0.0,0.017788721931414342,0.0008816288028822649,0.0,0.26614566669815876,-0.0350210685584247,0.0,-0.36926238553741986,-0.0002007891874011406,0.0,-0.03178661220257875,0.06468548055642888,0.0,0.029487775359891433,0.00683789821320082,0.0,142.941737273
1508285224.834445,1.6110450608008482,3.692585078159479e-08,0.0,-1.6574323036823846,0.010554041233547319,0.0,0.01774310982389804,-0.019202825443766964,0.0,0.26614566669815876,-0.007925415044162823,0.0,-0.36918331436278656,-0.005499893190215194,0.0,-0.03186568337721202,0.00756643861166257,0.0,0.029487775359891433,0.008214540393604045,0.0,142.961740755
1508285224.854525,1.6110450608008482,0.003004462709043707,0.0,-1.6574323036823846,0.008719558426792012,0.0,0.01774310982389804,-0.014364135378761442,0.0,0.26614566669815876,-0.007067222828656323,0.0,-0.36926238553741986,0.014270977686357532,0.0,-0.03178661220257875,-0.0007669389195687918,0.0,0.029487775359891433,0.008389132741485074,0.0,142.981820813
1508285224.8744457,1.6110450608008482,9.61428066893985e-07,0.0,-1.657459453784825,0.0017332466069185546,0.0,0.017788721931414342,-0.0029117590719860958,0.0,0.26614566669815876,-0.033959793536963705,0.0,-0.36918331436278656,0.012848314633485802,0.0,-0.03186568337721202,0.00025274035808363175,0.0,0.02938503049801028,-0.002020970117762184,0.0,143.001741504
1508285224.8944507,1.6110450608008482,-0.002939249804344627,0.0,-1.657459453784825,-0.002288535412030121,0.0,0.017788721931414342,0.0038447340774774206,0.0,0.26614566669815876,-0.03386311499072712,0.0,-0.3693414567120531,-0.031860793207297844,0.0,-0.03170754102794546,0.03135901398784616,0.0,0.02938503049801028,-6.60960788542118e-05,0.0,143.021746365
1508285224.9144428,1.6110450608008482,2.2427721968443495e-05,0.0,-1.657459453784825,-0.013138832372074605,0.0,0.017788721931414342,0.014728331977764398,0.0,0.26614566669815876,-0.03265589435446289,0.0,-0.36918331436278656,0.005102905870536418,0.0,-0.03186568337721202,-0.007609621331138119,0.0,0.029487775359891433,-2.1150745233347753e-08,0.0,143.041738402
1508285224.9344463,1.6110450608008482,7.176871029901911e-09,0.0,-1.657459453784825,-0.010870214280032693,0.0,0.017788721931414342,0.016795001610012638,0.0,0.26614566669815876,-0.03439057016878462,0.0,-0.36926238553741986,5.223008558567291e-05,0.0,-0.03178661220257875,0.05110337401090004,0.0,0.02938503049801028,-0.007884287759705113,0.0,143.061742093
1508285224.9544442,1.6110450608008482,2.2965987295686088e-12,0.0,-1.657459453784825,0.0020611317652397916,0.0,0.017788721931414342,0.003824006408122231,0.0,0.26614566669815876,-0.02555460989950346,0.0,-0.3693414567120531,-0.030320050376800817,0.0,-0.031865683377212045,-0.030303714010765998,0.0,0.029487775359891433,-2.5229720831056338e-06,0.0,143.081739883
1508285224.9744442,1.6110450608008482,-0.017604594576364745,0.0,-1.6574323036823846,0.00045289096424093526,0.0,0.01774310982389804,-0.03715972176284549,0.0,0.26614566669815876,-0.028523997660277814,0.0,-0.36926238553741986,-0.0053045337105998075,0.0,-0.03178661220257875,-0.007837405191694334,0.0,0.02938503049801028,-0.040737053158054856,0.0,143.101739915
1508285224.994444,1.6110450608008482,-5.633470264436713e-06,0.0,-1.6574323036823846,0.008695804686375553,0.0,0.01774310982389804,-0.014620578824966392,0.0,0.2662308878530413,0.028651336131202975,0.0,-0.36918331436278656,0.025576126131248933,0.0,-0.03186568337721202,-0.02507466134754002,0.0,0.02938503049801028,-0.030945132538446846,0.0,143.121739533
1508285225.0144436,1.6110450608008482,-1.8027104846197462e-09,0.0,-1.6574323036823846,0.011187766706440172,0.0,0.017834334038930866,0.01766647738090812,0.0,0.26614566669815876,6.369441867564442e-05,0.0,-0.36918331436278656,0.03151138986810792,0.0,-0.03186568337721202,0.03159636386766581,0.0,0.029487775359891433,0.039730029135340926,0.0,143.141739434
1508285225.034445,1.6110450608008482,-2.3379427484206234e-05,0.0,-1.6574323036823846,0.010438060044760845,0.0,0.01774310982389804,-0.01752424823788501,0.0,0.2662308878530413,0.03247934695684269,0.0,-0.36926238553741986,-0.0012036272161431714,0.0,-0.03178661220257875,0.0012238216973390805,0.0,0.029487775359891433,0.03950019637599768,0.0,143.161740888
1508285225.0544467,1.6110450608008482,-7.481416794945986e-09,0.0,-1.6574323036823846,-0.000413425783196711,0.0,0.01774310982389804,-0.03577168830128754,0.0,0.26614566669815876,1.0393391026189647e-05,0.0,-0.36918331436278656,0.038129335584258246,0.0,-0.03186568337721202,0.028121118424238083,0.0,0.02938503049801028,-0.0411245880379922,0.0,143.181742449
1508285225.0744464,1.6110450608008482,-2.394053374382713e-12,0.0,-1.6574323036823846,0.010415601453624948,0.0,0.017834334038930866,0.01918317717365499,0.0,0.26614566669815876,-0.03400579339747059,0.0,-0.36926238553741986,-0.00024075424149092896,0.0,-0.03178661220257875,0.00026195438677355893,0.0,0.02938503049801028,0.000315529964395175,0.0,143.201742133
1508285225.0944476,1.6110450608008482,-7.660970798024675e-16,0.0,-1.657459453784825,0.00033166214733192437,0.0,0.017788721931414342,-0.000837427038532728,0.0,0.2662308878530413,0.03403372033685544,0.0,-0.36918331436278656,0.00025299922928948427,0.0,-0.03186568337721202,-0.00025299244524290494,0.0,0.029487775359891433,0.04935953010694971,0.0,143.221743361
1508285225.1144555,1.6110450608008482,-2.4515106553678935e-19,0.0,-1.6574323036823846,-0.00813019657546032,0.0,0.01774310982389804,-0.013950956681657935,0.0,0.26614566669815876,-0.03363959548229566,0.0,-0.36918331436278656,0.0060823712144964254,0.0,-0.03186568337721202,0.006588060269971439,0.0,0.029487775359891433,-0.001685671628686391,0.0,143.241751281
1508285225.1344485,1.6110450608008482,-0.0027811732172936345,0.0,-1.6574323036823846,0.0025165512181497523,0.0,0.01774310982389804,0.0030600912348928483,0.0,0.26614566669815876,0.0068057965844325104,0.0,-0.36918331436278656,0.03310449653437019,0.0,-0.03186568337721202,0.03310465835486794,0.0,0.029487775359891433,0.03315055898915722,0.0,143.261744146
1508285225.1544445,1.6110450608008482,-8.899754295339621e-07,0.0,-1.6574323036823846,0.010725186239972683,0.0,0.017834334038930866,0.018075996753442753,0.0,0.26614566669815876,-0.035567282380162504,0.0,-0.36926238553741986,-0.004789601356890755,0.0,-0.03194475455184531,-0.004789601305108196,0.0,0.029487775359891433,0.0019152947875990425,0.0,143.28174026
1508285225.1744468,1.6110450608008482,-0.0005860231582884055,0.0,-1.657459453784825,0.002169915451111647,0.0,0.017788721931414342,0.0036454712631701137,0.0,0.26614566669815876,-1.138153036165199e-05,0.0,-0.36926238553741986,0.03326879674084926,0.0,-0.03178661220257875,0.03276276487012545,0.0,0.02938503049801028,-0.039670614696956194,0.0,143.301742658
1508285225.1944463,1.6110450608008482,0.0001166678083890207,0.0,-1.657459453784825,0.0005219934127162809,0.0,0.017788721931414342,-0.0008746145959649983,0.0,0.26614566669815876,-0.0014179920593751115,0.0,-0.3693414567120531,-0.0014571414015092962,0.0,-0.031865683377212045,0.0010731576624669606,0.0,0.02938503049801028,-0.002050987672036807,0.0,143.321742027
1508285225.2144465,1.6110450608008482,-0.0004655248838101394,0.0,-1.6574323036823846,-0.011349741227183232,0.0,0.01774310982389804,-0.01877695842614741,0.0,0.26614566669815876,-0.006828408500694391,0.0,-0.36926238553741986,-0.03290441548942689,0.0,-0.03194475455184531,-0.030383061105549253,0.0,0.02938503049801028,0.001571215720983802,0.0,143.341742186
1508285225.2344456,1.6110450608008482,0.0005883361865145256,0.0,-1.657459453784825,-0.010413493978852446,0.0,0.017788721931414342,-0.018964408896102174,0.0,0.2662308878530413,0.02728682012278792,0.0,-0.36918331436278656,0.039227973726923035,0.0,-0.03186568337721202,-0.024055378113318027,0.0,0.02938503049801028,-0.03322943165095429,0.0,143.361741298
1508285225.2544477,1.6110450608008482,1.8826757968464798e-07,0.0,-1.6574323036823846,-0.00010748744682121354,0.0,0.01774310982389804,0.0074612922700713,0.0,0.26614566669815876,-0.0013542555609672767,0.0,-0.36918331436278656,0.0455523475917526,0.0,-0.03186568337721202,0.030461550834105722,0.0,0.02938503049801028,-7.590466141483917e-05,0.0,143.381743524
1508285225.2744482,1.6110450608008482,0.00011693902343255968,0.0,-1.6574323036823846,-0.0021652305127554056,0.0,0.01774310982389804,0.003639911939212553,0.0,0.26614566669815876,-0.0014206484530084101,0.0,-0.36918331436278656,-0.0013031485911484367,0.0,-0.03186568337721202,-0.0013079776461108839,0.0,0.029487775359891433,-0.01016938725858014,0.0,143.401743893
1508285225.2944484,1.6110450608008482,3.7420487498419054e-08,0.0,-1.657459453784825,-0.00864264297008037,0.0,0.017788721931414342,0.014519620376468274,0.0,0.26614566669815876,-0.006831671632031913,0.0,-0.36918331436278656,-0.005330084997395974,0.0,-0.03186568337721202,-0.0053300865426935615,0.0,0.029487775359891433,0.04060779687138036,0.0,143.421744046
1508285225.3144484,1.6110450608008482,-0.0004677680490490492,0.0,-1.6574323036823846,-0.0004370434510808973,0.0,0.01774310982389804,0.0006758163721701368,0.0,0.2662308878530413,0.02722835540763806,0.0,-0.36926238553741986,-0.0002537900312270038,0.0,-0.03178661220257875,0.0002503787763340866,0.0,0.02938503049801028,-0.008199357771176979,0.0,143.441744166
1508285225.3344517,1.6110450608008482,-0.014619263776185705,0.0,-1.657459453784825,-0.0005185377346102764,0.0,0.017788721931414342,0.00087112346767861,0.0,0.26614566669815876,0.006830966315927706,0.0,-0.36926238553741986,-0.00020234228877365857,0.0,-0.03194475455184531,-0.0635014378411329,0.0,0.029487775359891433,0.006984399124311488,0.0,143.461747384
1508285225.354448,1.6110450608008482,1.852970083861445e-05,0.0,-1.657459453784825,-0.010901324331999853,0.0,0.017788721931414342,0.01831419894009526,0.0,0.26614566669815876,2.1859092210968633e-06,0.0,-0.36926238553741986,-0.0059748708496064,0.0,-0.03178661220257875,0.06056381972158856,0.0,0.029487775359891433,0.04164428823976616,0.0,143.481743787
1508285225.3744516,1.6110450608008482,5.9295042683566176e-09,0.0,-1.657459453784825,-0.01080572693890256,0.0,0.017788721931414342,0.01821176829036142,0.0,0.26614566669815876,6.994909507509955e-10,0.0,-0.3693414567120531,-1.911958671874046e-06,0.0,-0.031865683377212045,1.938042231090832e-05,0.0,0.02938503049801028,-0.0018984812675090954,0.0,143.501747328
1508285225.3944526,1.6110450608008482,-0.0029189480371619152,0.0,-1.657459453784825,-0.003905306881479947,0.0,0.017788721931414342,-0.0007297187246285758,0.0,0.2662308878530413,0.03389294116967959,0.0,-0.3693414567120531,-0.05677717639647188,0.0,-0.031865683377212045,-0.006521796035536866,0.0,0.02938503049801028,-0.0474173251744259,0.0,143.521748351
1508285225.4144516,1.6110450608008482,-0.00011604692792035445,0.0,-1.657459453784825,-0.0025873387584898913,0.0,0.017788721931414342,0.002895235399257706,0.0,0.26614566669815876,-0.0010743497142882085,0.0,-0.36926238553741986,0.006307983788987376,0.0,-0.03194475455184531,-0.006227045148753584,0.0,0.02938503049801028,-0.006345109526493757,0.0,143.541747281
1508285225.4344516,1.6110450608008482,0.0005813982032343146,0.0,-1.657459453784825,-0.00919272202143275,0.0,0.017788721931414342,0.022453696861180643,0.0,0.26614566669815876,-0.000325395467260662,0.0,-0.3693414567120531,-0.06352578314287621,0.0,-0.031865683377212045,-0.00025318208427106047,0.0,0.02938503049801028,0.006518966776950484,0.0,143.56174737
1508285225.454449,1.6110450608008482,1.8604742503498045e-07,0.0,-1.657459453784825,-0.002167378117659858,0.0,0.017788721931414342,-0.003921071171490077,0.0,0.2662308878530413,0.034034024015166524,0.0,-0.36926238553741986,0.031304622339017506,0.0,-0.03178661220257875,0.018211372216167646,0.0,0.02938503049801028,-0.04096746968710105,0.0,143.581744622
1508285225.4744525,1.6110450608008482,-0.0029020135189613207,0.0,-1.6574323036823846,0.008637236932312754,0.0,0.01774310982389804,-0.021761303907648192,0.0,0.26614566669815876,6.320965171398043e-05,0.0,-0.36918331436278656,0.030227902080944374,0.0,-0.03186568337721202,-0.030212056962676107,0.0,0.02938503049801028,0.006500095409739165,0.0,143.601748168
1508285225.4944496,1.6110450608008482,-2.4210911420801793e-05,0.0,-1.657459453784825,-0.011218425866168748,0.0,0.017788721931414342,0.01884460852392057,0.0,0.2662308878530413,0.034129029102140544,0.0,-0.3693414567120531,-0.03160601287199096,0.0,-0.03170754102794546,0.031606017942451,0.0,0.02938503049801028,0.00649648284467224,0.0,143.621745333
1508285225.514453,1.6110815841529407,0.01459820945559436,0.0,-1.6574323036823846,0.010481062509007322,0.0,0.01774310982389804,-0.017608160825631925,0.0,0.26614566669815876,-0.005447855639286808,0.0,-0.3693414567120531,-0.03818939483973536,0.0,-0.031865683377212045,-0.03767772205313036,0.0,0.02938503049801028,-0.048030839680010866,0.0,143.641748697
1508285225.5344524,1.6110450608008482,4.67142702579019e-06,0.0,-1.657459453784825,-0.01294275415347165,0.0,0.017788721931414342,0.021743796189831365,0.0,0.26614566669815876,-0.0013600368402109278,0.0,-0.3693414567120531,3.820226292110052e-05,0.0,-0.031865683377212045,3.8365998212849526e-05,0.0,0.029487775359891433,0.03978166745023573,0.0,143.661748179
1508285225.5544512,1.6110450608008482,1.4948566482528594e-09,0.0,-1.657459453784825,-0.001915046028583767,0.0,0.017788721931414342,0.0029262708265216488,0.0,0.26614566669815876,-4.352117888674964e-07,0.0,-0.3693414567120531,-0.029372890244332702,0.0,-0.031865683377212045,-0.03182115664087435,0.0,0.029487775359891433,7.837422224461299e-05,0.0,143.681746907
1508285225.5744517,1.6110815841529407,0.014595553808361065,0.0,-1.6574323036823846,-0.002063834716786376,0.0,0.01774310982389804,0.0034671442942017265,0.0,0.26614566669815876,-0.0054389775563503375,0.0,-0.36918331436278656,0.006100674959896565,0.0,-0.03186568337721202,-0.006019050680749584,0.0,0.02938503049801028,-0.009845814840742385,0.0,143.701747525
1508285225.594452,1.6110450608008482,4.670577218675534e-06,0.0,-1.657459453784825,-0.008185307798167512,0.0,0.017788721931414342,0.014042057678101755,0.0,0.2662308878530413,-0.00021908674768870943,0.0,-0.36926238553741986,0.0014647846421305898,0.0,-0.03178661220257875,0.011691595529947146,0.0,0.02938503049801028,0.0003243293184806569,0.0,143.721747535
1508285225.6144526,1.6110815841529407,0.017477149742947288,0.0,-1.657459453784825,0.0022745625983085294,0.0,0.017788721931414342,0.004938734385014513,0.0,0.26614566669815876,-0.040834582698198924,0.0,-0.36926238553741986,0.007593361354025229,0.0,-0.03178661220257875,0.005067680422356838,0.0,0.02938503049801028,6.581042945749418e-05,0.0,143.741748229
1508285225.634452,1.6110450608008482,2.901680134168903e-05,0.0,-1.6574323036823846,0.003923095711166705,0.0,0.01774310982389804,-0.03720582300131103,0.0,0.26614566669815876,-0.001381598986284903,0.0,-0.3693414567120531,0.0013229137581376696,0.0,-0.031865683377212045,0.0012206815439716892,0.0,0.02938503049801028,-0.006923901335665869,0.0,143.761747941
1508285225.6544502,1.6110450608008482,-0.0030384653057859688,0.0,-1.657459453784825,-0.011318088819648268,0.0,0.017788721931414342,0.019004565483849434,0.0,0.26614566669815876,0.0067518510266277015,0.0,-0.36926238553741986,0.0012171719385254756,0.0,-0.03178661220257875,-0.0012163579880292632,0.0,0.02938503049801028,-0.04283831396591279,0.0,143.781745953
1508285225.674453,1.6110450608008482,0.00056145825553704,0.0,-1.657459453784825,-2.100325784526853e-05,0.0,0.017788721931414342,-0.001486301354891795,0.0,0.26614566669815876,-0.006798998752342622,0.0,-0.36918331436278656,0.03003567129426632,0.0,-0.03186568337721202,-0.032572179974892555,0.0,0.029487775359891433,0.05083954993364772,0.0,143.801748803
1508285225.6944547,1.6110450608008482,1.7966664177185262e-07,0.0,-1.6574323036823846,0.013649254277170102,0.0,0.01774310982389804,-0.014176521177617528,0.0,0.2662308878530413,0.040170045674891464,0.0,-0.36918331436278656,0.030661270258814283,0.0,-0.03186568337721202,0.033170189257565534,0.0,0.02938503049801028,-4.926624683868519e-05,0.0,143.821750475
1508285225.7144535,1.6110450608008482,0.0005821258545241153,0.0,-1.6574323036823846,0.013789441924768706,0.0,0.01774310982389804,-0.02200097685286661,0.0,0.26614566669815876,6.739340513148759e-05,0.0,-0.36926238553741986,-0.03786958038412253,0.0,-0.03194475455184531,-0.02524356528929813,0.0,0.02938503049801028,-0.0015718564648667312,0.0,143.841749089
1508285225.734454,1.6110450608008482,-0.00014011818022900734,0.0,-1.6574051535799441,0.024337759208701227,0.0,0.017788721931414564,-0.0029370657841562863,0.0,0.26614566669815876,-0.005201547888760076,0.0,-0.36918331436278656,-0.0012249561933908735,0.0,-0.03186568337721202,-0.0012209158685605296,0.0,0.02938503049801028,-0.0019711555820033657,0.0,143.86174961
1508285225.7544527,1.6110450608008482,-0.015265285660715782,0.0,-1.657459453784825,-0.00044428788637192315,0.0,0.017788721931414342,0.0007003117009150537,0.0,0.2662308878530413,0.034470844476677025,0.0,-0.36926238553741986,-0.006297267154822808,0.0,-0.03194475455184531,-0.006297265861923284,0.0,0.02938503049801028,-6.307697862410764e-07,0.0,143.88174833
1508285225.7744539,1.6110450608008482,-0.0145684063911033,0.0,-1.657459453784825,-0.009105465434067084,0.0,0.017788721931414342,0.015587698602504165,0.0,0.2662308878530413,0.03399258083620975,0.0,-0.36918331436278656,0.013773100539207772,0.0,-0.03186568337721202,0.0013164544554501636,0.0,0.029487775359891433,0.049193794274924346,0.0,143.901749643
1508285225.7944539,1.6110450608008482,-4.66189004515305e-06,0.0,-1.657459453784825,-2.9137489389014633e-06,0.0,0.017788721931414342,4.9880635528013275e-06,0.0,0.26614566669815876,-0.005387341050950449,0.0,-0.36918331436278656,0.030399735966354015,0.0,-0.03186568337721202,0.030395749839606356,0.0,0.02938503049801028,-0.0016962085574828707,0.0,143.921749591
1508285225.8144522,1.6110450608008482,0.00011635458075147044,0.0,-1.657459453784825,1.743876640162209e-05,0.0,0.017788721931414342,-2.92970563208823e-05,0.0,0.26614566669815876,-0.007087346190161728,0.0,-0.36926238553741986,-0.006564560761733005,0.0,-0.03178661220257875,-0.006060752238595897,0.0,0.029487775359891433,0.008214744908580585,0.0,143.941747926
1508285225.8344548,1.6110815841529407,0.014633822024642416,0.0,-1.657459453784825,0.00043443870683920017,0.0,0.017788721931414342,-0.0007298559940529863,0.0,0.26614566669815876,0.0002697137347706385,0.0,-0.3693414567120531,-0.03264573944246948,0.0,-0.031865683377212045,-0.030115117229589074,0.0,0.02938503049801028,-0.034437700050067285,0.0,143.961750495
1508285225.8544607,1.6110450608008482,4.6828230478855684e-06,0.0,-1.657459453784825,-0.001653102119467504,0.0,0.017788721931414342,0.003069285559669474,0.0,0.26614566669815876,-5.4251885361965666e-05,0.0,-0.36926238553741986,-0.014144020462966214,0.0,-0.03178661220257875,0.0014580420018750603,0.0,0.029487775359891433,-1.102006401602152e-05,0.0,143.981756398
1508285225.8744552,1.6110450608008482,2.3366995818896198e-05,0.0,-1.657459453784825,-0.0005401335023782113,0.0,0.017788721931414342,0.0009075164640830411,0.0,0.2662308878530413,0.03270321962654016,0.0,-0.36926238553741986,-0.005345240174749399,0.0,-0.03194475455184531,0.00524001046708246,0.0,0.02938503049801028,-3.5264204851268824e-09,0.0,144.001750951
1508285225.8944566,1.6110450608008482,7.477438662046775e-09,0.0,-1.657459453784825,-1.7583378146121686e-05,0.0,0.017788721931414342,2.9540063367549816e-05,0.0,0.26614566669815876,1.0465030280492839e-05,0.0,-0.36926238553741986,-0.030371164630795103,0.0,-0.03194475455184531,-0.03036777735058883,0.0,0.02938503049801028,-0.0015779538176359958,0.0,144.021752454
1508285225.9144542,1.6110450608008482,-0.0027920346042734044,0.0,-1.6574323036823846,-0.014738363284721829,0.0,0.01774310982389804,-0.01749570733017875,0.0,0.26614566669815876,-0.005475733297156063,0.0,-0.36918331436278656,0.006388653141263964,0.0,-0.03186568337721202,-0.006306592857595304,0.0,0.02938503049801028,-5.049452216435181e-07,0.0,144.041749839
1508285225.934456,1.6110450608008482,-8.934510733674883e-07,0.0,-1.6574323036823846,0.012698698112365759,0.0,0.01774310982389804,-0.02128893772639852,0.0,0.2662308878530413,0.0002708777209132076,0.0,-0.36926238553741986,-0.006039472495600108,0.0,-0.03194475455184531,0.006646592264195416,0.0,0.02938503049801028,-0.008179020012456567,0.0,144.061751916
1508285225.954455,1.6110450608008482,0.0005841371469836787,0.0,-1.657459453784825,-0.00877404473486357,0.0,0.017788721931414342,0.023206018034905962,0.0,0.26614566669815876,-0.034098976596818105,0.0,-0.3693414567120531,-0.007845668177537716,0.0,-0.031865683377212045,0.00784586245586553,0.0,0.02938503049801028,-0.04111334327424814,0.0,144.081750562
1508285225.974457,1.6110450608008482,-0.0005863267560359469,0.0,-1.6574323036823846,-0.011372311465885238,0.0,0.01774310982389804,-0.01909331336518821,0.0,0.26614566669815876,-1.0911672510981781e-05,0.0,-0.36918331436278656,-0.00025561706288840615,0.0,-0.03186568337721202,-0.00025059577308571713,0.0,0.02938503049801028,-1.315626984775939e-05,0.0,144.101752851
1508285225.9944568,1.6110815841529407,0.014624160038911468,0.0,-1.657459453784825,-0.01313045894349028,0.0,0.017788721931414342,0.022046916184530512,0.0,0.2662308878530413,-3.4917352035141663e-09,0.0,-0.36918331436278656,-0.001012023764820178,0.0,-0.03186568337721202,-0.0010120221580074413,0.0,0.029487775359891433,0.04304542302407572,0.0,144.121752427
1508285226.014455,1.6110450608008482,0.002934093700852874,0.0,-1.6574051535799441,0.0004302313795720348,0.0,0.017788721931414564,-0.0007227916058159138,0.0,0.26614566669815876,-0.03443606677283731,0.0,-0.36918331436278656,0.006543265165005659,0.0,-0.03186568337721202,-0.006039504427687105,0.0,0.029487775359891433,0.008254590792904718,0.0,144.141750776
1508285226.034457,1.6110450608008482,9.389099842729186e-07,0.0,-1.6574323036823846,-0.0001040538276574194,0.0,0.01774310982389804,-0.00011688503880205676,0.0,0.26614566669815876,-0.034101952379552596,0.0,-0.36926238553741986,0.006347157464111406,0.0,-0.03194475455184531,-0.006346996260673238,0.0,0.029487775359891433,-0.008242116348333835,0.0,144.161752723
1508285226.0544565,1.6110450608008482,-0.0005603012737769176,0.0,-1.657459453784825,0.002171873404722931,0.0,0.017788721931414342,-0.0033570359993598626,0.0,0.26614566669815876,-0.033697955359293326,0.0,-0.36918331436278656,0.0003056564617077037,0.0,-0.03186568337721202,0.0028290421557046457,0.0,0.02938503049801028,0.00985864668518518,0.0,144.181752199
1508285226.0744581,1.6110450608008482,-2.3516984276193617e-05,0.0,-1.657459453784825,0.0021674360296524246,0.0,0.017788721931414342,-0.0036411940280269635,0.0,0.2662308878530413,0.03414273453700056,0.0,-0.36926238553741986,0.0012138990338370053,0.0,-0.03194475455184531,0.0013157562997829601,0.0,0.02938503049801028,-0.03979328178317676,0.0,144.201753884
1508285226.094458,1.6110450608008482,0.0005812209944602513,0.0,-1.657459453784825,-0.00041399691630991046,0.0,0.017788721931414342,0.0006955138644702146,0.0,0.26614566669815876,0.00791445800235743,0.0,-0.36918331436278656,0.03785114823865605,0.0,-0.03186568337721202,-0.02559945535959378,0.0,0.02938503049801028,-0.041236522937108444,0.0,144.221753866
1508285226.1144576,1.6110450608008482,1.859907182272802e-07,0.0,-1.6574323036823846,0.013411493895864365,0.0,0.01774310982389804,-0.022531277842257728,0.0,0.26614566669815876,-0.032612804056133,0.0,-0.36918331436278656,0.03654399706453735,0.0,-0.03186568337721202,-0.026426070236422544,0.0,0.02938503049801028,-0.03243629388471217,0.0,144.241753312
1508285226.1344588,1.6110815841529407,0.014032380010956223,0.0,-1.6574051535799441,0.02164430393772307,0.0,0.017788721931414564,0.001299345750702513,0.0,0.26614566669815876,-0.04094643289911582,0.0,-0.3693414567120531,-0.038273602916877605,0.0,-0.031865683377212045,-0.02510092975486236,0.0,0.029487775359891433,0.04940885524162925,0.0,144.261754453
1508285226.1544585,1.6110450608008482,4.490361603505986e-06,0.0,-1.657459453784825,7.633201650699778e-05,0.0,0.017788721931414342,-0.00011618585419446877,0.0,0.2662308878530413,0.02861938363096883,0.0,-0.36918331436278656,-0.012654002656647775,0.0,-0.03186568337721202,-8.032297523774703e-06,0.0,0.029487775359891433,0.009876320263975617,0.0,144.281754221
1508285226.174459,1.6110450608008482,-0.00011679821371083634,0.0,-1.6574323036823846,0.010408626750666982,0.0,0.01774310982389804,-0.018657741508961417,0.0,0.26614566669815876,-0.03512322177685603,0.0,-0.36942052788668645,-4.049280850127285e-06,0.0,-0.03178661220257875,-2.570335207607902e-09,0.0,0.029487775359891433,0.04110600247260409,0.0,144.301754708
1508285226.1944592,1.6110450608008482,-3.737542838746759e-08,0.0,-1.6574323036823846,0.010997467615494952,0.0,0.01774310982389804,-0.018476094241111365,0.0,0.26614566669815876,-0.00704410888063566,0.0,-0.3693414567120531,0.007838165374604928,0.0,-0.031865683377212045,-0.00521251890715784,0.0,0.029487775359891433,-0.001627167469165046,0.0,144.321754876
1508285226.2144597,1.6110450608008482,0.0029189480270992193,0.0,-1.657459453784825,-0.006996523880345134,0.0,0.017788721931414342,-0.01766023108864665,0.0,0.26614566669815876,-5.654072986728001e-05,0.0,-0.3693414567120531,-0.025241150345597846,0.0,-0.031865683377212045,-0.025245326564585738,0.0,0.029487775359891433,0.008538411327760275,0.0,144.341755467
1508285226.2344618,1.6110450608008482,9.340633686717491e-07,0.0,-1.6574323036823846,-0.0021647074233408555,0.0,0.01774310982389804,0.0036272907220229285,0.0,0.26614566669815876,-0.03413738286921209,0.0,-0.36926238553741986,0.03743704005089329,0.0,-0.03178661220257875,-0.026331944245809216,0.0,0.02938503049801028,0.001300251025668413,0.0,144.36175742
1508285226.2544603,1.6110450608008482,2.3282565995012145e-05,0.0,-1.6574323036823846,0.002607310819953354,0.0,0.01774310982389804,-0.004380278987375312,0.0,0.26614566669815876,-6.524925240590812e-05,0.0,-0.36926238553741986,-0.0052963888281676195,0.0,-0.03178661220257875,-0.00491151252059769,0.0,0.02938503049801028,-0.04112992848350632,0.0,144.381756034
1508285226.2745066,1.6110450608008482,7.450421118403878e-09,0.0,-1.657459453784825,0.0020807326050881606,0.0,0.017788721931414342,-0.003495625827939218,0.0,0.2662308878530413,0.03393313975233823,0.0,-0.3693414567120531,-0.0063038049451165186,0.0,-0.031865683377212045,-0.0058143329243188,0.0,0.029487775359891433,0.00957269529095722,0.0,144.401802239
1508285226.2944622,1.6110815841529407,0.017538753795742743,0.0,-1.657459453784825,0.0021896187851311094,0.0,0.017788721931414342,-0.0036785543504332563,0.0,0.26614566669815876,-0.0016203550637310757,0.0,-0.36926238553741986,0.02501586734846,0.0,-0.03178661220257875,-0.03827568290007946,0.0,0.029487775359891433,0.041123596198330545,0.0,144.421758036
1508285226.3144603,1.6110450608008482,-0.00010944642607784633,0.0,-1.6574323036823846,0.010923097104080215,0.0,0.017834334038930866,0.018119814056440232,0.0,0.26614566669815876,0.006814418203412452,0.0,-0.36926238553741986,-0.007279719830289094,0.0,-0.03178661220257875,-0.004872604770512062,0.0,0.02938503049801028,-0.041453149647563206,0.0,144.441756089
1508285226.3344624,1.6110450608008482,-3.502285634491079e-08,0.0,-1.657459453784825,-0.0018349125372881063,0.0,0.017788721931414342,0.004244570559917409,0.0,0.26614566669815876,-0.028593963936593646,0.0,-0.36926238553741986,0.032830717671023815,0.0,-0.03178661220257875,0.032831487947866,0.0,0.02938503049801028,-0.0002897922744858957,0.0,144.461758071
1508285226.354465,1.6110450608008482,-1.120731403037144e-11,0.0,-1.6574323036823846,0.010844251352139638,0.0,0.01774310982389804,-0.01821794466067916,0.0,0.26614566669815876,-0.0067990050998427845,0.0,-0.3693414567120531,0.006562635487403487,0.0,-0.031865683377212045,-0.06930616291386986,0.0,0.029487775359891433,-9.27335278354865e-08,0.0,144.48176063
1508285226.3744633,1.6110450608008482,-3.586340489718857e-15,0.0,-1.6574323036823846,0.012467446134638441,0.0,0.01774310982389804,-0.020945279730094187,0.0,0.26614566669815876,-5.650742268820391e-05,0.0,-0.36926238553741986,0.0010175443473640783,0.0,-0.03194475455184531,-0.013644837065366826,0.0,0.02938503049801028,-0.04617600705143022,0.0,144.501758974
1508285226.3944635,1.6110450608008482,-1.147628956710033e-18,0.0,-1.6574323036823846,0.012678846729844163,0.0,0.01774310982389804,-0.02252031023154316,0.0,0.26614566669815876,0.005405187599056615,0.0,-0.36926238553741986,-0.03797092621014516,0.0,-0.03178661220257875,0.02531608870739534,0.0,0.02938503049801028,-0.04277212610383424,0.0,144.521759335
1508285226.4144611,1.6110450608008482,-0.011666686021475536,0.0,-1.6574323036823846,0.010509813693593613,0.0,0.017834334038930866,0.018809394001524458,0.0,0.26614566669815876,1.7296600316981145e-06,0.0,-0.36918331436278656,0.005073902203405283,0.0,-0.03186568337721202,0.0050941540481780085,0.0,0.02938503049801028,0.008237977547077627,0.0,144.541756796
1508285226.43447,1.6110450608008482,-3.7333395268721673e-06,0.0,-1.6574323036823846,0.002270974155172938,0.0,0.01774310982389804,-0.0038035621046559128,0.0,0.26614566669815876,0.008159037197531313,0.0,-0.36918331436278656,0.03776974944257166,0.0,-0.03186568337721202,0.024966439997832667,0.0,0.02938503049801028,-0.008315660195188646,0.0,144.561765744
1508285226.4544644,1.6110450608008482,0.00046432312526106123,0.0,-1.657459453784825,-0.009154127295641775,0.0,0.017788721931414342,-0.020970409918875457,0.0,0.26614566669815876,-0.02845955561909207,0.0,-0.36918331436278656,0.026420282051682287,0.0,-0.03186568337721202,0.02641618499265997,0.0,0.029487775359891433,0.039300769077676524,0.0,144.581760197
1508285226.4744613,1.6110815841529407,0.014549837936351182,0.0,-1.6574323036823846,0.0026037828408669523,0.0,0.017834334038930866,0.033424747246205054,0.0,0.26614566669815876,0.005426479005403731,0.0,-0.3693414567120531,-0.031194358665249288,0.0,-0.031865683377212045,0.03180429495403961,0.0,0.029487775359891433,0.00033238565995834517,0.0,144.60175708
1508285226.4944646,1.6110450608008482,4.655948139632373e-06,0.0,-1.6574323036823846,0.007767952484628396,0.0,0.01774310982389804,-0.022082403522250268,0.0,0.26614566669815876,-0.033857354862337125,0.0,-0.36926238553741986,-0.030672437537893938,0.0,-0.03194475455184531,-0.030652277968735764,0.0,0.02938503049801028,-0.05094212092285827,0.0,144.62176031
1508285226.5144615,1.6110450608008482,0.0006200120209046008,0.0,-1.657459453784825,-0.013036488593010806,0.0,0.017788721931414342,0.021898379501738206,0.0,0.26614566669815876,-1.0834353555947866e-05,0.0,-0.36918331436278656,0.00014112313481325008,0.0,-0.03186568337721202,-0.0002618931329777617,0.0,0.02938503049801028,0.008558972749290069,0.0,144.641757228
1508285226.5344656,1.6110450608008482,1.9840384668947204e-07,0.0,-1.6574051535799441,0.019120251212356377,0.0,0.017788721931414564,0.004370353470748477,0.0,0.26614566669815876,0.006843474925891825,0.0,-0.36926238553741986,0.03163080758657438,0.0,-0.03194475455184531,-0.03112685699354194,0.0,0.02938503049801028,0.0003301799712527619,0.0,144.661761237
1508285226.5544655,1.6110450608008482,-0.0034141901535139976,0.0,-1.657459453784825,0.0021795796902937085,0.0,0.017788721931414342,-0.003650011149378777,0.0,0.2662308878530413,0.026867601383997422,0.0,-0.36918331436278656,0.006594001923940762,0.0,-0.03186568337721202,0.006066010717526856,0.0,0.02938503049801028,-0.04101022787901233,0.0,144.681761365
1508285226.5744624,1.6110450608008482,-2.4366517522341235e-05,0.0,-1.657459453784825,0.002164607836360744,0.0,0.017788721931414342,-0.0036365322791792947,0.0,0.26614566669815876,-4.57083131280071e-05,0.0,-0.36926238553741986,-4.8276879192395634e-05,0.0,-0.03178661220257875,-4.844583637844808e-05,0.0,0.02938503049801028,-0.0016559850700814504,0.0,144.701758034
1508285226.5944662,1.6110450608008482,-0.0029106367824395575,0.0,-1.6574323036823846,-8.608015712774941e-05,0.0,0.01774310982389804,0.00014461446040598238,0.0,0.2662308878530413,-1.4626660200962256e-08,0.0,-0.36918331436278656,0.006250755146067212,0.0,-0.03186568337721202,0.006756184472144706,0.0,0.02938503049801028,0.0016490133772850426,0.0,144.721761841
1508285226.6144636,1.6110450608008482,9.262220843434035e-05,0.0,-1.657459453784825,-0.019719985274762753,0.0,0.017788721931414342,-0.003528875480799582,0.0,0.2662308878530413,0.03424607719851686,0.0,-0.36926238553741986,0.002531858027002693,0.0,-0.03194475455184531,-0.06344642587354947,0.0,0.02938503049801028,5.27684280731213e-07,0.0,144.74175923
1508285226.6344626,1.6110450608008482,2.9639106698988882e-08,0.0,-1.657459453784825,-0.013035721001936996,0.0,0.017788721931414342,-0.014564968469810416,0.0,0.26614566669815876,0.006854437137588488,0.0,-0.36918331436278656,0.006299747596060742,0.0,-0.03186568337721202,0.006278634545212566,0.0,0.029487775359891433,0.0013134222424204757,0.0,144.761758393
1508285226.6544669,1.6110450608008482,9.484514143676431e-12,0.0,-1.657459453784825,-0.013425433118779556,0.0,0.017788721931414342,0.02108333368201507,0.0,0.26614566669815876,-0.006812743297148818,0.0,-0.3693414567120531,-0.006523365174260836,0.0,-0.031865683377212045,-0.006624373628363244,0.0,0.029487775359891433,0.05105365657655147,0.0,144.78176255
1508285226.6744642,1.6110450608008482,2.3082195820792687e-05,0.0,-1.657459453784825,-0.0008740956527471888,0.0,0.017788721931414342,6.746666774688027e-06,0.0,0.26614566669815876,-2.180077855087619e-06,0.0,-0.36926238553741986,-0.01256982277438129,0.0,-0.03178661220257875,4.785196457830752e-05,0.0,0.02938503049801028,1.633717010449645e-05,0.0,144.801760065
1508285226.6944659,1.6110815841529407,0.017587264370452434,0.0,-1.657459453784825,-0.008269556073246623,0.0,0.017788721931414342,0.02120390796960337,0.0,0.26614566669815876,0.006557835474829017,0.0,-0.36942052788668645,-0.03270529574240104,0.0,-0.03178661220257875,0.03067359805573321,0.0,0.029487775359891433,0.0395285608477527,0.0,144.821761487
1508285226.7144647,1.6110450608008482,5.627924598544772e-06,0.0,-1.657459453784825,0.010152204854617755,0.0,0.017788721931414342,0.00015152939151022023,0.0,0.2662308878530413,-0.015854911362150725,0.0,-0.3693414567120531,-0.0485668437866692,0.0,-0.031865683377212045,-0.015103112304886377,0.0,0.02938503049801028,0.019130276577589263,0.0,144.841760273
1508285226.734465,1.6110450608008482,1.800935871534325e-09,0.0,-1.657459453784825,-6.59094160230757e-05,0.0,0.017788721931414342,0.00011623396914301218,0.0,0.2662308878530413,0.03406348888782045,0.0,-0.36918331436278656,0.011198508613145104,0.0,-0.03186568337721202,0.0015590625587054198,0.0,0.029487775359891433,-0.001632445555478351,0.0,144.861760507
1508285226.754466,1.6110450608008482,0.00011670232974654778,0.0,-1.6574323036823846,0.012570581527228395,0.0,0.01774310982389804,-0.013832240326094935,0.0,0.26614566669815876,0.00681772594478731,0.0,-0.36918331436278656,-9.732214312987116e-05,0.0,-0.03186568337721202,4.989000187680238e-07,0.0,0.02938503049801028,-0.00032882096430284375,0.0,144.881761769
1508285226.7744648,1.6110450608008482,0.0029137804122658963,0.0,-1.657459453784825,-0.013041411010164379,0.0,0.017788721931414342,0.014634227916200617,0.0,0.26614566669815876,-0.0013104430116748498,0.0,-0.36918331436278656,0.02532639913951168,0.0,-0.03186568337721202,0.025326430442245487,0.0,0.02938503049801028,-0.0017138969426293642,0.0,144.901760595
1508285226.794468,1.6110450608008482,9.324097319250858e-07,0.0,-1.6574323036823846,0.011615976856919456,0.0,0.01774310982389804,-0.018057622350519952,0.0,0.26614566669815876,-0.034020492328761975,0.0,-0.36926238553741986,-0.0015606306348822795,0.0,-0.03178661220257875,-0.0015606306248654046,0.0,0.02938503049801028,-0.006581795106605301,0.0,144.921763671
1508285226.814466,1.6110450608008482,2.9837111421602714e-10,0.0,-1.657459453784825,-0.01904489696938433,0.0,0.017788721931414342,-0.004554780421744637,0.0,0.26614566669815876,-0.027238912007672467,0.0,-0.36918331436278656,0.036681996796901685,0.0,-0.032023825726478605,-0.036682995600503025,0.0,0.02938503049801028,-2.1061744341136935e-06,0.0,144.94176172
1508285226.8344672,1.6110450608008482,0.00011675792165785295,0.0,-1.657459453784825,0.0026076195473041367,0.0,0.017788721931414342,0.002926918015735427,0.0,0.26614566669815876,-0.03438021487984369,0.0,-0.36926238553741986,-0.03797087289830518,0.0,-0.03178661220257875,0.025282262572015102,0.0,0.029487775359891433,0.041110725313868335,0.0,144.961762801
1508285226.8544686,1.6110815841529407,0.014536713357108603,0.0,-1.657459453784825,0.0004336165124271072,0.0,0.017788721931414342,-0.008006375794389321,0.0,0.2662308878530413,0.03390790898527314,0.0,-0.36918331436278656,0.030501113741915966,0.0,-0.03186568337721202,0.030017544946568803,0.0,0.02938503049801028,-0.0015588483889364773,0.0,144.981764212
1508285226.8744664,1.6110450608008482,-0.0028868097940584177,0.0,-1.657459453784825,-0.010846465197139136,0.0,0.017788721931414342,0.018219706801660778,0.0,0.26614566669815876,0.005390697644730574,0.0,-0.36926238553741986,0.0010255105821336131,0.0,-0.03194475455184531,-0.06418481712933177,0.0,0.02938503049801028,-0.041113198553547545,0.0,145.00176209
1508285226.894469,1.6110815841529407,0.011623500848033014,0.0,-1.657459453784825,-0.002177450742701521,0.0,0.017788721931414342,0.0036581113228390757,0.0,0.26614566669815876,1.725023246313782e-06,0.0,-0.3693414567120531,-0.030743533895201913,0.0,-0.031865683377212045,0.03263538663810971,0.0,0.02938503049801028,-0.032648325559005834,0.0,145.021764749
1508285226.9144661,1.6110450608008482,0.0005873006317947374,0.0,-1.6574323036823846,0.0130125419022353,0.0,0.01774310982389804,-0.021861039442221758,0.0,0.26614566669815876,0.0067643045984608395,0.0,-0.36926238553741986,-0.02272855905919053,0.0,-0.03178661220257875,0.025256010501956996,0.0,0.02938503049801028,0.00025175258535791584,0.0,145.041761951
1508285226.9344661,1.6110450608008482,-0.0029201512373926565,0.0,-1.6574323036823846,0.012564921679494188,0.0,0.01774310982389804,-0.013814920290997366,0.0,0.2662308878530413,0.006816289315865363,0.0,-0.36918331436278656,0.03146417370697141,0.0,-0.03186568337721202,-0.03156422264081248,0.0,0.02938503049801028,0.008543901476524196,0.0,145.061761737
1508285226.95447,1.6110450608008482,0.00013871363886387098,0.0,-1.6574323036823846,0.007906162358729346,0.0,0.017834334038930866,0.022013171153333948,0.0,0.26614566669815876,2.181212581076914e-06,0.0,-0.36918331436278656,6.0822975612878084e-05,0.0,-0.03186568337721202,-0.0025919194819871857,0.0,0.02938503049801028,-0.047622297769068324,0.0,145.081765537
1508285226.9744668,1.6110450608008482,4.4388364436438666e-08,0.0,-1.6574323036823846,0.010884538789748025,0.0,0.01774310982389804,-0.01821659409696506,0.0,0.26614566669815876,-0.03274225004084224,0.0,-0.3693414567120531,-0.0382737401161848,0.0,-0.031865683377212045,-0.025011228508332373,0.0,0.029487775359891433,-0.008303814279112552,0.0,145.101762546
1508285226.994469,1.6110450608008482,0.0028896966286798033,0.0,-1.657459453784825,-0.0003250615574828922,0.0,0.017788721931414342,-0.0009078481763824277,0.0,0.26614566669815876,-0.007025960534564904,0.0,-0.36942052788668645,0.007301163815116282,0.0,-0.03178661220257875,0.0047848631306565215,0.0,0.02938503049801028,-0.04239751636660061,0.0,145.121764646
1508285227.014468,1.6110450608008482,9.247029211775359e-07,0.0,-1.6574323036823846,8.662750629298918e-05,0.0,0.017834334038930866,0.04384776689145159,0.0,0.26614566669815876,-0.006822060962908818,0.0,-0.36918331436278656,0.024520426389052975,0.0,-0.03186568337721202,-0.0391920353981989,0.0,0.02938503049801028,0.007814548997726694,0.0,145.141763638
1508285227.0344696,1.6110450608008482,2.9590493477681115e-10,0.0,-1.657459453784825,2.7720802013756507e-08,0.0,0.017788721931414342,1.4031285405264492e-05,0.0,0.26614566669815876,-0.008136982708252024,0.0,-0.36926238553741986,0.03801371317417922,0.0,-0.03178661220257875,0.02572604889385731,0.0,0.029487775359891433,0.0003309556259153672,0.0,145.161765378
1508285227.0544698,1.6110450608008482,9.468957912857947e-14,0.0,-1.657459453784825,-0.019338304902777333,0.0,0.017788721931414342,0.003495922097877252,0.0,0.26614566669815876,-0.0014186958998536638,0.0,-0.36918331436278656,-0.00019034456078571626,0.0,-0.03186568337721202,-0.0002952302724238623,0.0,0.02938503049801028,-0.00026303365284857113,0.0,145.181765463
1508285227.074473,1.6110450608008482,3.0300665321145396e-17,0.0,-1.657459453784825,-7.563744144593128e-05,0.0,0.017788721931414342,0.00011779315878150279,0.0,0.26614566669815876,-0.0002184472543017825,0.0,-0.3693414567120531,-0.002537782911590923,0.0,-0.031865683377212045,-9.447368762103162e-08,0.0,0.02938503049801028,-8.417076891154266e-08,0.0,145.20176853
1508285227.094472,1.6110450608008482,0.0001168274865776044,0.0,-1.6574323036823846,0.008562981600256607,0.0,0.01774310982389804,-0.01298907933597054,0.0,0.26614566669815876,-6.990312137657032e-08,0.0,-0.3693414567120531,-0.006333003862352677,0.0,-0.031865683377212045,-0.0063321918020525485,0.0,0.02938503049801028,-0.04299496806909235,0.0,145.221767706
1508285227.1144705,1.6110815841529407,0.015236846517535025,0.0,-1.657459453784825,-0.010715768809050386,0.0,0.017788721931414342,0.018294365254924526,0.0,0.26614566669815876,-2.236899884050248e-11,0.0,-0.36926238553741986,-0.025883351007828747,0.0,-0.03194475455184531,-0.025479732224712073,0.0,0.02938503049801028,0.001630474580929997,0.0,145.24176621
1508285227.1344712,1.6110450608008482,-0.016945698831904756,0.0,-1.6574323036823846,-0.0025358070081303785,0.0,0.01774310982389804,0.004551903627628109,0.0,0.26614566669815876,-0.006808720828654982,0.0,-0.36926238553741986,-0.030388033148732875,0.0,-0.03194475455184531,-0.030792440125361475,0.0,0.02938503049801028,-0.04274964034734754,0.0,145.261766997
