left_wam/base_yaw_joint_pos,left_wam/base_yaw_joint_vel,left_wam/base_yaw_joint_eff,left_wam/shoulder_pitch_joint_pos,left_wam/shoulder_pitch_joint_vel,left_wam/shoulder_pitch_joint_eff,left_wam/shoulder_yaw_joint_pos,left_wam/shoulder_yaw_joint_vel,left_wam/shoulder_yaw_joint_eff,left_wam/elbow_pitch_joint_pos,left_wam/elbow_pitch_joint_vel,left_wam/elbow_pitch_joint_eff,left_wam/wrist_yaw_joint_pos,left_wam/wrist_yaw_joint_vel,left_wam/wrist_yaw_joint_eff,left_wam/wrist_pitch_joint_pos,left_wam/wrist_pitch_joint_vel,left_wam/wrist_pitch_joint_eff,left_wam/palm_yaw_joint_pos,left_wam/palm_yaw_joint_vel,left_wam/palm_yaw_joint_eff,header_from_controller_start
1508285209.8942602,1.6110815841529407,0.017573174658543377,0.0,-1.657459453784825,-0.01079721817783869,0.0,0.017788721931414342,0.018186122654972634,0.0,0.2662308878530413,0.033893447894934974,0.0,-0.36926238553741986,-0.03128787877590846,0.0,-0.03194475455184531,-0.03128788007166295,0.0,0.02938503049801028,-0.04875161958591224,0.0,128.021555928
1508285209.9142618,1.6110450608008482,5.6234158907338745e-06,0.0,-1.6574323036823846,0.012908540339885055,0.0,0.01774310982389804,-0.021686302081654,0.0,0.26614566669815876,1.084590332637918e-05,0.0,-0.36926238553741986,0.001813395498622272,0.0,-0.03194475455184531,-0.06170403150491993,0.0,0.029487775359891433,-0.00027719490273609267,0.0,128.041557569
1508285209.934264,1.6110450608008482,-2.338320390248458e-05,0.0,-1.657459453784825,0.0016369907494476477,0.0,0.017788721931414342,0.0044881772088841525,0.0,0.26614566669815876,3.4706890644413334e-09,0.0,-0.36926238553741986,-0.03790797068073881,0.0,-0.03194475455184531,-0.037928296257379944,0.0,0.029487775359891433,0.0424895692411965,0.0,128.061559649
1508285209.9542632,1.6110450608008482,2.32858475567245e-05,0.0,-1.6574323036823846,0.002175541781726458,0.0,0.01774310982389804,0.003655461189942821,0.0,0.26614566669815876,0.007100878796529928,0.0,-0.36926238553741986,0.017869883771560003,0.0,-0.03194475455184531,-0.030462212614832035,0.0,0.029487775359891433,-0.008282909281736807,0.0,128.081559033
1508285209.974261,1.6110450608008482,-0.014534152109713212,0.0,-1.657459453784825,8.784253387542537e-05,0.0,0.017788721931414342,-0.0074428321164208356,0.0,0.26614566669815876,2.2722812148895744e-06,0.0,-0.36918331436278656,0.007338934912220573,0.0,-0.03186568337721202,0.007831073730917525,0.0,0.02938503049801028,-0.0016419969319880392,0.0,128.101556688
1508285209.9942615,1.6110450608008482,-4.650928675108223e-06,0.0,-1.657459453784825,-0.0126162663808078,0.0,0.017788721931414342,0.02119296302643329,0.0,0.2662308878530413,7.271299887646629e-10,0.0,-0.36918331436278656,0.031834574942512975,0.0,-0.03186568337721202,0.03183473242693492,0.0,0.02938503049801028,-0.041494316362857886,0.0,128.121557133
1508285210.0142615,1.6110450608008482,-0.014585371864760676,0.0,-1.6574323036823846,0.0022763582957494497,0.0,0.017834334038930866,0.039983112363436275,0.0,0.26614566669815876,-0.001097980944159121,0.0,-0.36918331436278656,6.0603944787171534e-05,0.0,-0.03186568337721202,-4.022976642893054e-05,0.0,0.029487775359891433,5.223337185349324e-05,0.0,128.141557155
1508285210.034265,1.6110450608008482,0.003034630309810942,0.0,-1.657459453784825,-0.002189061093292706,0.0,0.017788721931414342,0.0036916357939143674,0.0,0.26614566669815876,0.0002723435986754807,0.0,-0.36918331436278656,0.0048071695449413785,0.0,-0.03186568337721202,-0.007846676254182063,0.0,0.02938503049801028,0.0015803015177224549,0.0,128.161560722
1508285210.054265,1.6110450608008482,9.710816991395003e-07,0.0,-1.657459453784825,0.001909555202900998,0.0,0.017788721931414342,-0.002915162313732377,0.0,0.2662308878530413,0.03403595615617985,0.0,-0.36926238553741986,-0.03789901153143627,0.0,-0.03194475455184531,-0.03790306076209199,0.0,0.029487775359891433,0.040969554791442424,0.0,128.181560738
1508285210.0742621,1.6110450608008482,3.1074614372463973e-10,0.0,-1.6574323036823846,0.013703412151590594,0.0,0.01774310982389804,-0.021852179251238387,0.0,0.26614566669815876,-0.03427342771351522,0.0,-0.36926238553741986,-1.2127683690059593e-05,0.0,-0.03194475455184531,-1.2128979443869423e-05,0.0,0.029487775359891433,-0.006557353549025357,0.0,128.201557924
1508285210.094262,1.6110450608008482,-0.0005843463268520788,0.0,-1.657459453784825,0.002593278008664021,0.0,0.017788721931414342,-0.002896807402046148,0.0,0.26614566669815876,0.005707106595968743,0.0,-0.36926238553741986,0.0001959537629148118,0.0,-0.03194475455184531,-0.00029577580588009613,0.0,0.029487775359891433,0.03944518679200439,0.0,128.221557636
1508285210.1142638,1.6110450608008482,0.0001166962074776553,0.0,-1.657459453784825,0.0004179619661882827,0.0,0.017788721931414342,-0.007994088455430424,0.0,0.26614566669815876,-0.00021659524302388586,0.0,-0.36926238553741986,0.006371327216871596,0.0,-0.03178661220257875,0.006371169863409581,0.0,0.02938503049801028,-0.040764394418297184,0.0,128.241559602
1508285210.1342673,1.6110450608008482,-2.3328154529128023e-05,0.0,-1.657459453784825,-0.0017394116411039633,0.0,0.017788721931414342,0.00291987400713322,0.0,0.26614566669815876,-6.93104777676434e-08,0.0,-0.36926238553741986,0.006534606650841224,0.0,-0.03178661220257875,0.006534606600492704,0.0,0.02938503049801028,-0.04267072695924469,0.0,128.26156306
1508285210.154265,1.6110450608008482,0.0001405158981791022,0.0,-1.6574323036823846,0.010824137615128425,0.0,0.01774310982389804,-0.018184526192033965,0.0,0.26614566669815876,-0.03370393700114071,0.0,-0.36918331436278656,0.06356081086917083,0.0,-0.03186568337721202,2.091074123312859e-06,0.0,0.029487775359891433,0.009840386890656269,0.0,128.281560705
1508285210.1742637,1.6110450608008482,-2.3217966870329895e-05,0.0,-1.657459453784825,0.003826682133620867,0.0,0.017788721931414342,0.0008705195197997494,0.0,0.2662308878530413,0.03407202101509387,0.0,-0.36926238553741986,0.001336989754147415,0.0,-0.03178661220257875,-0.0012159235283883915,0.0,0.02938503049801028,-0.03944256710932138,0.0,128.301559457
1508285210.1942637,1.6110450608008482,-0.0032942633586643096,0.0,-1.6574323036823846,0.0001051458005245045,0.0,0.017834334038930866,0.03632672519820672,0.0,0.2662308878530413,0.0011563164528304807,0.0,-0.36926238553741986,0.03037440785561719,0.0,-0.03194475455184531,-0.030374369114436493,0.0,0.02938503049801028,-0.0348143111678895,0.0,128.321559461
1508285210.2142775,1.6110450608008482,2.2392356527792432e-05,0.0,-1.6574323036823846,0.013122623060343418,0.0,0.01774310982389804,-0.022034294447382016,0.0,0.26614566669815876,3.7002126490575335e-07,0.0,-0.36918331436278656,-0.0013058188428288415,0.0,-0.03186568337721202,0.011424044010340337,0.0,0.02938503049801028,-7.70986421128251e-05,0.0,128.341573344
1508285210.2342644,1.6110450608008482,-0.014734528864372607,0.0,-1.6574323036823846,0.0003658498076824266,0.0,0.017834334038930866,-0.0006146230686908846,0.0,0.26614566669815876,0.006779391883383054,0.0,-0.36926238553741986,-0.032902598404645406,0.0,-0.03178661220257875,0.04295840203477716,0.0,0.029487775359891433,-0.0016422995227459495,0.0,128.361560088
1508285210.2542675,1.6110450608008482,-4.7150492365992284e-06,0.0,-1.6574323036823846,0.008536273717337447,0.0,0.01774310982389804,-0.021705232590166865,0.0,0.26614566669815876,2.1694054026825746e-06,0.0,-0.3693414567120531,-0.03125421216090522,0.0,-0.031865683377212045,-0.031229936640786545,0.0,0.029487775359891433,0.0426397303407095,0.0,128.381563293
1508285210.2742648,1.6110450608008482,2.3269705695501252e-05,0.0,-1.6574323036823846,0.0016713622193325543,0.0,0.01774310982389804,-0.002810241132877932,0.0,0.2662308878530413,0.03407062438617902,0.0,-0.36926238553741986,-0.012357582035012008,0.0,-0.03194475455184531,-0.00021244770193176626,0.0,0.029487775359891433,0.040696085066411376,0.0,128.401560513
1508285210.2942648,1.6110450608008482,-0.011099437195847207,0.0,-1.657459453784825,-0.008632930929812634,0.0,0.017788721931414342,0.016193405026348417,0.0,0.2662308878530413,0.04233215563261665,0.0,-0.36918331436278656,0.03465000189059074,0.0,-0.03186568337721202,-0.0316232903002135,0.0,0.029487775359891433,-0.0003131790724206747,0.0,128.421560502
1508285210.314268,1.6110450608008482,-3.551819902671102e-06,0.0,-1.657459453784825,1.462100444964176e-05,0.0,0.017788721931414342,-2.402242018348146e-05,0.0,0.26614566669815876,0.006741589077104684,0.0,-0.36918331436278656,0.03140027198631676,0.0,-0.03186568337721202,-0.031399303438596815,0.0,0.02938503049801028,0.001743322492715486,0.0,128.441563903
1508285210.3342683,1.6110450608008482,-0.00011496552065357621,0.0,-1.6574323036823846,0.002086710060784992,0.0,0.01774310982389804,-0.03995454511787236,0.0,0.26614566669815876,-0.0068160292591323834,0.0,-0.36918331436278656,0.0063362005724743094,0.0,-0.03186568337721202,0.006316104708338337,0.0,0.029487775359891433,-6.530569226674862e-05,0.0,128.461564086
1508285210.354267,1.6110450608008482,-3.678896660914435e-08,0.0,-1.657459453784825,6.677472194511967e-07,0.0,0.017788721931414342,-1.2785454437719142e-05,0.0,0.2662308878530413,0.03381218788838072,0.0,-0.36918331436278656,0.025307388931699544,0.0,-0.03186568337721202,0.02530738250102302,0.0,0.02938503049801028,-0.03150694303972911,0.0,128.481562499
1508285210.3742657,1.6110450608008482,-1.1772469314926179e-11,0.0,-1.657459453784825,0.0020844196073012745,0.0,0.017788721931414342,-0.002045602629572248,0.0,0.26614566669815876,1.0819900124281818e-05,0.0,-0.36926238553741986,-0.00024443592250353346,0.0,-0.03194475455184531,-0.00024443592456152726,0.0,0.029487775359891433,-0.001650208521173574,0.0,128.501561469
1508285210.3942652,1.6110815841529407,0.014020479306939771,0.0,-1.6574323036823846,0.014764713412064853,0.0,0.01774310982389804,-0.017510099179376893,0.0,0.26614566669815876,0.0010888666531084857,0.0,-0.36918331436278656,0.0072821141635711194,0.0,-0.03186568337721202,-0.005362653392213332,0.0,0.029487775359891433,-0.0016404593219726358,0.0,128.521561011
1508285210.4142675,1.6110450608008482,-0.015139237852723895,0.0,-1.657459453784825,0.0005441316562670968,0.0,0.017788721931414342,0.0005503279923866203,0.0,0.2662308878530413,0.033751359583564663,0.0,-0.36918331436278656,0.04440623023778775,0.0,-0.03186568337721202,0.029234766035019427,0.0,0.02938503049801028,-0.0012528037814408313,0.0,128.541563163
1508285210.4342685,1.6110450608008482,-0.0005880785045716797,0.0,-1.657459453784825,-0.010888393483305137,0.0,0.017788721931414342,0.018292943780751116,0.0,0.26614566669815876,0.0013716796481384747,0.0,-0.36918331436278656,0.03162457772700537,0.0,-0.03186568337721202,-0.03119640415750672,0.0,0.029487775359891433,0.010191067518506142,0.0,128.561564189
1508285210.4542677,1.6110450608008482,0.002909404251248601,0.0,-1.657459453784825,-3.48428591465764e-06,0.0,0.017788721931414342,-0.0014500210356702206,0.0,0.26614566669815876,-5.410005302811801e-05,0.0,-0.36926238553741986,-0.008560485116361888,0.0,-0.03178661220257875,0.006541488937657702,0.0,0.029487775359891433,0.04731669670512822,0.0,128.581563545
1508285210.4742663,1.6110450608008482,0.0005867437886142573,0.0,-1.657459453784825,-0.00045278795738482096,0.0,0.017788721931414342,-0.0007029651771125635,0.0,0.26614566669815876,-0.005471689394510852,0.0,-0.36926238553741986,-0.00487587097234956,0.0,-0.03194475455184531,-0.06815519701430067,0.0,0.029487775359891433,0.04080058509069172,0.0,128.601562076
1508285210.4942663,1.6110815841529407,0.011831295828057952,0.0,-1.657459453784825,-1.4489214636314253e-07,0.0,0.017788721931414342,-2.2494885667602006e-07,0.0,0.26614566669815876,-0.0011535257129887159,0.0,-0.36926238553741986,-0.029195815503467608,0.0,-0.03194475455184531,-0.031755912538768215,0.0,0.02938503049801028,0.00657722972665407,0.0,128.621562079
1508285210.5142694,1.6110450608008482,-0.01450018898554233,0.0,-1.657459453784825,0.004430699982816866,0.0,0.017788721931414342,-0.00014596939576486405,0.0,0.26614566669815876,-0.005729267289121651,0.0,-0.36918331436278656,-9.342660961109624e-06,0.0,-0.03186568337721202,-1.0161892012405817e-05,0.0,0.02938503049801028,-0.039552680323567894,0.0,128.641565026
1508285210.5342705,1.6110450608008482,-0.011644248519942401,0.0,-1.6574323036823846,-0.002771715476631819,0.0,0.01774310982389804,-0.03206430525649683,0.0,0.26614566669815876,-1.8333655325189263e-06,0.0,-0.36926238553741986,0.026795359743918536,0.0,-0.03178661220257875,0.02679535948178341,0.0,0.029487775359891433,-0.009981478075606363,0.0,128.661566148
1508285210.554269,1.6110450608008482,0.0005791610386658042,0.0,-1.6574323036823846,0.010833530564910957,0.0,0.01774310982389804,-0.018212056228445548,0.0,0.2662308878530413,5.4473468738521534e-05,0.0,-0.36918331436278656,-0.005279245138377772,0.0,-0.03186568337721202,0.007820235645239216,0.0,0.029487775359891433,-0.0013800333224990252,0.0,128.68156477
1508285210.5742676,1.6110450608008482,1.8533153237305714e-07,0.0,-1.6574323036823846,0.010799259433126035,0.0,0.01774310982389804,-0.018142733918965297,0.0,0.26614566669815876,0.006888105432043999,0.0,-0.36926238553741986,-0.03154403408044272,0.0,-0.03178661220257875,0.031544847197393845,0.0,0.029487775359891433,0.04948728139360765,0.0,128.701563261
1508285210.59434,1.6110450608008482,-2.3365438009430518e-05,0.0,-1.6574323036823846,0.010819154043108797,0.0,0.01774310982389804,-0.018176153057407073,0.0,0.26614566669815876,-5.231529999800866e-05,0.0,-0.36926238553741986,0.004855947454550974,0.0,-0.03178661220257875,0.004876135896563334,0.0,0.02938503049801028,-0.0066343316074091874,0.0,128.721635794
1508285210.6142716,1.6110450608008482,-0.002918260445624699,0.0,-1.657459453784825,-0.001664156093310932,0.0,0.017788721931414342,0.002795778278126633,0.0,0.2662308878530413,0.040837235341734494,0.0,-0.36918331436278656,1.55390318545631e-06,0.0,-0.03186568337721202,-9.960983107525487e-05,0.0,0.029487775359891433,0.04910088007570616,0.0,128.741567416
1508285210.6342688,1.6110450608008482,-0.014745487267074999,0.0,-1.657459453784825,-0.002339625512831844,0.0,0.017788721931414342,-0.0036474685453256766,0.0,0.26614566669815876,0.007092425029822172,0.0,-0.36918331436278656,0.006274269959290357,0.0,-0.03186568337721202,-0.00627430133718508,0.0,0.02938503049801028,-0.03121922503105857,0.0,128.76156452
1508285210.6542723,1.6110450608008482,-4.718555925463994e-06,0.0,-1.657459453784825,-0.010840238082646935,0.0,0.017788721931414342,-0.018153130655669793,0.0,0.26614566669815876,0.005474094075621741,0.0,-0.36926238553741986,-0.003556484744236369,0.0,-0.03178661220257875,0.006593400846252627,0.0,0.029487775359891433,0.0066527074337480565,0.0,128.781568006
1508285210.6742697,1.6110450608008482,2.3275229553064345e-05,0.0,-1.6574323036823846,0.01035227821641775,0.0,0.01774310982389804,-0.01763818267307641,0.0,0.26614566669815876,0.00032967227796726887,0.0,-0.36918331436278656,-0.00025500133093855844,0.0,-0.03186568337721202,0.0002559731440911146,0.0,0.02938503049801028,-0.042330853105515265,0.0,128.801565461
1508285210.6942706,1.6110450608008482,0.0005841448809614791,0.0,-1.6574323036823846,0.010844106520297056,0.0,0.01774310982389804,-0.01821815200009046,0.0,0.2662308878530413,0.03397358115708669,0.0,-0.36926238553741986,-0.00631794885222489,0.0,-0.03178661220257875,0.006317949163202882,0.0,0.029487775359891433,0.008523314160996632,0.0,128.821566362
1508285210.714271,1.6110450608008482,-0.01563362778292449,0.0,-1.657459453784825,-0.01153096987876229,0.0,0.017788721931414342,0.01943006433347505,0.0,0.26614566669815876,-0.028019599205708526,0.0,-0.36918331436278656,0.0002518111530324863,0.0,-0.03186568337721202,-0.00025181115293288424,0.0,0.029487775359891433,0.010253771828279513,0.0,128.841566878
1508285210.73427,1.6110450608008482,0.0005764325773607133,0.0,-1.6574323036823846,0.013118097518175454,0.0,0.01774310982389804,-0.022038354045713474,0.0,0.2662308878530413,0.03414446748620853,0.0,-0.36918331436278656,0.032796270575220415,0.0,-0.03186568337721202,0.030379448017958995,0.0,0.02938503049801028,-0.03282366907861085,0.0,128.861565802
1508285210.7542734,1.6110450608008482,-0.00011664302815284896,0.0,-1.657459453784825,0.00024746582315968163,0.0,0.017788721931414342,0.0007518037927758832,0.0,0.26614566669815876,-0.03644747004775159,0.0,-0.36926238553741986,0.00622943726297241,0.0,-0.03194475455184531,-0.05879505206193293,0.0,0.029487775359891433,0.04230105117970695,0.0,128.881569259
1508285210.7742712,1.6110815841529407,0.015194506931236574,0.0,-1.657459453784825,0.0017214794125257923,0.0,0.017788721931414342,-0.002891707703397464,0.0,0.26614566669815876,0.006476984415519855,0.0,-0.36918331436278656,0.039222042975842794,0.0,-0.03186568337721202,0.036679492615896564,0.0,0.029487775359891433,0.0017174204599034258,0.0,128.901566862
1508285210.794274,1.6110450608008482,4.862242217995698e-06,0.0,-1.6574323036823846,0.010645928708045059,0.0,0.01774310982389804,-0.01817343021505329,0.0,0.26614566669815876,-0.03362739006273581,0.0,-0.3693414567120531,-0.007829172841718295,0.0,-0.031865683377212045,-0.005300128672481521,0.0,0.02938503049801028,-0.049221342815829884,0.0,128.921569744
1508285210.8142745,1.6110450608008482,-0.00011720301878174382,0.0,-1.657459453784825,-0.0021612749379138103,0.0,0.017788721931414342,0.003630844500032119,0.0,0.2662308878530413,0.03442916994055127,0.0,-0.36926238553741986,-0.00656060350646278,0.0,-0.03194475455184531,-0.07046894397488944,0.0,0.02938503049801028,-0.04127348555342285,0.0,128.941570176
1508285210.8342714,1.6110450608008482,-3.750496601015798e-08,0.0,-1.657459453784825,-0.010982176010497217,0.0,0.017788721931414342,0.01845002954410405,0.0,0.26614566669815876,-0.007136035781769415,0.0,-0.36926238553741986,-0.03274249149188553,0.0,-0.03194475455184531,-0.032762942160835425,0.0,0.02938503049801028,-0.0065924909157857575,0.0,128.961567055
1508285210.8542747,1.6110450608008482,-0.015128507334669954,0.0,-1.657459453784825,-0.0005248875814937574,0.0,0.017788721931414342,0.0008818098883161483,0.0,0.26614566669815876,0.001414905050307754,0.0,-0.36926238553741986,0.03173174121206865,0.0,-0.03178661220257875,0.03163055241632573,0.0,0.02938503049801028,-0.007886233453590342,0.0,128.98157044
1508285210.8742723,1.6110450608008482,-0.017535579253691244,0.0,-1.6574323036823846,0.012944384817377317,0.0,0.017834334038930866,0.014741445226715605,0.0,0.26614566669815876,0.0015774671221963775,0.0,-0.36926238553741986,0.031941365505413925,0.0,-0.03194475455184531,-0.028893837423620772,0.0,0.029487775359891433,0.049379197035225156,0.0,129.001568058
1508285210.8942754,1.6110450608008482,-5.611385361181191e-06,0.0,-1.657459453784825,-0.00041456278224877383,0.0,0.017788721931414342,-0.006296542648882604,0.0,0.26614566669815876,-0.03257991089090829,0.0,-0.3693414567120531,-0.03143845473836251,0.0,-0.03170754102794546,0.03143942994737082,0.0,0.02938503049801028,-0.008268240284059267,0.0,129.021571071
1508285210.9142754,1.6110450608008482,-0.011648396520865894,0.0,-1.6574323036823846,0.011172266336266945,0.0,0.01774310982389804,-0.017599011133279458,0.0,0.26614566669815876,-1.0425571485090642e-05,0.0,-0.36926238553741986,9.076148201082948e-05,0.0,-0.03178661220257875,1.0060617583158652e-05,0.0,0.02938503049801028,-0.033099721047616236,0.0,129.041571026
1508285210.9342725,1.6110815841529407,0.01459796838108748,0.0,-1.657459453784825,3.575125227605419e-06,0.0,0.017788721931414342,-5.63168356264942e-06,0.0,0.26614566669815876,-0.03407062702815217,0.0,-0.36926238553741986,0.005122611288748003,0.0,-0.03178661220257875,0.005020207522503934,0.0,0.02938503049801028,-0.042650946171858384,0.0,129.061568158
1508285210.9542725,1.6110450608008482,-0.014663435582482755,0.0,-1.6574323036823846,0.010573278635628887,0.0,0.01774310982389804,-0.010472439225685713,0.0,0.26614566669815876,-0.00033730030941586767,0.0,-0.3693414567120531,-0.03812400729853831,0.0,-0.031865683377212045,-0.038527410256754456,0.0,0.029487775359891433,0.039605576045280595,0.0,129.081568257
1508285210.974274,1.6110815841529407,0.014577173947219565,0.0,-1.6574323036823846,0.010408515911213856,0.0,0.01774310982389804,-0.017483948965437826,0.0,0.26614566669815876,-1.0793609901307752e-07,0.0,-0.36926238553741986,0.00150604689390345,0.0,-0.03178661220257875,0.0015059178049578869,0.0,0.029487775359891433,0.03919167138114765,0.0,129.101569576
1508285210.9942763,1.6110450608008482,4.664695663110255e-06,0.0,-1.657459453784825,-0.0017526042189805245,0.0,0.017788721931414342,0.002944371665416595,0.0,0.26614566669815876,-0.005511684720093654,0.0,-0.36926238553741986,0.006374987911078217,0.0,-0.03178661220257875,0.00637498786977423,0.0,0.02938503049801028,-0.009842687841422644,0.0,129.121572082
1508285211.0142765,1.6110450608008482,1.49270261219528e-09,0.0,-1.657459453784825,-0.013400563081740839,0.0,0.017788721931414342,0.022454393814580045,0.0,0.2662308878530413,0.00666773467830527,0.0,-0.3693414567120531,0.00619023440404087,0.0,-0.031865683377212045,0.006190234404031997,0.0,0.02938503049801028,-0.042277615061791306,0.0,129.141572264
1508285211.034274,1.6110450608008482,0.0005839982536104123,0.0,-1.657459453784825,-2.1593297434301362e-05,0.0,0.017788721931414342,3.625796183275039e-05,0.0,0.2662308878530413,0.00022165227286054717,0.0,-0.3693414567120531,1.9808750092930766e-06,0.0,-0.031865683377212045,1.9808750092902374e-06,0.0,0.02938503049801028,-0.04260869517235073,0.0,129.161569746
1508285211.0543468,1.6110450608008482,1.8687944115533173e-07,0.0,-1.6574323036823846,1.7285889122293963e-05,0.0,0.01774310982389804,-0.036467618545037134,0.0,0.26614566669815876,0.0002728634349488256,0.0,-0.36918331436278656,0.05815793429447692,0.0,-0.03186568337721202,-0.007539662134101724,0.0,0.02938503049801028,-0.001262560698537424,0.0,129.181642413
1508285211.074275,1.6110450608008482,0.0028034560350940043,0.0,-1.657459453784825,-0.0212889876389954,0.0,0.017788721931414342,-0.0007709225199137295,0.0,0.2662308878530413,0.042244739351907125,0.0,-0.36926238553741986,-0.006000051463677258,0.0,-0.03194475455184531,-0.00602107469453419,0.0,0.02938503049801028,-4.040194235319752e-07,0.0,129.201570666
1508285211.0942779,1.6110450608008482,-0.002336836524673453,0.0,-1.6574323036823846,0.0025997344965148364,0.0,0.01774310982389804,-0.04087592141747648,0.0,0.26614566669815876,-0.0012954434483882977,0.0,-0.36926238553741986,-0.03011937955068515,0.0,-0.03194475455184531,-0.030119386278119026,0.0,0.02938503049801028,0.008220184614015191,0.0,129.221573507
1508285211.1142797,1.6110815841529407,0.014511459835042042,0.0,-1.657459453784825,-0.0016279058831712152,0.0,0.017788721931414342,0.0027231953317558093,0.0,0.26614566669815876,0.006735064074200583,0.0,-0.3693414567120531,-0.003802568846142859,0.0,-0.031865683377212045,-0.006207794393338497,0.0,0.02938503049801028,-0.03276819941865697,0.0,129.241575522
1508285211.1342754,1.6110450608008482,0.00362553058585326,0.0,-1.657459453784825,-0.010831051550387896,0.0,0.017788721931414342,0.018196137101673865,0.0,0.26614566669815876,2.155220503744184e-06,0.0,-0.36918331436278656,-0.013199395943157074,0.0,-0.03186568337721202,-5.2559538809424055e-05,0.0,0.02938503049801028,-0.006579779384601241,0.0,129.261571054
1508285211.1542783,1.6110450608008482,-2.2224833608096572e-05,0.0,-1.657459453784825,-0.011302484594284302,0.0,0.017788721931414342,-0.01758266184965912,0.0,0.26614566669815876,-0.034492288331463554,0.0,-0.36926238553741986,-0.03170300937889997,0.0,-0.03194475455184531,-0.031800057045128415,0.0,0.02938503049801028,-0.04777105403476647,0.0,129.281574061
1508285211.1742754,1.6110815841529407,0.014605169079199369,0.0,-1.657459453784825,6.56756414965133e-05,0.0,0.017788721931414342,-0.00012203758039353599,0.0,0.26614566669815876,-1.1037532266068326e-05,0.0,-0.36926238553741986,-1.0144963001247982e-05,0.0,-0.03178661220257875,-1.017601825444108e-05,0.0,0.02938503049801028,-8.077495728572305e-05,0.0,129.301571188
1508285211.1942773,1.6110450608008482,0.00012109881351150175,0.0,-1.6574323036823846,0.012599517651558543,0.0,0.01774310982389804,-0.022577357921434317,0.0,0.26614566669815876,-0.033663225508643174,0.0,-0.36926238553741986,0.0380671936771033,0.0,-0.03178661220257875,0.025408852291269393,0.0,0.029487775359891433,0.001654266609470775,0.0,129.321572901
1508285211.2142768,1.6110450608008482,-0.0029143972393406055,0.0,-1.6574323036823846,-0.002249691791605595,0.0,0.01774310982389804,-0.03263516331856751,0.0,0.26614566669815876,-1.0772232162765803e-05,0.0,-0.36918331436278656,0.03303757341609459,0.0,-0.03186568337721202,0.030007218371601294,0.0,0.02938503049801028,-0.0327477049999474,0.0,129.341572553
1508285211.2342768,1.6110450608008482,-0.002928946785109829,0.0,-1.6574323036823846,-0.00043530846005285906,0.0,0.01774310982389804,-0.03575527259126213,0.0,0.26614566669815876,0.007159003992563749,0.0,-0.36926238553741986,0.02508520694722864,0.0,-0.03178661220257875,0.025589666613780426,0.0,0.02938503049801028,-0.00785314885953588,0.0,129.361572451
1508285211.254278,1.6110450608008482,-2.434459894734248e-05,0.0,-1.657459453784825,-0.010794847671479726,0.0,0.017788721931414342,0.018123642700960126,0.0,0.2662308878530413,0.03546658383431352,0.0,-0.36918331436278656,0.06237899244679157,0.0,-0.03186568337721202,-0.0015093039976324457,0.0,0.029487775359891433,0.041176960013633586,0.0,129.381573689
1508285211.274276,1.6110450608008482,-7.790271663149585e-09,0.0,-1.6574323036823846,0.011272642625938446,0.0,0.01774310982389804,-0.0174795404303655,0.0,0.2662308878530413,0.0337702441431955,0.0,-0.36918331436278656,0.031798806178189365,0.0,-0.03186568337721202,0.03177836192332715,0.0,0.029487775359891433,0.03272865533715278,0.0,129.401571779
1508285211.2942784,1.6110450608008482,-2.4928869322078646e-12,0.0,-1.6574051535799441,0.008994747811894603,0.0,0.017788721931414564,0.02268900403210694,0.0,0.2662308878530413,0.033905529638924035,0.0,-0.3693414567120531,-0.006568241032172332,0.0,-0.031865683377212045,-0.006467017066079819,0.0,0.02938503049801028,-0.008537502919573134,0.0,129.421574134
1508285211.31428,1.6110815841529407,0.011164010228042014,0.0,-1.6574323036823846,0.012754155568460303,0.0,0.017834334038930866,0.014066502634062094,0.0,0.2662308878530413,-0.005181489293780733,0.0,-0.36918331436278656,0.032012643120763865,0.0,-0.03186568337721202,0.032519734920439226,0.0,0.02938503049801028,-0.04022876763173835,0.0,129.441575657
1508285211.3342807,1.6110450608008482,-0.014606827304508033,0.0,-1.657459453784825,-0.013398485879927077,0.0,0.017788721931414342,0.022520782311603628,0.0,0.26614566669815876,0.006833641185926246,0.0,-0.36926238553741986,0.03767955023245567,0.0,-0.03178661220257875,0.037679712501858226,0.0,0.02938503049801028,-0.0002758250530361633,0.0,129.461576432
1508285211.3542788,1.6110450608008482,-0.0144981489555406,0.0,-1.657459453784825,8.263019625433238e-05,0.0,0.017788721931414342,-0.00013881489861985162,0.0,0.26614566669815876,2.186765179496396e-06,0.0,-0.3693414567120531,0.006269461119408373,0.0,-0.031865683377212045,-0.006346745925158656,0.0,0.029487775359891433,0.03952287376698016,0.0,129.481574618
1508285211.3742778,1.6110450608008482,-4.639407665772987e-06,0.0,-1.657459453784825,0.0025783198292776578,0.0,0.017788721931414342,-0.004331571178807875,0.0,0.26614566669815876,-0.03400206599972296,0.0,-0.36926238553741986,0.0010683900973770916,0.0,-0.03194475455184531,-0.0010684148285145577,0.0,0.02938503049801028,0.009578503974179087,0.0,129.501573468
1508285211.3942804,1.6110450608008482,0.0029248680480842264,0.0,-1.6574323036823846,0.013411517092007575,0.0,0.01774310982389804,-0.022589746336334045,0.0,0.26614566669815876,0.0010744323131891868,0.0,-0.36918331436278656,0.024278590010735318,0.0,-0.03186568337721202,-0.023672830751131264,0.0,0.02938503049801028,-0.04924275981213091,0.0,129.521576199
1508285211.4142795,1.6110450608008482,2.4218224870121124e-05,0.0,-1.657459453784825,-0.01085187647560811,0.0,0.017788721931414342,0.018231107967515824,0.0,0.26614566669815876,5.4669108227980785e-05,0.0,-0.3693414567120531,-0.005052390677563282,0.0,-0.031865683377212045,0.004547034757057213,0.0,0.02938503049801028,-0.0002787166575300376,0.0,129.541575142
1508285211.4342797,1.6110815841529407,0.014487776211814121,0.0,-1.657459453784825,0.0016266922832579623,0.0,0.017788721931414342,-0.002732839172338793,0.0,0.2662308878530413,0.03517105397700776,0.0,-0.36926238553741986,0.03111018601063614,0.0,-0.03178661220257875,0.03162019613152942,0.0,0.02938503049801028,-0.03379672138155609,0.0,129.561575334
1508285211.45428,1.6110450608008482,4.636088387780514e-06,0.0,-1.657459453784825,-0.00045253648995043473,0.0,0.017788721931414342,-0.0007036215141913657,0.0,0.26614566669815876,1.1254737272642469e-05,0.0,-0.3693414567120531,-0.00020064037930763134,0.0,-0.031865683377212045,-0.00030169561583594663,0.0,0.02938503049801028,-0.00035022380945303643,0.0,129.581575528
1508285211.4742785,1.6110815841529407,0.014624349147021685,0.0,-1.657459453784825,0.00010367806923347715,0.0,0.017788721931414342,-0.0001746473518436024,0.0,0.26614566669815876,-0.0343948107711358,0.0,-0.3693414567120531,0.0003023065564921155,0.0,-0.031865683377212045,0.00030227421881663864,0.0,0.02938503049801028,-0.04114027294680531,0.0,129.60157411
1508285211.4942791,1.6110450608008482,4.679791727046934e-06,0.0,-1.657459453784825,-0.0012002848078926213,0.0,0.017788721931414342,-0.003824035623699648,0.0,0.26614566669815876,-1.1006339446763444e-05,0.0,-0.36926238553741986,0.0010620455786825942,0.0,-0.03178661220257875,0.0010620455683343962,0.0,0.029487775359891433,-1.3164887342977685e-05,0.0,129.621574756
1508285211.514281,1.6110450608008482,0.00011689863207004708,0.0,-1.6574323036823846,0.010379468256194487,0.0,0.01774310982389804,-0.017497509864869955,0.0,0.26614566669815876,-0.0014165110146470929,0.0,-0.36918331436278656,0.07573665660681096,0.0,-0.03186568337721202,3.3985459515949303e-07,0.0,0.029487775359891433,0.03277128262482554,0.0,129.641576671
1508285211.53428,1.6110450608008482,-0.014610362380218744,0.0,-1.6574323036823846,0.013471837600462144,0.0,0.01774310982389804,-0.022632674331371224,0.0,0.26614566669815876,0.00027214418515662667,0.0,-0.36918331436278656,-0.004782097029633665,0.0,-0.03186568337721202,0.005312183841310404,0.0,0.02938503049801028,-0.0016366921104108006,0.0,129.6615759
1508285211.554281,1.6110450608008482,0.0029111475110644327,0.0,-1.657459453784825,-8.283537247312503e-05,0.0,0.017788721931414342,0.0001391632225621557,0.0,0.26614566669815876,0.0013590261126175589,0.0,-0.36918331436278656,0.01115961738312506,0.0,-0.03186568337721202,-0.0014623646877367517,0.0,0.02938503049801028,-0.0015731348339652318,0.0,129.681576736
1508285211.5742795,1.6110450608008482,9.315672035406173e-07,0.0,-1.657459453784825,-0.012979921236440234,0.0,0.017788721931414342,0.022097204169870644,0.0,0.26614566669815876,-0.0013572137509161196,0.0,-0.36918331436278656,5.240463748240647e-05,0.0,-0.03186568337721202,4.836560321973069e-05,0.0,0.02938503049801028,0.00026375585526503236,0.0,129.701575362
1508285211.59428,1.6110450608008482,-0.00011688290020074284,0.0,-1.6574323036823846,0.010335604482488705,0.0,0.01774310982389804,-0.019053684830082802,0.0,0.26614566669815876,-0.02858001938030851,0.0,-0.3693414567120531,-0.03208413246804557,0.0,-0.031865683377212045,0.03157807251569867,0.0,0.029487775359891433,0.008281870374442281,0.0,129.721575738
1508285211.614282,1.6110450608008482,-0.014570484842773825,0.0,-1.657459453784825,3.3073934343963826e-06,0.0,0.017788721931414342,-6.097179145626489e-06,0.0,0.26614566669815876,0.006755295407200432,0.0,-0.36918331436278656,0.03153400073178911,0.0,-0.03186568337721202,0.032061795702627516,0.0,0.029487775359891433,0.05052260690733324,0.0,129.741577596
1508285211.6342812,1.6110450608008482,0.0001120814633498666,0.0,-1.6574323036823846,6.941311034720232e-05,0.0,0.01774310982389804,-0.000174980887703984,0.0,0.26614566669815876,-0.0010929857852435654,0.0,-0.36910424318815327,0.06410293725105153,0.0,-0.03194475455184531,0.0012791207752910225,0.0,0.02938503049801028,1.6167234210346622e-05,0.0,129.761576947
1508285211.654282,1.6110450608008482,-0.01158823679955285,0.0,-1.6574323036823846,0.007848227979933375,0.0,0.01774310982389804,-0.02193415433431888,0.0,0.26614566669815876,0.00027211784306868203,0.0,-0.3693414567120531,-0.031839014370946814,0.0,-0.031865683377212045,0.031455244312794416,0.0,0.02938503049801028,0.0020406542124643844,0.0,129.781577874
1508285211.674282,1.6110450608008482,-3.7082357758569074e-06,0.0,-1.657459453784825,-0.02169586337071433,0.0,0.017788721931414342,-7.0189294757111105e-06,0.0,0.26614566669815876,0.0002728145404152641,0.0,-0.36918331436278656,0.031637305097565495,0.0,-0.03186568337721202,-0.01887479943403693,0.0,0.029487775359891433,0.03085919882352422,0.0,129.80157779500001
1508285211.6942816,1.6110450608008482,-1.186635448274209e-09,0.0,-1.6574323036823846,-6.942676278628577e-06,0.0,0.01774310982389804,-2.246057432227553e-09,0.0,0.26614566669815876,0.006820713291033331,0.0,-0.36918331436278656,1.0123937631220946e-05,0.0,-0.03186568337721202,-6.03993581889181e-06,0.0,0.029487775359891433,0.05130406940286292,0.0,129.821577243
1508285211.7142832,1.6110450608008482,-0.0029252186045068762,0.0,-1.6574323036823846,0.0021744965637165397,0.0,0.01774310982389804,0.0036531527861052007,0.0,0.2662308878530413,0.02738178554796705,0.0,-0.3693414567120531,-0.03199025953080998,0.0,-0.031865683377212045,-0.03148314472192808,0.0,0.029487775359891433,0.04132081601830986,0.0,129.841578874
1508285211.7342823,1.6110450608008482,0.00011243306364499169,0.0,-1.657459453784825,-0.0005352422300671398,0.0,0.017788721931414342,0.0006183821061611093,0.0,0.26614566669815876,-0.04085619236868395,0.0,-0.36918331436278656,-1.0236883049859182e-05,0.0,-0.03186568337721202,-1.0074606311016974e-05,0.0,0.029487775359891433,-0.006181738285306141,0.0,129.861577983
1508285211.7542832,1.6110450608008482,3.59785803663973e-08,0.0,-1.657459453784825,-0.022081771118714393,0.0,0.017788721931414342,-0.00815938959689956,0.0,0.26614566669815876,4.129003833683065e-05,0.0,-0.36926238553741986,-0.030385907807402322,0.0,-0.03194475455184531,-0.03048678944187652,0.0,0.02938503049801028,-0.041127416320877457,0.0,129.881578917
1508285211.7742817,1.6110450608008482,-0.000585183387889538,0.0,-1.6574323036823846,-7.066166757988597e-06,0.0,0.01774310982389804,-2.611004671007857e-06,0.0,0.26614566669815876,0.0002722538360627241,0.0,-0.3693414567120531,-0.03150905095566665,0.0,-0.031865683377212045,-0.03150908323781179,0.0,0.029487775359891433,5.2663484177617243e-05,0.0,129.901577387
1508285211.7942824,1.6110450608008482,-0.0029226156221014866,0.0,-1.6574323036823846,0.010778186119574552,0.0,0.01774310982389804,-0.01810733167640668,0.0,0.26614566669815876,-0.0014092511964003465,0.0,-0.36926238553741986,0.00024191172341570964,0.0,-0.03178661220257875,-0.0002620775263575343,0.0,0.029487775359891433,0.04933681058292509,0.0,129.921578229
1508285211.814284,1.6110450608008482,-0.0005848639251225128,0.0,-1.657459453784825,0.0021925094682962304,0.0,0.017788721931414342,-0.003683410692757069,0.0,0.26614566669815876,5.420530427307314e-05,0.0,-0.36918331436278656,0.0002016595633750133,0.0,-0.03186568337721202,0.00020149828681522743,0.0,0.02938503049801028,-0.007940502163566432,0.0,129.941579844
1508285211.8342836,1.6110450608008482,-1.8715645603920389e-07,0.0,-1.657459453784825,1.8703455886606603e-05,0.0,0.017788721931414342,-0.007328148150129081,0.0,0.26614566669815876,-0.005182450663349306,0.0,-0.36926238553741986,-0.007587551895865314,0.0,-0.03194475455184531,-0.0075875519474738135,0.0,0.029487775359891433,0.04962654474629608,0.0,129.961579231
1508285211.8542848,1.6110815841529407,0.014031489629452934,0.0,-1.657459453784825,1.732549586884942e-05,0.0,0.017788721931414342,2.6751729474846314e-05,0.0,0.26614566669815876,-5.602240410708129e-05,0.0,-0.36918331436278656,-0.006573431903100288,0.0,-0.03186568337721202,-0.006573431903116803,0.0,0.029487775359891433,0.03154221945099103,0.0,129.981580405
1508285211.8742828,1.6110450608008482,-0.00011226784488094927,0.0,-1.657459453784825,0.00045005802681772223,0.0,0.017788721931414342,-0.0007560785397449175,0.0,0.26614566669815876,-0.0002724530774817573,0.0,-0.36918331436278656,0.030252067091865537,0.0,-0.03186568337721202,0.03025206709186553,0.0,0.02938503049801028,-0.008537566326719634,0.0,130.001578518
1508285211.8942845,1.6110815841529407,0.014601659942263796,0.0,-1.657459453784825,0.0021780217764743835,0.0,0.017788721931414342,-0.0036590713977562874,0.0,0.2662308878530413,0.03543060663610077,0.0,-0.36918331436278656,0.031874585329472335,0.0,-0.03186568337721202,0.01918900869838211,0.0,0.02938503049801028,0.001571289764363768,0.0,130.02158013
1508285211.9142854,1.6110450608008482,0.0005646075972999985,0.0,-1.6574323036823846,-0.0004155379494389646,0.0,0.017834334038930866,0.0006981027665923908,0.0,0.26614566669815876,1.1337794123552234e-05,0.0,-0.36918331436278656,0.025518774748785215,0.0,-0.03186568337721202,0.025514715364263266,0.0,0.029487775359891433,0.04102805822556062,0.0,130.041581097
1508285211.9342856,1.6110450608008482,-0.017349442816615164,0.0,-1.657459453784825,0.0004167219719499181,0.0,0.017788721931414342,0.00657755125499416,0.0,0.26614566669815876,-0.035372824895937835,0.0,-0.3693414567120531,-0.03780486915944728,0.0,-0.031865683377212045,-0.03780487045847691,0.0,0.02938503049801028,-0.03272755853478647,0.0,130.06158133
1508285211.954286,1.6110450608008482,-5.551821701316845e-06,0.0,-1.657459453784825,-0.010405262098329196,0.0,0.017788721931414342,0.018942141902693943,0.0,0.2662308878530413,0.027536079168920823,0.0,-0.3693414567120531,-0.032997084265757676,0.0,-0.031865683377212045,-0.03289617860031034,0.0,0.029487775359891433,0.034188206501856465,0.0,130.081581769
1508285211.9742846,1.6110450608008482,-0.0030635258917412174,0.0,-1.657459453784825,-0.010835746641445746,0.0,0.017788721931414342,0.01820449620636533,0.0,0.2662308878530413,0.03946982196477648,0.0,-0.36926238553741986,-1.0559066965042445e-05,0.0,-0.03178661220257875,-1.0526777152099298e-05,0.0,0.029487775359891433,0.04093799986513607,0.0,130.101580331
1508285211.9942849,1.6110450608008482,-0.011675368897713931,0.0,-1.6574323036823846,0.008224076526929578,0.0,0.017834334038930866,0.02119359643013721,0.0,0.26614566669815876,-0.001075910902868469,0.0,-0.36926238553741986,0.0012116505104796985,0.0,-0.03194475455184531,0.0012116505208132893,0.0,0.029487775359891433,0.04305252378112153,0.0,130.121580505
1508285212.014289,1.6110450608008482,-3.736118047268454e-06,0.0,-1.657459453784825,-0.010617632531137369,0.0,0.017788721931414342,0.017848800603602333,0.0,0.26614566669815876,-0.026460408888594085,0.0,-0.36926238553741986,5.079263630665408e-05,0.0,-0.03178661220257875,0.0619110946272757,0.0,0.02938503049801028,-0.00024922128719113485,0.0,130.141584575
1508285212.034289,1.6110450608008482,-1.195557775125904e-09,0.0,-1.657459453784825,0.0026043937517306022,0.0,0.017788721931414342,-0.004375371722641548,0.0,0.2662308878530413,-0.001370967603133561,0.0,-0.36926238553741986,0.0015688523715641368,0.0,-0.03194475455184531,0.001588647668201247,0.0,0.029487775359891433,0.05095607396548307,0.0,130.161584723
1508285212.054286,1.6110450608008482,-3.825784880402889e-13,0.0,-1.657459453784825,-0.008690415649985189,0.0,0.017788721931414342,0.014599877620670556,0.0,0.26614566669815876,0.0013623862380457681,0.0,-0.3693414567120531,-0.06907342948143608,0.0,-0.031865683377212045,-0.006318111190730482,0.0,0.029487775359891433,0.04243140139133703,0.0,130.181581661
1508285212.074286,1.6110450608008482,0.0028294316972259253,0.0,-1.657459453784825,-0.012580841303308499,0.0,0.017788721931414342,0.021135783462700654,0.0,0.26614566669815876,5.4968453636069375e-05,0.0,-0.36926238553741986,-0.030225227903637682,0.0,-0.03194475455184531,-0.030205146201784657,0.0,0.02938503049801028,0.008629806712693209,0.0,130.201581649
1508285212.0942872,1.6110450608008482,-0.0030369584648324674,0.0,-1.6574323036823846,-0.010539845001448424,0.0,0.01774310982389804,-0.01734379435813878,0.0,0.26614566669815876,0.0016411565008955368,0.0,-0.36926238553741986,-0.03681720342452553,0.0,-0.03194475455184531,-0.036817196998380944,0.0,0.029487775359891433,0.0003304360522353241,0.0,130.221582941
1508285212.11429,1.6110450608008482,-2.423751886250187e-05,0.0,-1.657459453784825,-0.010861611917647151,0.0,0.017788721931414342,0.018236265957586557,0.0,0.2662308878530413,0.03408333144501452,0.0,-0.36926238553741986,-1.1781505095848155e-05,0.0,-0.03194475455184531,0.01263147964727036,0.0,0.02938503049801028,-0.04076646914511669,0.0,130.241585646
1508285212.1342902,1.6110450608008482,-7.756006036000588e-09,0.0,-1.6574323036823846,0.010441823765543062,0.0,0.01774310982389804,-0.017542242676665813,0.0,0.26614566669815876,-0.0010781150206137238,0.0,-0.36926238553741986,0.0315841490808716,0.0,-0.03194475455184531,-0.03158011077747719,0.0,0.02938503049801028,-0.04276173133508929,0.0,130.261585976
1508285212.1542873,1.6110450608008482,-2.4819219315201856e-12,0.0,-1.657459453784825,-0.008631333080019732,0.0,0.017788721931414342,-0.022096424479335373,0.0,0.26614566669815876,-0.00027087928691700135,0.0,-0.36918331436278656,0.02667282089925494,0.0,-0.03186568337721202,-0.036790441697196814,0.0,0.029487775359891433,-0.0019172438909405346,0.0,130.281583162
1508285212.1742866,1.6110450608008482,0.0001168414095283747,0.0,-1.657459453784825,0.0004993399962611145,0.0,0.017788721931414342,-0.0008506010598334383,0.0,0.26614566669815876,-0.0013580576876484282,0.0,-0.36926238553741986,0.03283342298474369,0.0,-0.03178661220257875,0.030293168543521085,0.0,0.029487775359891433,0.050811263666777504,0.0,130.301582291
1508285212.194288,1.6110450608008482,3.738925104907986e-08,0.0,-1.6574323036823846,0.012959204968271817,0.0,0.01774310982389804,-0.021771437267337886,0.0,0.2662308878530413,-0.0011484650825315322,0.0,-0.3693414567120531,-0.00779361366497916,0.0,-0.031865683377212045,-0.005359624487575792,0.0,0.02938503049801028,-0.03921311928346695,0.0,130.321583718
1508285212.21429,1.6110450608008482,2.3385015360129947e-05,0.0,-1.657459453784825,-0.014768757642371833,0.0,0.017788721931414342,-0.018942817772669294,0.0,0.26614566669815876,-0.006750198566262039,0.0,-0.3693414567120531,-0.03797839734679867,0.0,-0.031865683377212045,-0.038381612729030186,0.0,0.029487775359891433,0.04145793479249138,0.0,130.341585538
1508285212.2342916,1.6110450608008482,-2.329415119459173e-05,0.0,-1.6574323036823846,0.010987404093020653,0.0,0.01774310982389804,-0.018414613725171114,0.0,0.26614566669815876,-0.005734774800384016,0.0,-0.3693414567120531,-0.03303783081919045,0.0,-0.03170754102794546,0.03291250194126928,0.0,0.02938503049801028,-0.04803665511147242,0.0,130.361587204
1508285212.254289,1.6110450608008482,-7.454128382269345e-09,0.0,-1.657459453784825,-0.02161383462313846,0.0,0.017788721931414342,-0.0001229464056973562,0.0,0.26614566669815876,0.00027121786289385855,0.0,-0.3693414567120531,-0.019048502241882707,0.0,-0.031865683377212045,0.03169172328696268,0.0,0.029487775359891433,0.050620204410193693,0.0,130.381584549
1508285212.2742882,1.6110450608008482,0.00011716255346545043,0.0,-1.657459453784825,-0.006135266001106046,0.0,0.017788721931414342,0.01759143016273851,0.0,0.26614566669815876,-0.005112539660143252,0.0,-0.36926238553741986,9.528003423966703e-05,0.0,-0.03178661220257875,0.0020545956126592447,0.0,0.029487775359891433,0.006575571963489452,0.0,130.401583797
1508285212.294289,1.6110450608008482,-0.014402047954247441,0.0,-1.657459453784825,0.0004505826476539424,0.0,0.017788721931414342,-0.0006965775567393024,0.0,0.26614566669815876,-1.6360126912458389e-06,0.0,-0.3693414567120531,-0.03016447775368479,0.0,-0.031865683377212045,-0.032699147812752835,0.0,0.029487775359891433,0.039197781337768266,0.0,130.421584912
1508285212.3142903,1.6110450608008482,-4.608655345359175e-06,0.0,-1.6574323036823846,0.009124840844843739,0.0,0.01774310982389804,-0.015329691585420269,0.0,0.26614566669815876,-5.23524061198668e-10,0.0,-0.3693414567120531,-0.02395529701742458,0.0,-0.031865683377212045,-0.027090396262034282,0.0,0.02938503049801028,-0.030839673897795544,0.0,130.441586073
1508285212.3342907,1.6110450608008482,-0.0005842085224155552,0.0,-1.6574323036823846,0.01086458000548325,0.0,0.01774310982389804,-0.01825246855875024,0.0,0.26614566669815876,-1.6752769958357359e-13,0.0,-0.36926238553741986,0.02534605266206577,0.0,-0.03178661220257875,0.03800490080760528,0.0,0.029487775359891433,0.047741407717367124,0.0,130.461586421
1508285212.35429,1.6110815841529407,0.01752915839164932,0.0,-1.657459453784825,-0.00043033584208014856,0.0,0.017788721931414342,0.0007229631910290277,0.0,0.26614566669815876,0.006764712899620903,0.0,-0.36926238553741986,-0.0001446809186502281,0.0,-0.03194475455184531,0.0002656912722615143,0.0,0.02938503049801028,1.527725046955746e-05,0.0,130.481585762
1508285212.3742893,1.6110450608008482,5.609330685327776e-06,0.0,-1.657459453784825,0.00010422785971133004,0.0,0.017788721931414342,-0.00011668697012058467,0.0,0.2662308878530413,0.034032242614434945,0.0,-0.3693414567120531,-0.030565892579781852,0.0,-0.031865683377212045,0.03258283691596138,0.0,0.02938503049801028,-0.001639536417350761,0.0,130.501585093
1508285212.3942904,1.6110450608008482,0.002923127219432023,0.0,-1.657459453784825,3.335291510762557e-08,0.0,0.017788721931414342,-5.843899439895425e-05,0.0,0.26614566669815876,1.089031763661917e-05,0.0,-0.36926238553741986,-0.00011102366525413226,0.0,-0.03178661220257875,1.042650781308986e-05,0.0,0.02938503049801028,-0.008289427588644026,0.0,130.521586186
1508285212.4142916,1.6110450608008482,-0.0005812595324009792,0.0,-1.657459453784825,-0.008798975129666894,0.0,0.017788721931414342,0.0220685435797816,0.0,0.26614566669815876,0.006806829113244851,0.0,-0.36926238553741986,0.03289869262649249,0.0,-0.03178661220257875,0.032898731490570966,0.0,0.029487775359891433,0.042680474896571,0.0,130.541587343
1508285212.4342916,1.6110450608008482,-1.860030503683131e-07,0.0,-1.6574323036823846,0.011191256923510997,0.0,0.01774310982389804,-0.0188573898947875,0.0,0.26614566669815876,2.17818531623835e-06,0.0,-0.3693414567120531,-0.02657424872852019,0.0,-0.031865683377212045,-0.026574248716102346,0.0,0.029487775359891433,1.3657751966902705e-05,0.0,130.561587421
1508285212.4542913,1.6110450608008482,-5.952097611786013e-11,0.0,-1.657459453784825,0.0009594179687179373,0.0,0.017788721931414342,-0.00015249258103382658,0.0,0.26614566669815876,-0.00021932781480320926,0.0,-0.36910424318815327,0.03038632562435837,0.0,-0.03194475455184531,-0.032933190928897474,0.0,0.02938503049801028,-0.00655990913645318,0.0,130.581587054
1508285212.4742901,1.6110450608008482,0.0005824024398997226,0.0,-1.6574323036823846,0.01080892062482751,0.0,0.01774310982389804,-0.025476152858355347,0.0,0.26614566669815876,-7.01849007370269e-08,0.0,-0.36918331436278656,-0.0012511476374815575,0.0,-0.03186568337721202,-0.0012714098827785994,0.0,0.02938503049801028,0.0081739798216582,0.0,130.601585802
1508285212.4942918,1.6110450608008482,0.0006076817163978594,0.0,-1.6574323036823846,0.013045004202773105,0.0,0.01774310982389804,-0.021917917531081185,0.0,0.26614566669815876,-0.006824695598752681,0.0,-0.3693414567120531,-0.031599158812047945,0.0,-0.031865683377212045,0.019035708046749318,0.0,0.02938503049801028,-0.008159316168718471,0.0,130.621587431
1508285212.5142927,1.6110450608008482,-0.00011675845457403267,0.0,-1.657459453784825,-0.011198247801509112,0.0,0.017788721931414342,0.01881302891926113,0.0,0.26614566669815876,-0.006789621468380782,0.0,-0.36926238553741986,0.02636846193739706,0.0,-0.03194475455184531,-0.03684670650653295,0.0,0.029487775359891433,0.04265428961546756,0.0,130.641588538
1508285212.5342932,1.6110450608008482,2.3395148464690613e-05,0.0,-1.6574323036823846,0.012946438391912932,0.0,0.01774310982389804,-0.02174998570212615,0.0,0.26614566669815876,-2.1726788698818476e-06,0.0,-0.36926238553741986,-0.006302666641159871,0.0,-0.03178661220257875,0.006299313602902176,0.0,0.029487775359891433,0.0012641763089111442,0.0,130.661588787
1508285212.5542924,1.6110450608008482,-0.01460342833575305,0.0,-1.657459453784825,-0.0004994183111034694,0.0,0.017788721931414342,-0.0009115669276360218,0.0,0.26614566669815876,-6.952572383621905e-10,0.0,-0.36918331436278656,0.013940308795299632,0.0,-0.03186568337721202,-0.0012623103346778332,0.0,0.02938503049801028,4.045364188515658e-07,0.0,130.681588262
1508285212.5742922,1.6110450608008482,-0.0029358386895072183,0.0,-1.657459453784825,-0.0021790793693056113,0.0,0.017788721931414342,0.0036602879685961654,0.0,0.26614566669815876,-0.0013595851405847697,0.0,-0.36926238553741986,0.018896800939918232,0.0,-0.03178661220257875,0.03158358093507208,0.0,0.02938503049801028,0.00818006075418061,0.0,130.701588026
1508285212.5942936,1.6110450608008482,0.0023273526387154343,0.0,-1.6574323036823846,0.008659739033627122,0.0,0.01774310982389804,-0.0145483411562745,0.0,0.26614566669815876,-4.350672449871258e-07,0.0,-0.3693414567120531,-0.024204389421151364,0.0,-0.031865683377212045,0.026747990966553163,0.0,0.02938503049801028,-0.0015739501231778464,0.0,130.721589323
1508285212.6142938,1.6110450608008482,7.447528443889381e-07,0.0,-1.6574323036823846,2.7711164907606753e-06,0.0,0.017834334038930866,0.03650508594390643,0.0,0.2662308878530413,0.03296466849337797,0.0,-0.36918331436278656,0.032647492624567155,0.0,-0.03186568337721202,0.032765185047237674,0.0,0.029487775359891433,0.0017058842835979387,0.0,130.741589479
1508285212.6342945,1.6110450608008482,-0.0029151290057301622,0.0,-1.657459453784825,-0.010873790783474247,0.0,0.017788721931414342,-0.018256262512386823,0.0,0.26614566669815876,0.006539789467337476,0.0,-0.36918331436278656,0.004854137752188135,0.0,-0.03186568337721202,-0.007261941485364382,0.0,0.029487775359891433,0.03983569010121027,0.0,130.761590155
1508285212.6542954,1.6110450608008482,-0.014749672744586462,0.0,-1.657459453784825,-0.00043786095344026797,0.0,0.017788721931414342,0.000723917614559602,0.0,0.26614566669815876,0.0013655674955176066,0.0,-0.3693414567120531,0.0011656433170616454,0.0,-0.031865683377212045,0.0012627558556315603,0.0,0.029487775359891433,0.039530543636628356,0.0,130.78159122
1508285212.6742928,1.6110450608008482,-0.000587468508782343,0.0,-1.6574323036823846,0.010880603960602546,0.0,0.01774310982389804,-0.010981796325843615,0.0,0.26614566669815876,-0.006543655509562122,0.0,-0.3693414567120531,-0.0012612477037880815,0.0,-0.031865683377212045,-0.0012612166277757393,0.0,0.02938503049801028,0.0017175622366735691,0.0,130.801588522
1508285212.6942945,1.6110450608008482,-2.3564629583259942e-05,0.0,-1.657459453784825,0.0023417297567568216,0.0,0.017788721931414342,-0.0036401741725244964,0.0,0.26614566669815876,0.0011406042769478769,0.0,-0.36942052788668645,-0.023005865858794404,0.0,-0.03178661220257875,-0.025530607946972927,0.0,0.029487775359891433,0.008258173950043707,0.0,130.821590257
1508285212.7142937,1.6110450608008482,-7.540681466643173e-09,0.0,-1.657459453784825,-0.013463411581969308,0.0,0.017788721931414342,0.022618593487823132,0.0,0.26614566669815876,3.649933686233202e-07,0.0,-0.36926238553741986,0.06335992621447013,0.0,-0.03178661220257875,-8.169794543031328e-06,0.0,0.029487775359891433,0.04090947858671284,0.0,130.841589535
1508285212.7342956,1.6110450608008482,-2.4130180693258127e-12,0.0,-1.657459453784825,-0.010878099961937754,0.0,0.017788721931414342,0.018275182089716048,0.0,0.26614566669815876,-0.034077311344804205,0.0,-0.36926238553741986,-0.0050315950609996895,0.0,-0.03194475455184531,-0.005152658734054673,0.0,0.02938503049801028,1.3091033147748093e-05,0.0,130.861591218
1508285212.7542953,1.6110450608008482,0.0001168553357989008,0.0,-1.657459453784825,-0.010777443239498644,0.0,0.017788721931414342,0.018106079005368557,0.0,0.2662308878530413,0.034080028098554954,0.0,-0.3693414567120531,-0.045572851759118224,0.0,-0.031865683377212045,-0.03294767825876967,0.0,0.02938503049801028,-0.032898336892733054,0.0,130.881591053
1508285212.774296,1.6110450608008482,3.739370745564822e-08,0.0,-1.6574323036823846,0.011434167135969855,0.0,0.01774310982389804,-0.018916981783142637,0.0,0.26614566669815876,-0.0271613702952507,0.0,-0.3693414567120531,-0.004048284621473966,0.0,-0.031865683377212045,-0.006585612719591599,0.0,0.029487775359891433,0.008269645073459576,0.0,130.901591719
1508285212.7942946,1.6110450608008482,-0.014524566005527833,0.0,-1.657459453784825,-0.0004297923647831706,0.0,0.017788721931414342,0.000722143715838881,0.0,0.2662308878530413,-8.691638494480215e-06,0.0,-0.36926238553741986,0.03028257321845396,0.0,-0.03194475455184531,-0.030184673085927007,0.0,0.02938503049801028,0.007837545458917837,0.0,130.921590316
1508285212.8142955,1.6110450608008482,-0.00012119758382258394,0.0,-1.6574323036823846,-0.0017861932449380693,0.0,0.01774310982389804,0.003059264832075525,0.0,0.26614566669815876,-0.0014171201708911604,0.0,-0.36926238553741986,-0.024217645344977553,0.0,-0.03178661220257875,0.039274395977438294,0.0,0.029487775359891433,-0.009845669169909858,0.0,130.941591328
1508285212.8342972,1.6110450608008482,-0.015187237628606808,0.0,-1.657459453784825,-0.013306746594089798,0.0,0.017788721931414342,0.020838151690572116,0.0,0.26614566669815876,-4.5347845468517084e-07,0.0,-0.36926238553741986,0.0328717530084531,0.0,-0.03178661220257875,0.03279092437249688,0.0,0.029487775359891433,0.03213102683724494,0.0,130.961592805
1508285212.854298,1.6110450608008482,-4.859916041154173e-06,0.0,-1.657459453784825,0.0008462601438521796,0.0,0.017788721931414342,3.575457718750486e-05,0.0,0.26614566669815876,0.006814124593280751,0.0,-0.36918331436278656,-0.00094985659495667,0.0,-0.03186568337721202,-0.0010507281986598604,0.0,0.02938503049801028,0.00986764891961569,0.0,130.981593934
1508285212.8742971,1.6110450608008482,-0.014758844267907125,0.0,-1.6574051535799441,0.02220178253295656,0.0,0.017788721931414564,-0.0007276663713703018,0.0,0.26614566669815876,-0.007086621360167573,0.0,-0.36926238553741986,-0.032002854542935624,0.0,-0.03178661220257875,0.03139468432253618,0.0,0.02938503049801028,-0.04151535500710004,0.0,131.001592952
1508285212.8942964,1.6110450608008482,-0.002924366270782933,0.0,-1.6574323036823846,0.010822711003295078,0.0,0.01774310982389804,-0.018170425932704806,0.0,0.26614566669815876,-2.267718835253621e-06,0.0,-0.36918331436278656,0.0254207766088011,0.0,-0.03186568337721202,-0.0254209712232627,0.0,0.029487775359891433,0.043214478384120576,0.0,131.021592186
1508285212.9142969,1.6110815841529407,0.014649636040200057,0.0,-1.657459453784825,-0.01114631458306916,0.0,0.017788721931414342,0.01901845710277887,0.0,0.2662308878530413,0.041042546548386814,0.0,-0.3693414567120531,-0.05610648539029487,0.0,-0.031865683377212045,0.005296231880957894,0.0,0.029487775359891433,0.0015881077555137968,0.0,131.041592482
1508285212.9342978,1.6110450608008482,0.0023634869898929802,0.0,-1.657459453784825,0.0027747558232247833,0.0,0.017788721931414342,-0.0029105186699943655,0.0,0.26614566669815876,0.00682563497634154,0.0,-0.36918331436278656,0.03087274719629074,0.0,-0.03186568337721202,0.03291610138178541,0.0,0.02938503049801028,0.008213838703929315,0.0,131.061593569
1508285212.9542987,1.6110450608008482,-0.01166318938593916,0.0,-1.657459453784825,-0.015557560826831839,0.0,0.017788721931414342,0.01883179182249231,0.0,0.26614566669815876,-0.03409281337003974,0.0,-0.36926238553741986,-0.037956846323563345,0.0,-0.03194475455184531,-0.02529180890658205,0.0,0.02938503049801028,-0.04801486115339305,0.0,131.081594386
1508285212.9743807,1.6110450608008482,0.00011338834651622899,0.0,-1.657459453784825,-0.0021598163052504744,0.0,0.017788721931414342,0.0036261486956517403,0.0,0.26614566669815876,-0.00028419102355801897,0.0,-0.3693414567120531,-1.2146190823540256e-05,0.0,-0.031865683377212045,-8.093378850106248e-06,0.0,0.02938503049801028,0.007940918705190729,0.0,131.101676373
1508285212.994298,1.6110450608008482,3.628427088519324e-08,0.0,-1.657459453784825,-0.002088957653841169,0.0,0.017788721931414342,0.004968440624647855,0.0,0.2662308878530413,0.03406241586610275,0.0,-0.36918331436278656,0.0002531327479133786,0.0,-0.03186568337721202,-0.0002531392245757631,0.0,0.029487775359891433,0.009548477473386363,0.0,131.121593591
1508285213.0143013,1.6110450608008482,2.3368293516800455e-05,0.0,-1.6574323036823846,-0.0005166983649285245,0.0,0.01774310982389804,-0.03563686833704855,0.0,0.2662308878530413,0.03405950393386549,0.0,-0.3693414567120531,-0.006593033671790131,0.0,-0.031865683377212045,-0.006593195678825785,0.0,0.02938503049801028,0.001639483888887655,0.0,131.141597027
1508285213.034301,1.6110450608008482,-0.0005866465835147058,0.0,-1.657459453784825,-0.008757800483819423,0.0,0.017788721931414342,-0.021728232528522733,0.0,0.26614566669815876,1.0899041258836945e-05,0.0,-0.36942052788668645,-0.06350904924499745,0.0,-0.03178661220257875,-0.00025506545149511583,0.0,0.029487775359891433,0.04109654896838373,0.0,131.161596851
1508285213.0542986,1.6110450608008482,0.0007004711462954499,0.0,-1.657459453784825,0.001718355675989263,0.0,0.017788721931414342,-0.004356623391578457,0.0,0.26614566669815876,3.487693202827818e-09,0.0,-0.36926238553741986,0.031649511693825697,0.0,-0.03194475455184531,-0.02954743730423041,0.0,0.02938503049801028,-0.00820801395789065,0.0,131.181594331
1508285213.0743017,1.6110450608008482,2.241507668145437e-07,0.0,-1.6574323036823846,0.010401023932903918,0.0,0.01774310982389804,-0.026226784915982244,0.0,0.26614566669815876,-0.04049460103039628,0.0,-0.3693414567120531,0.00026405183966413185,0.0,-0.031865683377212045,-0.0002633791758595505,0.0,0.02938503049801028,-2.626564466525005e-06,0.0,131.201597373
1508285213.0942986,1.6110450608008482,-0.0001168413378009235,0.0,-1.657459453784825,-0.010966910269748789,0.0,0.017788721931414342,0.01842158217685764,0.0,0.2662308878530413,0.03403970683384915,0.0,-0.3693414567120531,-0.007543720253597305,0.0,-0.031865683377212045,-0.004504496415555132,0.0,0.02938503049801028,-8.405006292880006e-10,0.0,131.221594414
1508285213.1142993,1.6110450608008482,-0.015196390002349323,0.0,-1.657459453784825,-0.0004390849628674798,0.0,0.017788721931414342,0.0007376607968213082,0.0,0.26614566669815876,1.0892706186831717e-05,0.0,-0.36918331436278656,0.011577913443862454,0.0,-0.03186568337721202,-0.0010673883247750815,0.0,0.02938503049801028,0.0003287290086788929,0.0,131.241595052
1508285213.1343644,1.6110450608008482,0.00013550857616748493,0.0,-1.6574323036823846,0.0109489521854444,0.0,0.01774310982389804,-0.018394213626855237,0.0,0.26614566669815876,3.485665979786146e-09,0.0,-0.36926238553741986,0.03765898633575633,0.0,-0.03178661220257875,0.04018570254568418,0.0,0.02938503049801028,1.051932827772456e-07,0.0,131.261660116
1508285213.1543152,1.6110450608008482,2.3317339417590348e-05,0.0,-1.6574323036823846,-0.0003438254066421213,0.0,0.01774310982389804,0.0008695993213488727,0.0,0.26614566669815876,-0.005451949372510864,0.0,-0.36918331436278656,0.05671244971272583,0.0,-0.03186568337721202,-0.006563354005956846,0.0,0.02938503049801028,-0.0019066272142680251,0.0,131.281610982
1508285213.174303,1.6110815841529407,0.014551424395757483,0.0,-1.6574323036823846,0.008229915216983045,0.0,0.01774310982389804,-0.013826144555995862,0.0,0.2662308878530413,0.04076406291749704,0.0,-0.36926238553741986,0.005125723442527289,0.0,-0.03194475455184531,0.005207117741636318,0.0,0.029487775359891433,0.04086835025714256,0.0,131.301598764
1508285213.1943004,1.6110450608008482,-0.0029177719076107196,0.0,-1.657459453784825,-0.008316045781535086,0.0,0.017788721931414342,0.021328529334710234,0.0,0.26614566669815876,1.3044500133599038e-05,0.0,-0.36918331436278656,-0.004806084261356961,0.0,-0.03186568337721202,-0.0052111607300901076,0.0,0.02938503049801028,-0.008142474125879998,0.0,131.321596227
1508285213.214305,1.6110450608008482,-0.002919186655694971,0.0,-1.657459453784825,-2.661134650091224e-06,0.0,0.017788721931414342,6.825129387107267e-06,0.0,0.26614566669815876,0.000271985859791533,0.0,-0.36926238553741986,0.03284755575228823,0.0,-0.03178661220257875,0.03284742612783952,0.0,0.029487775359891433,0.04274686372082166,0.0,131.341600556
1508285213.2343037,1.6110450608008482,-0.00011742846807574159,0.0,-1.6574323036823846,0.013214450967358413,0.0,0.01774310982389804,-0.022141871626568714,0.0,0.26614566669815876,0.006541579889222391,0.0,-0.36926238553741986,0.026104842312820918,0.0,-0.03194475455184531,-0.038727081068942536,0.0,0.029487775359891433,-0.00031403445240597285,0.0,131.361599389
1508285213.254303,1.6110450608008482,-2.335583772006503e-05,0.0,-1.6574323036823846,0.01295844206737608,0.0,0.01774310982389804,-0.021770133168249897,0.0,0.26614566669815876,5.650258032192027e-05,0.0,-0.36926238553741986,0.0012227996099685467,0.0,-0.03178661220257875,0.062185884801174526,0.0,0.029487775359891433,0.03337523620701585,0.0,131.381598602
1508285213.2743008,1.6110450608008482,-7.473868070420801e-09,0.0,-1.657459453784825,-0.009081260282997548,0.0,0.017788721931414342,0.013802349968986213,0.0,0.26614566669815876,5.434982188195724e-05,0.0,-0.36926238553741986,-0.023888430812433477,0.0,-0.03178661220257875,0.03908488808529208,0.0,0.02938503049801028,-0.03925253336720097,0.0,131.401596572
1508285213.2943017,1.6110450608008482,-2.3916377825346537e-12,0.0,-1.657459453784825,0.0047731667595484655,0.0,0.017788721931414342,-0.0004993070230343734,0.0,0.26614566669815876,-0.034182615947852504,0.0,-0.36926238553741986,-0.0066269374700721586,0.0,-0.03194475455184531,-0.009035581982553331,0.0,0.02938503049801028,-1.2560810677504298e-05,0.0,131.421597427
1508285213.314302,1.6110450608008482,0.0005840678347182008,0.0,-1.6574323036823846,-0.0005022097566053702,0.0,0.01774310982389804,0.0009042556783356305,0.0,0.26614566669815876,-1.093843710331279e-05,0.0,-0.36926238553741986,0.004817902460111124,0.0,-0.03178661220257875,0.00532310325094197,0.0,0.029487775359891433,0.04935543989533565,0.0,131.441597617
1508285213.3343048,1.6110450608008482,1.8690170710982403e-07,0.0,-1.657459453784825,-0.011731418030869606,0.0,0.017788721931414342,0.019708773759815022,0.0,0.2662308878530413,-3.5002998730600894e-09,0.0,-0.36918331436278656,-0.0012623441794622652,0.0,-0.03186568337721202,-0.0008568642359911763,0.0,0.029487775359891433,0.03612798742898839,0.0,131.461600582
1508285213.3543053,1.6110815841529407,0.014554873387588489,0.0,-1.657459453784825,1.3536693867265194e-05,0.0,0.017788721931414342,-2.2741607296644496e-05,0.0,0.26614566669815876,-1.1200959593792274e-12,0.0,-0.3693414567120531,-0.03272582787637871,0.0,-0.031865683377212045,0.03272514972969637,0.0,0.02938503049801028,-0.000317403307509423,0.0,131.481600925
1508285213.3743021,1.6110450608008482,0.0006109684401754742,0.0,-1.657459453784825,-0.013429846538868192,0.0,0.017788721931414342,-0.01374840838596095,0.0,0.2662308878530413,0.03533581016250372,0.0,-0.36918331436278656,0.012440434261437766,0.0,-0.03186568337721202,0.00021337905389125572,0.0,0.029487775359891433,-0.008155762649074883,0.0,131.501597837
1508285213.3943026,1.6110450608008482,1.9550990085615154e-07,0.0,-1.6574323036823846,-0.0004909268542801669,0.0,0.01774310982389804,0.0008716079609934234,0.0,0.2662308878530413,0.03524797453189205,0.0,-0.36918331436278656,0.0004597536825915332,0.0,-0.03186568337721202,5.075000722650415e-05,0.0,0.02938503049801028,-0.05085370531052283,0.0,131.521598345
1508285213.414307,1.6110450608008482,0.00011478946279256251,0.0,-1.657459453784825,-0.010854515086966266,0.0,0.017788721931414342,0.01823557451841311,0.0,0.26614566669815876,-0.027250087413182585,0.0,-0.36918331436278656,-0.007531774518046474,0.0,-0.03186568337721202,0.005103829104373172,0.0,0.02938503049801028,-0.04109271166229428,0.0,131.541602877
1508285213.434306,1.6110450608008482,3.673262809361996e-08,0.0,-1.657459453784825,-0.0005086944264224431,0.0,0.017788721931414342,0.000563638062294967,0.0,0.26614566669815876,-0.028612143023650664,0.0,-0.36926238553741986,-0.006169243398199966,0.0,-0.03178661220257875,0.05700950762902021,0.0,0.02938503049801028,-1.3149667731934155e-05,0.0,131.561601654
1508285213.4543064,1.6110450608008482,-0.0145548733160255,0.0,-1.657459453784825,0.00032966195715297686,0.0,0.017788721931414342,-0.0005539244133853479,0.0,0.26614566669815876,-0.0013176877764349809,0.0,-0.36926238553741986,0.031508576345570104,0.0,-0.03178661220257875,0.03152879354592094,0.0,0.02938503049801028,0.0016430533311701215,0.0,131.581602145
1508285213.4743035,1.6110450608008482,-4.6575594611281556e-06,0.0,-1.657459453784825,-0.002193252524743903,0.0,0.017788721931414342,0.003684658994543573,0.0,0.26614566669815876,-0.03404265316564777,0.0,-0.36926238553741986,0.001524029310869818,0.0,-0.03178661220257875,-0.001503857352504895,0.0,0.029487775359891433,0.034380917479459656,0.0,131.601599135
1508285213.4943025,1.6110450608008482,-0.0005572178692004252,0.0,-1.6574323036823846,0.011408918326970776,0.0,0.01774310982389804,-0.026471517683534024,0.0,0.26614566669815876,-1.0893649013007276e-05,0.0,-0.36918331436278656,0.031769994351020715,0.0,-0.03186568337721202,-0.044331870673064086,0.0,0.029487775359891433,-0.00658291471918922,0.0,131.621598342
1508285213.5143056,1.6110450608008482,-9.352042640270684e-05,0.0,-1.6574323036823846,0.010857577561758567,0.0,0.01774310982389804,-0.01795138145765569,0.0,0.26614566669815876,0.00823016149433957,0.0,-0.36918331436278656,0.06146426138153547,0.0,-0.03186568337721202,0.0012474345110447256,0.0,0.02938503049801028,-0.030891826589588015,0.0,131.641601314
1508285213.5343053,1.6110450608008482,-0.00011682957716299833,0.0,-1.657459453784825,-0.002168432277128018,0.0,0.017788721931414342,0.00364305365075138,0.0,0.26614566669815876,-0.03396099338475167,0.0,-0.36926238553741986,0.0063450669481721275,0.0,-0.03178661220257875,0.06945185876730205,0.0,0.02938503049801028,-0.009878633543723992,0.0,131.661601111
1508285213.5543063,1.6110450608008482,0.0005839608676680553,0.0,-1.657459453784825,-0.019492604680351362,0.0,0.017788721931414342,-0.0021820365039385164,0.0,0.2662308878530413,0.028541068128503065,0.0,-0.36926238553741986,-0.02502332556311811,0.0,-0.03194475455184531,-0.03752850648349787,0.0,0.029487775359891433,0.04268920063087048,0.0,131.681601918
1508285213.5743048,1.6110450608008482,1.8686747765377747e-07,0.0,-1.657459453784825,-0.010337367471325744,0.0,0.017788721931414342,0.01886678991543287,0.0,0.26614566669815876,-4.498651651857585e-05,0.0,-0.3693414567120531,-0.0695101795117059,0.0,-0.031865683377212045,-0.006312934090243508,0.0,0.029487775359891433,0.0013219050305101942,0.0,131.701600558
1508285213.5943038,1.6110450608008482,-0.01530228516606464,0.0,-1.657459453784825,-3.307957590824235e-06,0.0,0.017788721931414342,0.0002979412201990753,0.0,0.26614566669815876,0.0002726805568923257,0.0,-0.36918331436278656,0.005040939597130633,0.0,-0.03186568337721202,0.0050611627156655,0.0,0.029487775359891433,-0.00822074184395077,0.0,131.721599677
1508285213.6143062,1.6110450608008482,-2.829010437075595e-05,0.0,-1.6574323036823846,-1.0585464290637542e-09,0.0,0.01774310982389804,9.534119046370401e-08,0.0,0.26614566669815876,-0.035462624028938114,0.0,-0.36926238553741986,0.0012706258245228023,0.0,-0.03194475455184531,0.0012706322959207337,0.0,0.02938503049801028,0.00026009403168570245,0.0,131.74160202
1508285213.6343064,1.6110450608008482,0.0028847615514461878,0.0,-1.657459453784825,-0.00881201310485975,0.0,0.017788721931414342,0.014804161084401014,0.0,0.26614566669815876,-1.1348039689260185e-05,0.0,-0.36926238553741986,4.0660026384729627e-07,0.0,-0.03178661220257875,0.00010190334743518548,0.0,0.02938503049801028,8.32300901394247e-08,0.0,131.761602076
1508285213.6543074,1.6110450608008482,-0.014632155493605878,0.0,-1.657459453784825,8.41601072213628e-05,0.0,0.017788721931414342,-0.00014138877992523789,0.0,0.26614566669815876,-3.6313727005632555e-09,0.0,-0.36926238553741986,0.0002533180298510626,0.0,-0.03194475455184531,-0.0022582465588905473,0.0,0.02938503049801028,-0.0497505182224282,0.0,131.781603051
1508285213.6743064,1.6110450608008482,-2.7928674283365987e-05,0.0,-1.657459453784825,0.0021580240503191327,0.0,0.017788721931414342,-0.0036835376629501364,0.0,0.26614566669815876,-0.04118040557439894,0.0,-0.36926238553741986,-0.0010573128656212929,0.0,-0.03194475455184531,0.001463925593779245,0.0,0.02938503049801028,-0.034113372311964256,0.0,131.801602184
1508285213.6943061,1.6110450608008482,-0.014593011249620055,0.0,-1.657459453784825,-0.010742957576328047,0.0,0.017788721931414342,0.018048124593300203,0.0,0.26614566669815876,-0.0015943340346543287,0.0,-0.36926238553741986,0.023702894381388215,0.0,-0.03178661220257875,0.03644814457957731,0.0,0.029487775359891433,0.042684319441197056,0.0,131.821601915
1508285213.7143056,1.6110450608008482,0.0029376800242924953,0.0,-1.657459453784825,-0.021831789636492644,0.0,0.017788721931414342,5.775399780595478e-06,0.0,0.26614566669815876,0.001309661986629014,0.0,-0.36926238553741986,-0.0078816031661806,0.0,-0.03178661220257875,0.004761219400540348,0.0,0.02938503049801028,-0.0003807454904719191,0.0,131.841601442
1508285213.73431,1.6110450608008482,2.4266640223982398e-05,0.0,-1.657459453784825,-0.010890336140868503,0.0,0.017788721931414342,0.01822574120349081,0.0,0.26614566669815876,-0.027010658354242687,0.0,-0.36926238553741986,0.006378659605415299,0.0,-0.03194475455184531,-0.06906366703824132,0.0,0.029487775359891433,0.04934648001004739,0.0,131.861605539
1508285213.75431,1.6110450608008482,7.76532487167436e-09,0.0,-1.657459453784825,0.002184505393741975,0.0,0.017788721931414342,-0.0036699862642971945,0.0,0.26614566669815876,-0.006821956363894662,0.0,-0.36918331436278656,0.03036712042479408,0.0,-0.03186568337721202,-0.032918545974107684,0.0,0.02938503049801028,-0.032487389448371914,0.0,131.881605587
1508285213.7743073,1.6110450608008482,2.484903958935792e-12,0.0,-1.657459453784825,-0.002172243751671729,0.0,0.017788721931414342,-0.0036517131196114674,0.0,0.26614566669815876,0.0016291999507401789,0.0,-0.36918331436278656,0.005281442533092766,0.0,-0.03186568337721202,0.007374572745462966,0.0,0.02938503049801028,-0.008168033520038804,0.0,131.901603018
1508285213.7943106,1.6110450608008482,-0.00011688319830145281,0.0,-1.6574323036823846,0.008690816569414875,0.0,0.017834334038930866,0.021898146597325134,0.0,0.26614566669815876,-0.033825814470999076,0.0,-0.36918331436278656,-0.0010049378341732804,0.0,-0.03186568337721202,-0.001510360231340328,0.0,0.02938503049801028,-0.04307896399404297,0.0,131.921606353
1508285213.8143098,1.6110450608008482,-0.014629622387690555,0.0,-1.657459453784825,0.0021744288947515497,0.0,0.017788721931414342,-0.003641355787445087,0.0,0.26614566669815876,-0.0002846289233684317,0.0,-0.36918331436278656,0.023879358592439278,0.0,-0.03186568337721202,-0.03642865456670524,0.0,0.02938503049801028,-0.0012610527552699355,0.0,131.941605657
1508285213.834309,1.6110815841529407,0.014584108753610278,0.0,-1.657459453784825,0.0003303870250380237,0.0,0.017788721931414342,0.000844584266532261,0.0,0.26614566669815876,0.006822976078054905,0.0,-0.36926238553741986,-0.025296211566634565,0.0,-0.03178661220257875,0.02529219579190948,0.0,0.029487775359891433,0.03287935181815409,0.0,131.961604745
1508285213.8543096,1.6110450608008482,4.666914801155284e-06,0.0,-1.657459453784825,-0.0004526327795871884,0.0,0.017788721931414342,0.0007608698757781719,0.0,0.26614566669815876,2.1833523449775667e-06,0.0,-0.36942052788668645,0.01263624667576491,0.0,-0.03178661220257875,5.868462842898933e-05,0.0,0.029487775359891433,-0.00843555457315136,0.0,131.981605256
1508285213.8743076,1.6110450608008482,0.0029329208046466023,0.0,-1.657459453784825,0.002092481605966804,0.0,0.017788721931414342,-0.0038096886618032328,0.0,0.26614566669815876,6.986727503928205e-10,0.0,-0.36926238553741986,-0.023984139132052062,0.0,-0.03178661220257875,0.03870285459817355,0.0,0.029487775359891433,-2.699377463408432e-06,0.0,132.001603469
1508285213.8943074,1.6110450608008482,-0.01460946125312352,0.0,-1.657459453784825,-0.010842766727744181,0.0,0.017788721931414342,0.01821572812636902,0.0,0.2662308878530413,0.005458453339491551,0.0,-0.36926238553741986,0.03177383899177871,0.0,-0.03178661220257875,0.0440509442491227,0.0,0.02938503049801028,-0.008225088496726018,0.0,132.021603132
