left_wam/base_yaw_joint_pos,left_wam/base_yaw_joint_vel,left_wam/base_yaw_joint_eff,left_wam/shoulder_pitch_joint_pos,left_wam/shoulder_pitch_joint_vel,left_wam/shoulder_pitch_joint_eff,left_wam/shoulder_yaw_joint_pos,left_wam/shoulder_yaw_joint_vel,left_wam/shoulder_yaw_joint_eff,left_wam/elbow_pitch_joint_pos,left_wam/elbow_pitch_joint_vel,left_wam/elbow_pitch_joint_eff,left_wam/wrist_yaw_joint_pos,left_wam/wrist_yaw_joint_vel,left_wam/wrist_yaw_joint_eff,left_wam/wrist_pitch_joint_pos,left_wam/wrist_pitch_joint_vel,left_wam/wrist_pitch_joint_eff,left_wam/palm_yaw_joint_pos,left_wam/palm_yaw_joint_vel,left_wam/palm_yaw_joint_eff,header_from_controller_start
1508285240.3546307,1.6110815841529407,0.013985566533464024,0.0,-1.657459453784825,-0.013040364981595574,0.0,0.017788721931414342,-0.015980767398021657,0.0,0.2662308878530413,-0.001085220962685726,0.0,-0.36918331436278656,-0.0012613200466437332,0.0,-0.03186568337721202,-0.0012613213417758903,0.0,0.029487775359891433,-0.001900705882616612,0.0,158.481926485
1508285240.3746333,1.6110450608008482,4.475381290708483e-06,0.0,-1.6574323036823846,0.01081794951290412,0.0,0.01774310982389804,-0.01818625378418033,0.0,0.2662308878530413,0.005726311334861961,0.0,-0.36926238553741986,-0.031721423998284905,0.0,-0.03194475455184531,-0.03172142399869935,0.0,0.02938503049801028,-6.082258824373152e-07,0.0,158.501929051
1508285240.3946342,1.6110815841529407,1.4321220130267129e-09,0.0,-1.657459453784825,0.002124387114299186,0.0,0.017788721931414342,-0.0035105257087979166,0.0,0.26614566669815876,-0.027444951047866633,0.0,-0.36918331436278656,0.006065455902292639,0.0,-0.03186568337721202,0.006569564839927947,0.0,0.029487775359891433,0.04157440240059616,0.0,158.521930009
1508285240.4146347,1.6110815841529407,0.014657580842451714,0.0,-1.657459453784825,-0.01131235106249119,0.0,0.017788721931414342,-0.0190651265220897,0.0,0.26614566669815876,0.008227353888974772,0.0,-0.36918331436278656,0.03041922448518531,0.0,-0.03186568337721202,0.032949846794220826,0.0,0.029487775359891433,0.03138273217470162,0.0,158.541930316
1508285240.4346309,1.6110450608008482,4.690425869584543e-06,0.0,-1.657459453784825,-0.009166386183340059,0.0,0.017788721931414342,-0.02303064516042031,0.0,0.26614566669815876,-0.0067993354828806045,0.0,-0.36926238553741986,-0.03955065581337676,0.0,-0.03178661220257875,0.024017126081298037,0.0,0.029487775359891433,0.001651926261099386,0.0,158.561926716
1508285240.454632,1.6110450608008482,-0.014675131228067085,0.0,-1.657459453784825,-0.004239790383661113,0.0,0.017788721931414342,-0.00015328694245113285,0.0,0.2662308878530413,0.034239800580349734,0.0,-0.36918331436278656,0.031758249698330195,0.0,-0.03186568337721202,0.03177859138853649,0.0,0.02938503049801028,-0.04252580104938728,0.0,158.581927681
1508285240.4746356,1.6110815841529407,-4.696041992981462e-06,0.0,-1.657459453784825,-0.013108236073893165,0.0,0.017788721931414342,-0.014425060621088573,0.0,0.26614566669815876,6.335939240318032e-05,0.0,-0.36918331436278656,0.037880803566304584,0.0,-0.03186568337721202,0.03788081007564545,0.0,0.02938503049801028,-0.006594854915919464,0.0,158.601931276
1508285240.4946349,1.6110450608008482,0.002850708741972472,0.0,-1.657459453784825,-0.009069514310306514,0.0,0.017788721931414342,0.02234530584368623,0.0,0.26614566669815876,0.0066516775126584686,0.0,-0.36918331436278656,0.03248397448268281,0.0,-0.03186568337721202,0.0324839744847658,0.0,0.029487775359891433,0.04225757929267121,0.0,158.621930673
1508285240.514635,1.6110450608008482,9.122267974311901e-07,0.0,-1.657459453784825,-0.009009073030579757,0.0,0.017788721931414342,0.0223978772093847,0.0,0.26614566669815876,-0.0013073209963963496,0.0,-0.36918331436278656,0.006303536125138505,0.0,-0.03186568337721202,0.006303536125139171,0.0,0.02938503049801028,-0.03269304928396575,0.0,158.641930848
1508285240.5346322,1.6110450608008482,2.9191257517798055e-10,0.0,-1.6574323036823846,0.01153731965049312,0.0,0.01774310982389804,-0.019380345518359144,0.0,0.26614566669815876,-0.006816979597705692,0.0,-0.36918331436278656,-0.006273011841371225,0.0,-0.03186568337721202,-0.006273011841371225,0.0,0.029487775359891433,0.0486560582584184,0.0,158.661928009
1508285240.5546327,1.6110450608008482,9.341202405695365e-14,0.0,-1.657459453784825,-0.00044788892602677714,0.0,0.017788721931414342,0.0007524530739987018,0.0,0.26614566669815876,-0.0003226220197971556,0.0,-0.36918331436278656,0.039315084968163994,0.0,-0.03186568337721202,0.026683862152677273,0.0,0.029487775359891433,-0.0003052811996858876,0.0,158.681928372
1508285240.5746336,1.6110450608008482,-0.01444914892545082,0.0,-1.657459453784825,0.0018223639743606874,0.0,0.017788721931414342,-0.003061567141713342,0.0,0.26614566669815876,-0.008177218032354468,0.0,-0.36918331436278656,0.02466992657826823,0.0,-0.03186568337721202,-0.037796714560186316,0.0,0.029487775359891433,0.032697281202972855,0.0,158.701929237
1508285240.5946362,1.6110450608008482,0.0028833228473429317,0.0,-1.6574323036823846,-0.0003473234275422036,0.0,0.01774310982389804,0.0008738833427021449,0.0,0.2662308878530413,0.03246592885106863,0.0,-0.36918331436278656,-0.007308197374843784,0.0,-0.03186568337721202,-0.007328186700008089,0.0,0.02938503049801028,0.001327055360177497,0.0,158.721931938
1508285240.6146371,1.6110450608008482,-0.002921157294245051,0.0,-1.657459453784825,-0.0017399055055517187,0.0,0.017788721931414342,0.0028649780167813127,0.0,0.26614566669815876,0.0055257355791202434,0.0,-0.36926238553741986,-0.005018860594193836,0.0,-0.03178661220257875,0.06085541587955795,0.0,0.02938503049801028,0.00782646273964731,0.0,158.741932922
1508285240.634633,1.6110450608008482,0.0005874091251046656,0.0,-1.657459453784825,-1.7421400397102177e-05,0.0,0.017788721931414342,-0.007269216857651668,0.0,0.26614566669815876,-0.03283054233793944,0.0,-0.36918331436278656,-0.0009732082431822455,0.0,-0.03186568337721202,-0.001458160345473403,0.0,0.029487775359891433,0.03302090203746202,0.0,158.761928819
1508285240.6546354,1.6110450608008482,-0.014090716036285606,0.0,-1.657459453784825,0.0017526742028554226,0.0,0.017788721931414342,0.002883777016735537,0.0,0.26614566669815876,-0.006816521354809551,0.0,-0.36918331436278656,-0.005857999253957689,0.0,-0.03186568337721202,-0.006365941683107281,0.0,0.02938503049801028,0.008281847090047674,0.0,158.781931238
1508285240.6746345,1.6110450608008482,-9.865594725178397e-05,0.0,-1.657459453784825,-0.006559814817423315,0.0,0.017788721931414342,0.0180873948139273,0.0,0.26614566669815876,-0.0002761827190018927,0.0,-0.36926238553741986,-0.0003065076008443668,0.0,-0.03194475455184531,-0.00030667014242169465,0.0,0.02938503049801028,0.008224795388637645,0.0,158.801930077
1508285240.6946375,1.6110450608008482,-2.34193625405074e-05,0.0,-1.657459453784825,-0.00010637138179424357,0.0,0.017788721931414342,0.00018096508326983943,0.0,0.26614566669815876,-0.033000436428363485,0.0,-0.36918331436278656,0.0076190715703637205,0.0,-0.03186568337721202,0.007619071518350417,0.0,0.029487775359891433,0.039788717996024195,0.0,158.821933251
1508285240.7146378,1.6110450608008482,-0.00288760830667394,0.0,-1.6574323036823846,0.0020770311207562843,0.0,0.01774310982389804,-0.0037812061151203946,0.0,0.2662308878530413,0.02762743205180522,0.0,-0.36918331436278656,0.025342407339034093,0.0,-0.03186568337721202,0.02534240733901745,0.0,0.029487775359891433,0.0015963247531408688,0.0,158.841933407
1508285240.7346385,1.6110450608008482,-0.0007022092915596791,0.0,-1.657459453784825,-0.009138170161054343,0.0,0.017788721931414342,0.015002003187690054,0.0,0.2662308878530413,0.027058295557802137,0.0,-0.36918331436278656,-0.0065718131312019245,0.0,-0.03186568337721202,-0.0066725392283386725,0.0,0.02938503049801028,0.006840965319857529,0.0,158.861934178
1508285240.754635,1.6110450608008482,-0.002791319373754677,0.0,-1.657459453784825,-0.0025102454801499813,0.0,0.017788721931414342,0.004217094403066765,0.0,0.2662308878530413,0.034502613166298345,0.0,-0.36926238553741986,-0.02520581199495111,0.0,-0.03194475455184531,-0.025205844227302196,0.0,0.029487775359891433,0.04158900633670366,0.0,158.881930821
1508285240.7746384,1.6110450608008482,-0.0028958666879194154,0.0,-1.657459453784825,-0.012719523213735743,0.0,0.017788721931414342,0.021076969209805733,0.0,0.2662308878530413,0.03541183917568901,0.0,-0.36918331436278656,-0.006325933111637374,0.0,-0.03186568337721202,-0.006325933121951727,0.0,0.029487775359891433,0.04949123654660373,0.0,158.901934239
1508285240.7946584,1.6110815841529407,0.01567961363218143,0.0,-1.657459453784825,-0.022899761313253157,0.0,0.017788721931414342,-0.007965357202830009,0.0,0.26614566669815876,1.133178853622047e-05,0.0,-0.36926238553741986,-0.04049748609177443,0.0,-0.03194475455184531,-0.040497486091777724,0.0,0.02938503049801028,-0.042770485966194906,0.0,158.921954081
1508285240.8146389,1.6110450608008482,-0.00011183785943737494,0.0,-1.6574323036823846,0.015303367101935745,0.0,0.01774310982389804,-0.01836328700059554,0.0,0.26614566669815876,0.0056769120656411124,0.0,-0.36926238553741986,-0.0012780388724562624,0.0,-0.03194475455184531,-0.011407730895918454,0.0,0.029487775359891433,-0.009619631954617701,0.0,158.941934513
1508285240.8346357,1.6110815841529407,0.014465501678823968,0.0,-1.657459453784825,-0.0004291738057350026,0.0,0.017788721931414342,0.0007233617993962305,0.0,0.26614566669815876,5.633610559726789e-05,0.0,-0.36926238553741986,-0.024662358608367504,0.0,-0.03194475455184531,-0.024665600109815014,0.0,0.029487775359891433,0.03217404996368445,0.0,158.961931507
1508285240.8546367,1.6110450608008482,0.0004737416626547263,0.0,-1.657459453784825,0.00033121663830504056,0.0,0.017788721931414342,-0.0005564424122015721,0.0,0.26614566669815876,-0.0013138371747864472,0.0,-0.36918331436278656,4.268711546846997e-05,0.0,-0.03186568337721202,4.2686078188006766e-05,0.0,0.02938503049801028,0.008124773848431308,0.0,158.981932343
1508285240.8746397,1.6110450608008482,1.5159733204951224e-07,0.0,-1.6574323036823846,0.011322808681648101,0.0,0.01774310982389804,-0.017279970545381898,0.0,0.26614566669815876,-0.03370361211793611,0.0,-0.36918331436278656,-0.007588203177164866,0.0,-0.03186568337721202,-0.007588203177497685,0.0,0.029487775359891433,-0.006888342469422298,0.0,159.001935499
1508285240.89464,1.6110450608008482,2.329337869311955e-05,0.0,-1.657459453784825,-0.00044734972706630846,0.0,0.017788721931414342,0.0007521040200855299,0.0,0.26614566669815876,0.0015687943193220394,0.0,-0.36918331436278656,4.8000634140218324e-05,0.0,-0.03186568337721202,4.800063414011182e-05,0.0,0.02938503049801028,-0.0002654845415966242,0.0,159.021935663
1508285240.91464,1.6110450608008482,0.002804841954102076,0.0,-1.657459453784825,-0.010445454911941326,0.0,0.017788721931414342,0.017548339583198347,0.0,0.26614566669815876,5.020141821830521e-07,0.0,-0.36918331436278656,0.006629208072299679,0.0,-0.03186568337721202,0.006629208072299679,0.0,0.02938503049801028,-0.031177548128051437,0.0,159.04193569
1508285240.934638,1.6110450608008482,0.0035163377346351817,0.0,-1.657459453784825,-0.0013996800019106484,0.0,0.017788721931414342,0.0037533285691694574,0.0,0.26614566669815876,1.606445382985765e-10,0.0,-0.36918331436278656,2.121346583135895e-06,0.0,-0.03186568337721202,2.121346583135895e-06,0.0,0.029487775359891433,0.03194520706608668,0.0,159.061933839
1508285240.9546378,1.6110450608008482,0.0005853322757209279,0.0,-1.6574323036823846,0.01090104200019708,0.0,0.017834334038930866,0.010993705996977349,0.0,0.2662308878530413,0.03530911782170855,0.0,-0.36926238553741986,-0.00599280294212687,0.0,-0.03194475455184531,-0.006498653914937734,0.0,0.02938503049801028,-0.03953564117067053,0.0,159.081933431
1508285240.9746408,1.6110450608008482,0.00011705657171853421,0.0,-1.6574323036823846,0.010294181709972306,0.0,0.01774310982389804,-0.017576726254945742,0.0,0.2662308878530413,0.032639655809058435,0.0,-0.36926238553741986,0.0063219730250058115,0.0,-0.03194475455184531,0.006321811152694512,0.0,0.02938503049801028,-0.008295385439352529,0.0,159.101936615
1508285240.9946382,1.6110450608008482,-0.003014640401216258,0.0,-1.6574323036823846,-0.0005204942861200926,0.0,0.01774310982389804,-0.0008855878592056221,0.0,0.26614566669815876,-0.03900462692953356,0.0,-0.36918331436278656,2.0230313680018573e-06,0.0,-0.03186568337721202,2.0229795688622414e-06,0.0,0.029487775359891433,0.04047099517542215,0.0,159.121933985
1508285241.0146413,1.6110450608008482,-0.0029216518493685004,0.0,-1.657459453784825,-0.011312749242077506,0.0,0.017788721931414342,0.019004828610877565,0.0,0.26614566669815876,-0.006881950687690192,0.0,-0.36918331436278656,0.03188374885309917,0.0,-0.03186568337721202,0.031883748853082594,0.0,0.02938503049801028,-0.010175885901918633,0.0,159.141937103
1508285241.0346663,1.6110450608008482,-0.0029209261942555356,0.0,-1.6574323036823846,0.008468996907623259,0.0,0.01774310982389804,-0.014519798686710217,0.0,0.26614566669815876,-0.001092819522639818,0.0,-0.36918331436278656,0.0312602544538145,0.0,-0.03186568337721202,0.031260254453814494,0.0,0.02938503049801028,0.008605794737073166,0.0,159.161962087
1508285241.054646,1.6110450608008482,-9.346963821617704e-07,0.0,-1.657459453784825,-0.00825462241699489,0.0,0.017788721931414342,0.01526900680935467,0.0,0.26614566669815876,0.0065354991301833035,0.0,-0.36926238553741986,-0.006560037329725417,0.0,-0.03194475455184531,0.006074192919762775,0.0,0.02938503049801028,-0.04930661148443072,0.0,159.18194184
1508285241.0746422,1.6110450608008482,-0.0030397313985048007,0.0,-1.6574323036823846,0.010802794010471885,0.0,0.01774310982389804,-0.018148219836839383,0.0,0.26614566669815876,-0.03260569028582907,0.0,-0.36926238553741986,-0.030206307125402034,0.0,-0.03194475455184531,-0.03030313387265669,0.0,0.02938503049801028,0.0012982712300811607,0.0,159.201937834
1508285241.0946393,1.6110815841529407,0.011864186412160253,0.0,-1.657459453784825,-0.013057657617111394,0.0,0.017788721931414342,0.02193683387914456,0.0,0.26614566669815876,-0.007879812998933935,0.0,-0.36926238553741986,-0.0013627407375003877,0.0,-0.03178661220257875,-0.0013627717220604234,0.0,0.02938503049801028,-0.03135655279899833,0.0,159.221934911
1508285241.1146426,1.6110815841529407,0.011561811376768937,0.0,-1.657459453784825,0.0021679871817322834,0.0,0.017788721931414342,0.00365625288183391,0.0,0.26614566669815876,-0.034060971355154686,0.0,-0.36926238553741986,-0.0310971302050729,0.0,-0.03194475455184531,-0.03160105962664828,0.0,0.02938503049801028,-0.007968570249183871,0.0,159.241938304
1508285241.13464,1.6110450608008482,0.0006102255389819227,0.0,-1.657459453784825,-0.010044068210106637,0.0,0.017788721931414342,-0.018330227292641044,0.0,0.26614566669815876,-0.0002836269735391316,0.0,-0.36918331436278656,0.0002430950177519241,0.0,-0.03186568337721202,0.00024293376033702,0.0,0.029487775359891433,0.007950038617782939,0.0,159.261935604
1508285241.1546404,1.6110450608008482,-0.0145348731596031,0.0,-1.657459453784825,-0.0022628247092110546,0.0,0.017788721931414342,0.0020285979926220354,0.0,0.26614566669815876,-0.035104361678869614,0.0,-0.36926238553741986,0.03778637127285796,0.0,-0.03194475455184531,-0.025148976627713426,0.0,0.02938503049801028,-0.010192010262138744,0.0,159.28193624
1508285241.1746433,1.6110450608008482,-0.0005892065298852301,0.0,-1.6574051535799441,0.01954617728340111,0.0,0.017788721931414564,0.0036498822464212707,0.0,0.2662308878530413,0.03434914571438552,0.0,-0.36918331436278656,0.015195461100395302,0.0,-0.03186568337721202,-8.047672518203454e-06,0.0,0.02938503049801028,-0.008618724187270346,0.0,159.301938984
1508285241.1946409,1.6110450608008482,2.3182521070371315e-05,0.0,-1.657459453784825,-0.012689384627087887,0.0,0.017788721931414342,0.02248867606274591,0.0,0.2662308878530413,-0.0014076659614873706,0.0,-0.36926238553741986,-0.033051917271913867,0.0,-0.03194475455184531,-0.0330567823947212,0.0,0.029487775359891433,0.04900749862998868,0.0,159.321936557
1508285241.2146442,1.6110450608008482,0.00011639111586154503,0.0,-1.657459453784825,-0.011735049976635315,0.0,0.017788721931414342,0.01825553738065797,0.0,0.26614566669815876,-0.0013095812630093163,0.0,-0.36918331436278656,0.03309057937563496,0.0,-0.03186568337721202,-0.030581273165341635,0.0,0.029487775359891433,0.032902301800656425,0.0,159.341939996
1508285241.2346416,1.6110815841529407,0.01754972326491574,0.0,-1.657459453784825,-0.013472721185402202,0.0,0.017788721931414342,0.0153964481425562,0.0,0.26614566669815876,-0.00703399137966513,0.0,-0.3693414567120531,-0.005080839651991409,0.0,-0.031865683377212045,0.007546566799087842,0.0,0.029487775359891433,0.03910061235051081,0.0,159.361937243
1508285241.2546413,1.6110815841529407,0.015261441948664075,0.0,-1.6574323036823846,0.008713673936909107,0.0,0.01774310982389804,-0.014641267547477703,0.0,0.26614566669815876,0.0013060328985092509,0.0,-0.36926238553741986,0.004600854493927251,0.0,-0.03194475455184531,0.007640483423536111,0.0,0.02938503049801028,0.00954248085943949,0.0,159.381937098
1508285241.2746446,1.6110450608008482,4.883661423572498e-06,0.0,-1.657459453784825,-0.0021761311797862475,0.0,0.017788721931414342,0.0033641644934593045,0.0,0.26614566669815876,-0.035315697823581016,0.0,-0.36926238553741986,-0.03175820155178867,0.0,-0.03194475455184531,-0.031757228870531194,0.0,0.02938503049801028,-0.04257498281430132,0.0,159.401940329
1508285241.2946417,1.6110450608008482,0.002943277860316625,0.0,-1.6574323036823846,0.011978450151536403,0.0,0.01774310982389804,-0.019831887658427833,0.0,0.26614566669815876,0.001357067176943843,0.0,-0.36926238553741986,-0.03307169972596681,0.0,-0.03194475455184531,-0.03357785195600224,0.0,0.02938503049801028,-0.03475938331200953,0.0,159.42193745
1508285241.3146453,1.6110450608008482,-0.0006096602493869256,0.0,-1.6574323036823846,0.01049012935364655,0.0,0.01774310982389804,-0.017681533950053948,0.0,0.26614566669815876,-0.040929831464136125,0.0,-0.36926238553741986,-0.001282028182869053,0.0,-0.03194475455184531,-0.0012821901515826645,0.0,0.02938503049801028,-0.041070971716987016,0.0,159.441941064
1508285241.334643,1.6110450608008482,-2.3571730940253408e-05,0.0,-1.657459453784825,-0.010938666917673031,0.0,0.017788721931414342,0.01837691579587011,0.0,0.26614566669815876,0.006814857197166868,0.0,-0.36918331436278656,-4.102490185180965e-07,0.0,-0.03186568337721202,-4.1030084850645224e-07,0.0,0.02938503049801028,-0.042938962914015055,0.0,159.461938707
1508285241.3546424,1.6110450608008482,0.000604850787871011,0.0,-1.657459453784825,-0.0021730794782767104,0.0,0.017788721931414342,-0.003639007122215361,0.0,0.2662308878530413,-0.006807886991510151,0.0,-0.36918331436278656,-0.0003035476597378585,0.0,-0.03186568337721202,-0.0002027258722273564,0.0,0.029487775359891433,0.04137694589376302,0.0,159.481938099
1508285241.374646,1.6110450608008482,-0.01461892053815789,0.0,-1.657459453784825,-0.013526322047958055,0.0,0.017788721931414342,-0.013733894494312261,0.0,0.2662308878530413,0.02756437632290821,0.0,-0.36918331436278656,0.06329915975111547,0.0,-0.03186568337721202,-6.487226800309665e-08,0.0,0.02938503049801028,1.3240622686004152e-05,0.0,159.501941758
1508285241.3946428,1.6110450608008482,-0.002799558589694186,0.0,-1.657459453784825,-0.0004726267413589348,0.0,0.017788721931414342,-0.0007329897953963374,0.0,0.2662308878530413,0.02725154662860944,0.0,-0.36918331436278656,-0.006283351663493532,0.0,-0.03186568337721202,-0.006303607415373015,0.0,0.02938503049801028,-0.008190885478706634,0.0,159.521938517
1508285241.4146461,1.6110450608008482,0.0035181952625495845,0.0,-1.657459453784825,-0.010402000570790312,0.0,0.017788721931414342,0.017182978518958475,0.0,0.26614566669815876,-0.033950679075075624,0.0,-0.3693414567120531,-0.024904325760415305,0.0,-0.031865683377212045,0.03821422021145147,0.0,0.02938503049801028,0.009897032439398594,0.0,159.541941768
1508285241.4346573,1.6110450608008482,0.0004694420317768596,0.0,-1.657459453784825,0.0021685780617651286,0.0,0.017788721931414342,-0.003643299539691763,0.0,0.26614566669815876,0.005498465251880239,0.0,-0.36918331436278656,0.025043027851425342,0.0,-0.03186568337721202,0.025564418391074803,0.0,0.02938503049801028,0.0065132694454319365,0.0,159.561952981
1508285241.4546485,1.6110450608008482,0.00012201675561539621,0.0,-1.657459453784825,-0.0020788109204920428,0.0,0.017788721931414342,0.003492397371487695,0.0,0.26614566669815876,-0.03393127720915844,0.0,-0.36918331436278656,0.0012730934458193507,0.0,-0.03186568337721202,0.0012732602907920387,0.0,0.029487775359891433,0.04132095085160656,0.0,159.581944271
1508285241.4746468,1.6110450608008482,-0.0005839592077709505,0.0,-1.657459453784825,0.0022582216183993325,0.0,0.017788721931414342,-0.003793806947143162,0.0,0.26614566669815876,0.0002613502203713159,0.0,-0.36926238553741986,-0.04383658176009976,0.0,-0.03194475455184531,-0.031184276735838654,0.0,0.02938503049801028,-0.008273054451803215,0.0,159.601942638
1508285241.4946475,1.6110450608008482,-0.013907505946024551,0.0,-1.657459453784825,-0.019389184998694374,0.0,0.017788721931414342,-0.0036226801864882264,0.0,0.26614566669815876,-0.00818466755638596,0.0,-0.36918331436278656,0.005554857529022513,0.0,-0.03186568337721202,-0.007604078009393979,0.0,0.02938503049801028,-0.0428747884592885,0.0,159.621943312
1508285241.5146472,1.6110450608008482,-0.01458876950459309,0.0,-1.657459453784825,-0.010325899947225166,0.0,0.017788721931414342,0.018796119969297975,0.0,0.2662308878530413,-0.00022189504838634674,0.0,-0.36926238553741986,-0.026573297145670367,0.0,-0.03178661220257875,0.03657109017162093,0.0,0.02938503049801028,-0.006839527790812451,0.0,159.641943012
1508285241.53471,1.6110450608008482,-0.01818425936118293,0.0,-1.657459453784825,-0.0003657216040743769,0.0,0.017788721931414342,0.0006148749873180741,0.0,0.26614566669815876,0.00027259144378399006,0.0,-0.36918331436278656,0.006393993036011918,0.0,-0.03186568337721202,0.006313004928539194,0.0,0.02938503049801028,-0.039358102810639624,0.0,159.662005621
1508285241.554645,1.6110815841529407,0.014639500518350872,0.0,-1.657459453784825,-0.009168648402837655,0.0,0.017788721931414342,0.015403307655052403,0.0,0.26614566669815876,8.722926201087673e-08,0.0,-0.36918331436278656,0.003792163257045761,0.0,-0.03186568337721202,-0.006317351881753202,0.0,0.02938503049801028,-0.0330003776187921,0.0,159.681940677
1508285241.5746481,1.6110815841529407,9.768078259684726e-05,0.0,-1.657459453784825,0.0017532433883618635,0.0,0.017788721931414342,0.0043504120772762285,0.0,0.26614566669815876,0.0010863123289223387,0.0,-0.36926238553741986,-0.025224796295602096,0.0,-0.03194475455184531,-0.02522803134044651,0.0,0.02938503049801028,0.008206685693345303,0.0,159.701943914
1508285241.5946486,1.6110450608008482,-0.0028050399555406835,0.0,-1.6574051535799441,0.0107912675998274,0.0,0.017788721931414564,0.018187857209761772,0.0,0.2662308878530413,0.03256230694718127,0.0,-0.36926238553741986,-0.024905506904874454,0.0,-0.03194475455184531,-0.025311417642430285,0.0,0.029487775359891433,0.0019752358685638785,0.0,159.721944285
1508285241.6146486,1.6110815841529407,0.014609502174995233,0.0,-1.6574323036823846,0.011298455686095658,0.0,0.01774310982389804,-0.017570805941691386,0.0,0.26614566669815876,-0.034136445368352746,0.0,-0.36926238553741986,-0.02385515527848864,0.0,-0.03194475455184531,-0.023855285169924658,0.0,0.029487775359891433,6.320754779404404e-07,0.0,159.741944365
1508285241.634649,1.6110450608008482,-0.0006030339996442778,0.0,-1.657459453784825,-0.0026877594886418874,0.0,0.017788721931414342,-0.0027851965173492864,0.0,0.26614566669815876,-0.0011650851106416967,0.0,-0.36918331436278656,0.00656556951809322,0.0,-0.03186568337721202,0.006565569476527961,0.0,0.02938503049801028,-0.05050820487785156,0.0,159.761944673
1508285241.6546454,1.6110450608008482,0.0005494437161152093,0.0,-1.6574323036823846,0.009255155384426905,0.0,0.017834334038930866,0.021098650249449874,0.0,0.26614566669815876,-5.4905317275300064e-05,0.0,-0.36918331436278656,0.036882875201715945,0.0,-0.03186568337721202,0.03688287520170264,0.0,0.02938503049801028,0.007846076424621566,0.0,159.781941162
1508285241.6746492,1.6110450608008482,-0.0005948091685189488,0.0,-1.6574323036823846,0.010267046941182962,0.0,0.01774310982389804,-0.01723688730573172,0.0,0.2662308878530413,0.0011703196775429375,0.0,-0.36918331436278656,-0.006315858706725306,0.0,-0.03186568337721202,-0.006315858706725309,0.0,0.02938503049801028,-0.031078038204379113,0.0,159.801945012
1508285241.6946466,1.6110815841529407,0.014611951478152887,0.0,-1.657459453784825,-0.02206810370175796,0.0,0.017788721931414342,0.0008695873155097363,0.0,0.26614566669815876,-0.03300498003091317,0.0,-0.36918331436278656,0.004807844814413614,0.0,-0.03186568337721202,0.004807844814413614,0.0,0.02938503049801028,0.0016325254810097625,0.0,159.821942322
1508285241.7146494,1.6110450608008482,-0.01460398234931494,0.0,-1.657459453784825,-0.011407951191390679,0.0,0.017788721931414342,-0.011494592427617373,0.0,0.26614566669815876,-0.02625041250735269,0.0,-0.36926238553741986,-0.025247967575939587,0.0,-0.03194475455184531,-0.02534912571638588,0.0,0.029487775359891433,0.04109654674169321,0.0,159.841945127
1508285241.7346797,1.6110815841529407,0.014935230836328105,0.0,-1.657459453784825,0.00010091070060308581,0.0,0.017788721931414342,-0.0001793409124239413,0.0,0.26614566669815876,0.007901729830657143,0.0,-0.36926238553741986,0.006324868143854602,0.0,-0.03178661220257875,0.006324835773249658,0.0,0.029487775359891433,-0.0015586976418544933,0.0,159.861975476
1508285241.7546477,1.6110815841529407,0.018135925512442294,0.0,-1.657459453784825,-0.015493622910252105,0.0,0.017788721931414342,0.01873165030831465,0.0,0.26614566669815876,-0.042030946818369636,0.0,-0.36918331436278656,-0.0010097382512148873,0.0,-0.03186568337721202,0.0015195166024803987,0.0,0.02938503049801028,-0.04903390698909247,0.0,159.881943415
1508285241.7746506,1.6110450608008482,5.803496163981527e-06,0.0,-1.6574323036823846,0.010259603845887096,0.0,0.01774310982389804,-0.017296860873954458,0.0,0.2662308878530413,-0.0013575380094293429,0.0,-0.36926238553741986,0.006077341817839277,0.0,-0.03194475455184531,-0.0065832105595318505,0.0,0.02938503049801028,0.00847335340450137,0.0,159.901946348
1508285241.7946508,1.6110450608008482,-0.017515808781360987,0.0,-1.657459453784825,-0.02181303148603338,0.0,0.017788721931414342,-9.333158208213705e-05,0.0,0.26614566669815876,-0.0013862097678533402,0.0,-0.36918331436278656,-0.005142300728540122,0.0,-0.03186568337721202,-0.00761704826391809,0.0,0.02938503049801028,-6.280786139381139e-05,0.0,159.921946422
1508285241.8146505,1.6110450608008482,-5.6050588100355095e-06,0.0,-1.657459453784825,1.0411668915176809e-05,0.0,0.017788721931414342,2.9188382027176284e-05,0.0,0.26614566669815876,0.005725796428208372,0.0,-0.36926238553741986,-0.025250325641402317,0.0,-0.03194475455184531,-0.025251117560613635,0.0,0.02938503049801028,0.0019733377228225105,0.0,159.941946285
1508285241.8346515,1.6110450608008482,-0.0030239920518188588,0.0,-1.657459453784825,-0.011008664717794065,0.0,0.017788721931414342,0.018263484300989594,0.0,0.26614566669815876,-0.03406473251124951,0.0,-0.36926238553741986,-0.031110442277754106,0.0,-0.03194475455184531,-0.03161623323339947,0.0,0.029487775359891433,0.008247261183301565,0.0,159.961947089
1508285241.8546486,1.6110815841529407,0.011756136772607107,0.0,-1.657459453784825,-0.010471717325928793,0.0,0.017788721931414342,0.017592386263015382,0.0,0.26614566669815876,0.0012975866181114007,0.0,-0.3693414567120531,-0.0304466559631788,0.0,-0.031865683377212045,0.03305697233191045,0.0,0.02938503049801028,2.639123578656498e-06,0.0,159.981944435
1508285241.874652,1.6110450608008482,3.7619637672342704e-06,0.0,-1.657459453784825,6.482018907776979e-05,0.0,0.017788721931414342,-0.00016729247833179752,0.0,0.2662308878530413,0.03377816623671962,0.0,-0.36918331436278656,0.03182874823951202,0.0,-0.03186568337721202,0.03184906940056662,0.0,0.02938503049801028,-0.0101928749267681,0.0,160.001947744
1508285241.8946521,1.6110815841529407,0.015202282387428058,0.0,-1.6574323036823846,0.011318136651078328,0.0,0.01774310982389804,-0.02631466815800375,0.0,0.26614566669815876,1.0809013195750268e-05,0.0,-0.36926238553741986,0.012865853050616854,0.0,-0.03178661220257875,0.0027506887057440386,0.0,0.029487775359891433,0.0016470712055096045,0.0,160.021947909
1508285241.914652,1.6110450608008482,4.864730363976973e-06,0.0,-1.657459453784825,0.001838082340044913,0.0,0.017788721931414342,-0.00279851053440251,0.0,0.26614566669815876,-0.03271185517860124,0.0,-0.36918331436278656,0.01291505382119634,0.0,-0.03186568337721202,-0.0023254989058203055,0.0,0.02938503049801028,6.595314237472016e-05,0.0,160.041947873
1508285241.9346523,1.6110450608008482,0.0005844175482249565,0.0,-1.6574051535799441,0.0200091809944094,0.0,0.017788721931414564,0.004219652649759716,0.0,0.26614566669815876,-0.00022863025619486929,0.0,-0.36926238553741986,0.0012693633143105202,0.0,-0.03194475455184531,0.001264486337437875,0.0,0.02938503049801028,-0.00825757286227734,0.0,160.061947984
1508285241.9546497,1.6110450608008482,-0.01798483850309764,0.0,-1.6574051535799441,0.011298664897868443,0.0,0.017788721931414564,0.01868076721855405,0.0,0.26614566669815876,-0.0011451707699775973,0.0,-0.36926238553741986,-0.001516935925838542,0.0,-0.03194475455184531,-0.0010115081063273108,0.0,0.02938503049801028,-0.040436245811162404,0.0,160.081945515
1508285241.974651,1.6110450608008482,-0.014005130526390233,0.0,-1.6574323036823846,0.008723599618897621,0.0,0.01774310982389804,-0.01435295256124726,0.0,0.26614566669815876,-0.033973842116604126,0.0,-0.36926238553741986,-0.007642818791399775,0.0,-0.03178661220257875,-0.005113703543345074,0.0,0.029487775359891433,0.04127369917982152,0.0,160.101946814
1508285241.9946532,1.6110815841529407,0.015336159765469886,0.0,-1.657459453784825,-0.010428413182910875,0.0,0.017788721931414342,0.01780722185071372,0.0,0.26614566669815876,4.345366041044694e-05,0.0,-0.36926238553741986,-0.0036989338200396665,0.0,-0.03194475455184531,-0.00682981340755492,0.0,0.029487775359891433,0.03423038438559644,0.0,160.121948854
1508285242.0146534,1.6110450608008482,4.907571124950358e-06,0.0,-1.6574323036823846,0.010856196417520376,0.0,0.017834334038930866,0.018249688775170195,0.0,0.26614566669815876,-0.0010785537656451084,0.0,-0.36918331436278656,0.0003135131923703617,0.0,-0.03186568337721202,-0.012954121507427484,0.0,0.029487775359891433,0.042472948220278875,0.0,160.141949192
1508285242.0346541,1.6110450608008482,1.5704227599841127e-09,0.0,-1.6574323036823846,0.01086559710354035,0.0,0.01774310982389804,-0.01824250110391339,0.0,0.2662308878530413,0.025644940449981585,0.0,-0.36926238553741986,0.0012630722877550516,0.0,-0.03178661220257875,-0.0012671172824154264,0.0,0.02938503049801028,-0.002022111106159035,0.0,160.161949909
1508285242.0546515,1.6110450608008482,0.0028976780912068215,0.0,-1.657459453784825,0.0021575031823971866,0.0,0.017788721931414342,0.0036712603212669106,0.0,0.2662308878530413,0.033762479496934915,0.0,-0.36926238553741986,-0.024007307901242878,0.0,-0.03194475455184531,-0.024008117561905334,0.0,0.02938503049801028,0.010154108472174978,0.0,160.181947141
1508285242.0746515,1.6110815841529407,0.011093053837047976,0.0,-1.6574323036823846,-0.0026760359340867743,0.0,0.01774310982389804,0.004498068678978004,0.0,0.26614566669815876,-0.0013583831966337513,0.0,-0.36918331436278656,-0.007853857826898495,0.0,-0.03186568337721202,-0.007853858085994347,0.0,0.02938503049801028,0.0003305738322843795,0.0,160.201947229
1508285242.0946522,1.6110450608008482,-0.00011329163230131355,0.0,-1.6574323036823846,0.010877285168532824,0.0,0.017834334038930866,0.01821851848829722,0.0,0.2662308878530413,0.03545234954094967,0.0,-0.36918331436278656,0.008857581159693003,0.0,-0.03186568337721202,0.0063304342588918275,0.0,0.02938503049801028,1.0578362633100132e-07,0.0,160.221947899
1508285242.1146548,1.6110450608008482,-3.625332233642029e-08,0.0,-1.657459453784825,3.480731253930499e-06,0.0,0.017788721931414342,-0.00735037884797161,0.0,0.26614566669815876,0.0013179516157236634,0.0,-0.3693414567120531,-0.03291142144922824,0.0,-0.031865683377212045,-0.020264448692366356,0.0,0.02938503049801028,0.007956490625532865,0.0,160.241950529
1508285242.1346552,1.6110450608008482,-0.017501477846720417,0.0,-1.657459453784825,1.1138340012577584e-09,0.0,0.017788721931414342,-0.0014610019759239065,0.0,0.26614566669815876,-0.006795888288678408,0.0,-0.36926238553741986,0.03056216120579992,0.0,-0.03178661220257875,0.03066739048865475,0.0,0.029487775359891433,0.00957610906552273,0.0,160.261950857
1508285242.1546528,1.6110450608008482,-5.600472910950529e-06,0.0,-1.657459453784825,-0.0005207404258984087,0.0,0.017788721931414342,0.0008743751567570164,0.0,0.26614566669815876,-0.00032937614045575915,0.0,-0.36926238553741986,-0.0008996315341893566,0.0,-0.03178661220257875,0.0010203710799344338,0.0,0.029487775359891433,0.04929801537735528,0.0,160.281948463
1508285242.1746516,1.6110450608008482,0.003387676902855411,0.0,-1.657459453784825,-1.6663693628749062e-07,0.0,0.017788721931414342,2.798000501622449e-07,0.0,0.26614566669815876,-1.0540036494584282e-07,0.0,-0.3693414567120531,0.006071340645915341,0.0,-0.031865683377212045,0.00657798691751897,0.0,0.02938503049801028,-0.03133349131413806,0.0,160.30194727
1508285242.1946557,1.6110450608008482,-0.00011571559401763575,0.0,-1.6574323036823846,0.013455224140502646,0.0,0.01774310982389804,-0.021146789455179057,0.0,0.26614566669815876,-0.04065427170579949,0.0,-0.36926238553741986,-0.038021821489651664,0.0,-0.03194475455184531,-0.0374150472304296,0.0,0.029487775359891433,0.04157340113173918,0.0,160.321951453
1508285242.2146544,1.6110450608008482,-0.0005847318449247567,0.0,-1.657459453784825,-0.010677518952310373,0.0,0.017788721931414342,-0.010948325241851607,0.0,0.2662308878530413,0.02702765494456559,0.0,-0.36926238553741986,-0.00608298000108259,0.0,-0.03194475455184531,-0.0035511175581359375,0.0,0.029487775359891433,0.0491125880378263,0.0,160.341950122
1508285242.234655,1.6110450608008482,-0.015184851456286154,0.0,-1.657459453784825,3.128406349391309e-05,0.0,0.017788721931414342,-3.503464077250611e-06,0.0,0.26614566669815876,-0.034338697185781454,0.0,-0.36918331436278656,-1.9465536003464267e-06,0.0,-0.03186568337721202,-1.136357618603499e-06,0.0,0.029487775359891433,-0.0016193541550579688,0.0,160.361950531
1508285242.2546573,1.6110815841529407,0.01469960654663656,0.0,-1.657459453784825,-0.010913353488082488,0.0,0.017788721931414342,0.01833442359686153,0.0,0.26614566669815876,-1.0988383099450053e-05,0.0,-0.36918331436278656,0.00020194832285382256,0.0,-0.03186568337721202,-0.00020194930938534174,0.0,0.02938503049801028,-0.0003287386366323066,0.0,160.381952929
1508285242.2746553,1.6110450608008482,0.000587729722905138,0.0,-1.657459453784825,-0.008816853750653369,0.0,0.017788721931414342,0.022079569496417085,0.0,0.26614566669815876,0.005156021899126807,0.0,-0.36926238553741986,0.0010597827373253312,0.0,-0.03178661220257875,0.001565564747838709,0.0,0.029487775359891433,0.04324327567552249,0.0,160.401951136
1508285242.2946553,1.6110450608008482,-0.0001405250638534217,0.0,-1.657459453784825,-0.010525672761120044,0.0,0.017788721931414342,0.011840040055441335,0.0,0.26614566669815876,0.0010909950421114966,0.0,-0.36918331436278656,0.03216561140972912,0.0,-0.03186568337721202,-0.0316566801717929,0.0,0.029487775359891433,-0.00860905663544733,0.0,160.421951015
1508285242.3146536,1.6110450608008482,-0.017536359254691564,0.0,-1.657459453784825,0.0004135547780389357,0.0,0.017788721931414342,-0.0006966408242024557,0.0,0.2662308878530413,3.491184134756785e-07,0.0,-0.3693414567120531,0.012403972923211595,0.0,-0.031865683377212045,-0.00026272453035945274,0.0,0.02938503049801028,0.001903238426807038,0.0,160.441949431
1508285242.3346553,1.6110450608008482,-0.014742000398500607,0.0,-1.657459453784825,0.00217126261906376,0.0,0.017788721931414342,-0.003647716633434667,0.0,0.26614566669815876,-0.00021911480113658027,0.0,-0.36918331436278656,-0.0008057265055787744,0.0,-0.03186568337721202,0.0012162166979899581,0.0,0.029487775359891433,0.04967222249750958,0.0,160.461950989
1508285242.3546576,1.6110450608008482,-0.017429683365930468,0.0,-1.657459453784825,-0.001304363858470731,0.0,0.017788721931414342,0.003648936141204195,0.0,0.26614566669815876,0.008126879802906594,0.0,-0.36926238553741986,-0.03190302291037081,0.0,-0.03178661220257875,0.031396880997832034,0.0,0.029487775359891433,1.5895111199203043e-05,0.0,160.48195327
1508285242.374656,1.6110450608008482,-5.577498677097743e-06,0.0,-1.657459453784825,-4.1739643471063343e-07,0.0,0.017788721931414342,1.167659565185341e-06,0.0,0.26614566669815876,-0.040646167017595956,0.0,-0.36918331436278656,0.005345205448668138,0.0,-0.03186568337721202,-0.007270273085676966,0.0,0.029487775359891433,-0.007881778258953588,0.0,160.501951759
1508285242.3946586,1.6110815841529407,0.01172624145348027,0.0,-1.6574323036823846,0.01322429666966929,0.0,0.01774310982389804,-0.021925022068636054,0.0,0.2662308878530413,0.03439525651460967,0.0,-0.36918331436278656,0.024074462220954898,0.0,-0.03186568337721202,0.02407042526782391,0.0,0.029487775359891433,0.010266390232455192,0.0,160.521954278
1508285242.4146554,1.6110450608008482,0.0005879594449109583,0.0,-1.6574323036823846,0.008605965361931898,0.0,0.01774310982389804,-0.014457907971719908,0.0,0.2662308878530413,0.03415220729534241,0.0,-0.36926238553741986,0.0012724819723001636,0.0,-0.03178661220257875,-0.0011562538207762227,0.0,0.02938503049801028,-0.001640163917962277,0.0,160.541951129
1508285242.4346578,1.6110815841529407,0.011429795551248423,0.0,-1.657459453784825,-0.0018043412452946235,0.0,0.017788721931414342,0.0030312890298688886,0.0,0.2662308878530413,-0.008226071562313642,0.0,-0.36942052788668645,-0.06370979469116718,0.0,-0.03178661220257875,-0.000963162752293074,0.0,0.02938503049801028,-0.04866154034778961,0.0,160.561953506
1508285242.454655,1.6110450608008482,-0.0005810372813582715,0.0,-1.657459453784825,0.0004340630049484507,0.0,0.017788721931414342,-0.0007292248157701931,0.0,0.26614566669815876,0.0002690263623813308,0.0,-0.36926238553741986,-0.0063337443083431085,0.0,-0.03178661220257875,-0.006414811475329597,0.0,0.02938503049801028,-0.03326497017358466,0.0,160.581950711
1508285242.474657,1.6110450608008482,-0.0033900413061893194,0.0,-1.6574323036823846,0.0013247973034970406,0.0,0.01774310982389804,-0.0036810119443458776,0.0,0.2662308878530413,0.035625516192513196,0.0,-0.36926238553741986,-2.0267981786697928e-06,0.0,-0.03178661220257875,-2.052739672105469e-06,0.0,0.02938503049801028,-0.0311962214666575,0.0,160.601952676
1508285242.494657,1.6110815841529407,0.014029986938538883,0.0,-1.657459453784825,-0.010516608857343084,0.0,0.017788721931414342,0.017667412150000866,0.0,0.2662308878530413,0.03406009494856073,0.0,-0.36918331436278656,-0.0010125772650554962,0.0,-0.03186568337721202,0.0010125759596030283,0.0,0.029487775359891433,0.006234144151232887,0.0,160.62195287
1508285242.5146554,1.6110450608008482,-0.014681692868088266,0.0,-1.657459453784825,0.0026748546793687994,0.0,0.017788721931414342,-0.0030340564095253097,0.0,0.26614566669815876,-0.008450196838358437,0.0,-0.3693414567120531,-0.03811602959124828,0.0,-0.03170754102794546,0.03801496778002267,0.0,0.02938503049801028,-0.047750089281326666,0.0,160.641951104
1508285242.5346577,1.6110450608008482,0.0029159890227223226,0.0,-1.657459453784825,0.001824646779340253,0.0,0.017788721931414342,-0.003064935147098272,0.0,0.2662308878530413,0.027527974580136165,0.0,-0.36918331436278656,0.03170310735834016,0.0,-0.03186568337721202,-0.031703139698108666,0.0,0.029487775359891433,0.008200986609515319,0.0,160.661953532
1508285242.5546572,1.6110450608008482,0.00011760766930879395,0.0,-1.6574323036823846,0.010839444876047283,0.0,0.01774310982389804,-0.018210241457800782,0.0,0.26614566669815876,-0.005725300913553019,0.0,-0.36926238553741986,1.014499435466884e-05,0.0,-0.03178661220257875,-1.0145004703394761e-05,0.0,0.029487775359891433,0.03969869950286261,0.0,160.681952941
1508285242.5746584,1.6110450608008482,9.351906747699968e-05,0.0,-1.657459453784825,-0.008185632563772449,0.0,0.017788721931414342,0.015214151473913676,0.0,0.26614566669815876,-0.005475956256830609,0.0,-0.36918331436278656,-0.0010145985253299649,0.0,-0.03186568337721202,-0.0015203957203610504,0.0,0.02938503049801028,0.008259433595419937,0.0,160.70195414
1508285242.5946593,1.6110450608008482,2.9926101592639865e-08,0.0,-1.6574323036823846,-0.0025202183837401996,0.0,0.01774310982389804,0.002781835770977463,0.0,0.2662308878530413,0.0013552520582009139,0.0,-0.36926238553741986,-0.005067400942757286,0.0,-0.03194475455184531,-0.05569941650062845,0.0,0.02938503049801028,0.006915595060982901,0.0,160.72195511
1508285242.614658,1.6110450608008482,2.339896583790993e-05,0.0,-1.6574323036823846,1.6587444506358197e-05,0.0,0.01774310982389804,3.011192224461042e-05,0.0,0.26614566669815876,-0.008508164310392615,0.0,-0.36918331436278656,-0.007490634136817783,0.0,-0.03186568337721202,-0.007608151450145383,0.0,0.02938503049801028,0.008484128459113692,0.0,160.741953788
1508285242.63466,1.6110450608008482,-0.002798557432524362,0.0,-1.6574323036823846,0.011263659608838827,0.0,0.017834334038930866,0.017177631079161995,0.0,0.26614566669815876,-0.04080321062652748,0.0,-0.3693414567120531,-0.03139480078763753,0.0,-0.031865683377212045,0.03179493949477535,0.0,0.029487775359891433,-0.0078042290591911765,0.0,160.761955654
1508285242.6546578,1.6110450608008482,-0.0005877602979613458,0.0,-1.6574323036823846,0.011398085692299416,0.0,0.01774310982389804,-0.019137204672924926,0.0,0.2662308878530413,-0.000339093043544089,0.0,-0.3693414567120531,0.001461907385301704,0.0,-0.031865683377212045,0.0015832139782208069,0.0,0.029487775359891433,0.006885353486032593,0.0,160.781953661
1508285242.6746597,1.6110450608008482,0.0030387611396511566,0.0,-1.6574323036823846,0.010471878514309198,0.0,0.017834334038930866,0.01903497068139811,0.0,0.2662308878530413,0.0257676243404866,0.0,-0.36918331436278656,0.0003039305831044591,0.0,-0.03186568337721202,-0.00020206246954844036,0.0,0.02938503049801028,-0.00032656488155278373,0.0,160.801955341
1508285242.6946595,1.6110450608008482,-0.0035487630766437702,0.0,-1.657459453784825,-0.010911444825246317,0.0,0.017788721931414342,0.01840138661476454,0.0,0.2662308878530413,0.03410730891747775,0.0,-0.36918331436278656,0.007685091596391625,0.0,-0.03186568337721202,-0.007685058998592589,0.0,0.029487775359891433,0.04143674616309867,0.0,160.821955193
1508285242.7146583,1.6110450608008482,-0.0023393569199560435,0.0,-1.657459453784825,-0.010337739740132187,0.0,0.017788721931414342,0.017660141979663372,0.0,0.26614566669815876,-0.005444935397951352,0.0,-0.36926238553741986,-0.0012118720777187938,0.0,-0.03178661220257875,0.001211872088149663,0.0,0.02938503049801028,-0.0397543357314685,0.0,160.841953944
1508285242.7346613,1.6110450608008482,0.0006780361833973752,0.0,-1.657459453784825,-0.0018096359510564651,0.0,0.017788721931414342,-0.00425644861123469,0.0,0.2662308878530413,0.03349808345279459,0.0,-0.36926238553741986,0.0012663528800437407,0.0,-0.03178661220257875,0.011382936046742023,0.0,0.02938503049801028,0.009851503111192128,0.0,160.86195715
1508285242.754659,1.6110450608008482,0.0005884196757779052,0.0,-1.6574323036823846,0.011042330377772263,0.0,0.01774310982389804,-0.01826276714686761,0.0,0.26614566669815876,-0.00026081034114953716,0.0,-0.36918331436278656,0.0028498244286315794,0.0,-0.03186568337721202,-0.00029891958644371453,0.0,0.02938503049801028,-0.0016515369748914398,0.0,160.881954646
1508285242.7746608,1.6110450608008482,-0.0023571275491374166,0.0,-1.6574051535799441,0.022113553045794345,0.0,0.017788721931414564,-0.0005607990046181556,0.0,0.26614566669815876,0.00686444537345024,0.0,-0.36918331436278656,0.03803479987459449,0.0,-0.03186568337721202,0.025295491349741815,0.0,0.02938503049801028,0.008209867986711996,0.0,160.901956551
1508285242.7946608,1.6110450608008482,0.0036263200169111003,0.0,-1.6574323036823846,0.01128528585211808,0.0,0.01774310982389804,-0.024803564837674725,0.0,0.26614566669815876,-0.03545335641471504,0.0,-0.36926238553741986,0.03768255927941872,0.0,-0.03194475455184531,-0.02559058496096652,0.0,0.02938503049801028,0.0015772340758256204,0.0,160.92195651
1508285242.814659,1.6110450608008482,0.003505013558244466,0.0,-1.657459453784825,0.0005239507436036617,0.0,0.017788721931414342,0.000866231901071264,0.0,0.26614566669815876,-0.03300356038931784,0.0,-0.36926238553741986,0.013921610569025827,0.0,-0.03178661220257875,-0.0012699596933520017,0.0,0.02938503049801028,0.0003300979731586245,0.0,160.941954797
1508285242.8346624,1.6110450608008482,-0.01704888926170481,0.0,-1.6574323036823846,1.7551206585134973e-05,0.0,0.01774310982389804,-0.03648461512098266,0.0,0.26614566669815876,-0.005464458643144724,0.0,-0.36926238553741986,0.025330192636611414,0.0,-0.03178661220257875,0.02532533133414524,0.0,0.02938503049801028,0.008546198039677148,0.0,160.961958225
1508285242.854661,1.6110815841529407,0.01692492948944526,0.0,-1.657459453784825,0.003906850228495942,0.0,0.017788721931414342,0.0004273934952020216,0.0,0.26614566669815876,-1.7486267658063096e-06,0.0,-0.36926238553741986,5.8872240976755296e-05,0.0,-0.03194475455184531,-4.266247330609536e-05,0.0,0.02938503049801028,-0.006567733229086566,0.0,160.981956654
1508285242.8746607,1.6110450608008482,-0.0005783736303752487,0.0,-1.657459453784825,0.0008691851842198346,0.0,0.017788721931414342,1.3676592201380984e-07,0.0,0.26614566669815876,0.00021931551942978034,0.0,-0.36926238553741986,0.02375735151167187,0.0,-0.03178661220257875,0.03938069119397257,0.0,0.029487775359891433,0.0003278464513473702,0.0,161.001956356
1508285242.8946626,1.6110815841529407,0.014610214708219287,0.0,-1.657459453784825,-0.008325548848383602,0.0,0.017788721931414342,0.01515071693083236,0.0,0.26614566669815876,7.018096621752965e-08,0.0,-0.36910424318815327,0.031790252788981795,0.0,-0.03194475455184531,-0.0318712670550829,0.0,0.029487775359891433,0.039132991277169606,0.0,161.021958274
1508285242.9146647,1.6110450608008482,-1.8693013199203607e-05,0.0,-1.657459453784825,-0.015202144598420819,0.0,0.017788721931414342,0.018219655266292777,0.0,0.26614566669815876,-0.027519379752043605,0.0,-0.36918331436278656,0.001274197822480366,0.0,-0.03186568337721202,0.0012538261361302652,0.0,0.02938503049801028,-0.04101776380981713,0.0,161.041960388
1508285242.9346645,1.6110450608008482,0.00011641917764193421,0.0,-1.657459453784825,-0.013031388924396346,0.0,0.017788721931414342,0.02189036002270225,0.0,0.2662308878530413,0.001406145946948663,0.0,-0.36926238553741986,-0.03798828671422089,0.0,-0.03194475455184531,-0.03798829323316052,0.0,0.029487775359891433,0.042451487979758576,0.0,161.061960303
1508285242.9546618,1.6110450608008482,9.385953729905565e-05,0.0,-1.657459453784825,-0.0021768537223284447,0.0,0.017788721931414342,0.003657108325730611,0.0,0.26614566669815876,-0.0015816184718504783,0.0,-0.36918331436278656,0.001303213018416486,0.0,-0.03186568337721202,0.001303213016330425,0.0,0.029487775359891433,0.04896451876129255,0.0,161.081957674
1508285242.974661,1.6110450608008482,3.003505193569777e-08,0.0,-1.657459453784825,-0.0018421898433122765,0.0,0.017788721931414342,0.004545230735423097,0.0,0.2662308878530413,0.041905352043168795,0.0,-0.36918331436278656,0.0012575543664236453,0.0,-0.03186568337721202,0.0012575543664229778,0.0,0.02938503049801028,-0.001683652775903479,0.0,161.101956884
1508285242.9946663,1.6110450608008482,9.611216619423276e-12,0.0,-1.657459453784825,0.00223308923166372,0.0,0.017788721931414342,-0.0037511204832239267,0.0,0.26614566669815876,1.3409712653814001e-05,0.0,-0.36918331436278656,0.00157233581117835,0.0,-0.03186568337721202,0.0010660625417901245,0.0,0.029487775359891433,-0.0019772331780098878,0.0,161.121962075
1508285243.0146637,1.6110450608008482,-0.01461388426185086,0.0,-1.657459453784825,-0.010949735686754317,0.0,0.017788721931414342,0.011048449781351962,0.0,0.26614566669815876,-0.040635132493744903,0.0,-0.36926238553741986,-0.025522982017787042,0.0,-0.03178661220257875,0.03775346824265421,0.0,0.02938503049801028,0.008143266884917193,0.0,161.141959481
1508285243.034665,1.6110450608008482,-2.805865778275854e-05,0.0,-1.6574323036823846,0.010646959768849664,0.0,0.01774310982389804,-0.017889218150698254,0.0,0.26614566669815876,-0.04166686087740685,0.0,-0.36918331436278656,-8.167354245691845e-06,0.0,-0.03186568337721202,1.2081109837649335e-05,0.0,0.02938503049801028,-0.041682488650711495,0.0,161.161960867
1508285243.0546625,1.6110450608008482,-0.0034718343376426014,0.0,-1.657459453784825,-0.021978245281735767,0.0,0.017788721931414342,-0.0007018190297612303,0.0,0.2662308878530413,0.03269815616794031,0.0,-0.36926238553741986,0.03035086399167215,0.0,-0.03178661220257875,0.032865443012268646,0.0,0.02938503049801028,0.0016203758466553995,0.0,161.1819581
1508285243.0746634,1.6110450608008482,-0.00046789244788486307,0.0,-1.657459453784825,0.0017258954839908548,0.0,0.017788721931414342,-0.002911540377628864,0.0,0.26614566669815876,-0.034034216462100565,0.0,-0.36942052788668645,-0.024105275631356275,0.0,-0.03178661220257875,0.03917214130185105,0.0,0.02938503049801028,-0.04143877982700526,0.0,161.201959213
1508285243.0946634,1.6110450608008482,-0.0005846353982667954,0.0,-1.657459453784825,-0.008282471790146335,0.0,0.017788721931414342,-0.022675596120579046,0.0,0.26614566669815876,-6.563222606073133e-05,0.0,-0.36918331436278656,0.05193332906746139,0.0,-0.03186568337721202,0.0012779164384615145,0.0,0.029487775359891433,0.041197807899204346,0.0,161.221959167
1508285243.1146634,1.6110450608008482,-1.8708332744537435e-07,0.0,-1.657459453784825,0.0026023440487388653,0.0,0.017788721931414342,-0.004383640652806106,0.0,0.26614566669815876,-2.1002312339434e-08,0.0,-0.36926238553741986,-0.0012469547850582103,0.0,-0.03194475455184531,-0.0012631645170994902,0.0,0.029487775359891433,1.3183298527745378e-05,0.0,161.241959005
1508285243.1346655,1.6110450608008482,-5.986666478251973e-11,0.0,-1.657459453784825,0.0018222670329697823,0.0,0.017788721931414342,0.004224896947703703,0.0,0.26614566669815876,-0.006752280142522851,0.0,-0.3693414567120531,-0.030262051617710783,0.0,-0.031865683377212045,-0.020057364366927177,0.0,0.02938503049801028,0.0016422790698360022,0.0,161.261961321
1508285243.1546636,1.6110450608008482,2.3359930106152556e-05,0.0,-1.6574323036823846,0.012780649370661689,0.0,0.01774310982389804,-0.013912953009047933,0.0,0.26614566669815876,-0.03278612567008072,0.0,-0.36926238553741986,-0.03300943319224936,0.0,-0.03194475455184531,-0.03300616769232911,0.0,0.02938503049801028,6.624000118875415e-05,0.0,161.281959279
1508285243.1746647,1.6110450608008482,7.47517763396881e-09,0.0,-1.6574323036823846,0.010409983208525448,0.0,0.017834334038930866,0.019289311911478972,0.0,0.26614566669815876,-0.03409329783514866,0.0,-0.36926238553741986,-0.019056075380066005,0.0,-0.03194475455184531,-0.03168429114801221,0.0,0.02938503049801028,-0.04764944385740098,0.0,161.301960562
1508285243.1946657,1.6110450608008482,2.3418520661715407e-05,0.0,-1.657459453784825,-0.004424212501372477,0.0,0.017788721931414342,-0.0001397097850377116,0.0,0.26614566669815876,-0.04093467742773962,0.0,-0.36926238553741986,0.031694230383964316,0.0,-0.03178661220257875,0.03169018935494079,0.0,0.02938503049801028,-0.04146929749447329,0.0,161.321961381
1508285243.2146652,1.6110450608008482,-0.014785396491598423,0.0,-1.6574323036823846,-0.00043600430667998445,0.0,0.017834334038930866,0.000730063037666612,0.0,0.26614566669815876,-1.3099096776876665e-05,0.0,-0.36926238553741986,0.006281271879911438,0.0,-0.03194475455184531,-0.0570304512428333,0.0,0.029487775359891433,-0.008227579160999064,0.0,161.341960878
1508285243.2346668,1.6110450608008482,-4.7313268773114895e-06,0.0,-1.6574323036823846,0.013048930075893474,0.0,0.01774310982389804,-0.014617610229238577,0.0,0.26614566669815876,-0.03938067690605691,0.0,-0.36918331436278656,0.02529410492491318,0.0,-0.03186568337721202,0.0252738451735139,0.0,0.02938503049801028,-0.039521486865372144,0.0,161.361962562
1508285243.2546651,1.6110450608008482,-1.514024600739675e-09,0.0,-1.657459453784825,0.0004393870590966359,0.0,0.017788721931414342,-0.0007358317544814961,0.0,0.2662308878530413,0.027069238596431535,0.0,-0.36926238553741986,0.036463911263394676,0.0,-0.03178661220257875,0.02685907917527136,0.0,0.02938503049801028,0.0016998780097539328,0.0,161.38196081
1508285243.2746654,1.6110450608008482,0.0005867242768101,0.0,-1.657459453784825,-0.0026027494465946056,0.0,0.017788721931414342,0.004372613626938165,0.0,0.26614566669815876,8.662156350858082e-06,0.0,-0.36926238553741986,-0.02397453557066226,0.0,-0.03178661220257875,0.03915596262352215,0.0,0.029487775359891433,5.439609631212578e-07,0.0,161.401961017
1508285243.294667,1.6110815841529407,0.014612329568855392,0.0,-1.6574323036823846,0.009018826977278786,0.0,0.01774310982389804,-0.020992982968861807,0.0,0.26614566669815876,-0.0003263045271418922,0.0,-0.36918331436278656,0.03187903623179867,0.0,-0.03186568337721202,-0.03136982967045829,0.0,0.029487775359891433,-0.00131245161124609,0.0,161.42196264
1508285243.3146665,1.6110450608008482,-0.0005799491394272069,0.0,-1.657459453784825,0.002245943377340213,0.0,0.017788721931414342,0.0034695701643919605,0.0,0.26614566669815876,-0.0016914251354055443,0.0,-0.36926238553741986,-0.036516016231196255,0.0,-0.03178661220257875,0.03651617917728306,0.0,0.02938503049801028,-0.0017105956181495136,0.0,161.441962192
1508285243.3346694,1.6110450608008482,0.0005837431043988236,0.0,-1.657459453784825,0.0005216658531662822,0.0,0.017788721931414342,0.0005843963899798633,0.0,0.26614566669815876,-0.03379035311069601,0.0,-0.36926238553741986,0.0009994744497966968,0.0,-0.03178661220257875,0.0010228447523272326,0.0,0.02938503049801028,-0.007913352689884209,0.0,161.461965123
1508285243.3546667,1.6110450608008482,1.8679779340762335e-07,0.0,-1.657459453784825,0.002604850915800991,0.0,0.017788721931414342,-0.002624148129128799,0.0,0.26614566669815876,4.3934914147656955e-05,0.0,-0.36926238553741986,-0.029027178305580936,0.0,-0.03194475455184531,-0.03165862251847832,0.0,0.02938503049801028,-0.04902433111209647,0.0,161.481962399
1508285243.3746665,1.6110450608008482,-0.00014010130449294717,0.0,-1.6574323036823846,0.010760105794766385,0.0,0.017834334038930866,0.01836647677593015,0.0,0.2662308878530413,-0.0016301995696353841,0.0,-0.36918331436278656,0.007874575081924344,0.0,-0.03186568337721202,0.005354385029373823,0.0,0.029487775359891433,0.049308368711335836,0.0,161.501962293
1508285243.39467,1.6110450608008482,0.0028044971530452193,0.0,-1.657459453784825,0.0003678704665454385,0.0,0.017788721931414342,-0.008194920272161397,0.0,0.26614566669815876,0.005726655997530211,0.0,-0.36918331436278656,0.050814642078461064,0.0,-0.03186568337721202,-0.00030182129588266827,0.0,0.029487775359891433,0.0003444685105549599,0.0,161.521965702
1508285243.414674,1.6110450608008482,-0.017527055604427935,0.0,-1.6574323036823846,0.008701808446039508,0.0,0.01774310982389804,-0.014621442097398124,0.0,0.26614566669815876,0.006821645185456968,0.0,-0.36918331436278656,-0.00018702436894580125,0.0,-0.03186568337721202,-0.01245213398198133,0.0,0.02938503049801028,-0.04904411601072741,0.0,161.541969854
1508285243.4346719,1.6110450608008482,-2.8979724953351522e-05,0.0,-1.6574051535799441,0.011187637447112765,0.0,0.017788721931414564,-0.018795205074269686,0.0,0.26614566669815876,-0.040605359503747,0.0,-0.36942052788668645,0.005355403732237426,0.0,-0.03178661220257875,-0.004853838286269178,0.0,0.02938503049801028,-0.03371100224557098,0.0,161.561967582
1508285243.4546678,1.6110450608008482,-9.273511985072476e-09,0.0,-1.657459453784825,-0.01610203274662667,0.0,0.017788721931414342,0.018242326538676235,0.0,0.2662308878530413,0.005435546470116317,0.0,-0.36918331436278656,0.030673965440775622,0.0,-0.03186568337721202,0.030065706433079584,0.0,0.029487775359891433,0.03288268448090828,0.0,161.581963565
1508285243.4746683,1.6110815841529407,0.014623394438364778,0.0,-1.6574323036823846,0.003773661527758442,0.0,0.01774310982389804,0.000893015684284293,0.0,0.26614566669815876,-0.026977875613227023,0.0,-0.3693414567120531,-0.03288317418134137,0.0,-0.031865683377212045,0.0303329369273032,0.0,0.02938503049801028,-0.04073209743895389,0.0,161.601963965
1508285243.4946716,1.6110450608008482,-0.00013470901799575875,0.0,-1.6574323036823846,-0.002256938038424275,0.0,0.01774310982389804,0.003793965018412585,0.0,0.26614566669815876,-0.005437876906254497,0.0,-0.36926238553741986,0.004725151331269099,0.0,-0.03194475455184531,-0.007301878428932364,0.0,0.029487775359891433,0.04957474124252388,0.0,161.621967376
1508285243.5146701,1.6110450608008482,-0.014641863109264146,0.0,-1.657459453784825,-0.0003310067028649678,0.0,0.017788721931414342,-0.0006118012857596302,0.0,0.2662308878530413,0.034162506551635906,0.0,-0.36926238553741986,0.03261181567284362,0.0,-0.03178661220257875,0.03270875290567538,0.0,0.02938503049801028,-0.0012995209676477995,0.0,161.641965936
1508285243.5346725,1.6110450608008482,8.888785756712044e-05,0.0,-1.6574323036823846,0.005716175089270078,0.0,0.017834334038930866,0.01865115303920143,0.0,0.26614566669815876,0.005791298339385243,0.0,-0.36918331436278656,0.029510237790415363,0.0,-0.03186568337721202,-0.03212012265058819,0.0,0.029487775359891433,0.04825898802205765,0.0,161.661968316
1508285243.5546694,1.6110815841529407,0.014613912705968356,0.0,-1.657459453784825,-0.01305065174243284,0.0,0.017788721931414342,0.014345579377809562,0.0,0.26614566669815876,-0.008446567514838644,0.0,-0.36926238553741986,0.026331350394212798,0.0,-0.03178661220257875,-0.023809843689404545,0.0,0.02938503049801028,-0.006235369718207587,0.0,161.681964992
1508285243.5746691,1.6110450608008482,2.7955955030631606e-05,0.0,-1.6574323036823846,0.01000250182306935,0.0,0.01774310982389804,-0.0182662979421959,0.0,0.26614566669815876,-0.034085509176538985,0.0,-0.36918331436278656,0.03676643590336098,0.0,-0.03186568337721202,0.023950354618528798,0.0,0.029487775359891433,0.0016420416303504545,0.0,161.701964941
1508285243.594673,1.6110450608008482,-0.003483174335810407,0.0,-1.657459453784825,-0.0016134815818393273,0.0,0.017788721931414342,0.003059720990026777,0.0,0.26614566669815876,0.0013522424149049956,0.0,-0.3693414567120531,-0.036461520613211104,0.0,-0.031865683377212045,0.024331544885864587,0.0,0.029487775359891433,0.030885506965095223,0.0,161.721968717
1508285243.6146731,1.6110450608008482,-0.014614998877641394,0.0,-1.657459453784825,-0.010429708647162422,0.0,0.017788721931414342,-0.018685734326966602,0.0,0.2662308878530413,4.327175727695981e-07,0.0,-0.36926238553741986,0.025255910552319544,0.0,-0.03178661220257875,0.037915613749175944,0.0,0.029487775359891433,-0.0015676163264545754,0.0,161.74196892
1508285243.6346693,1.6110450608008482,-0.01460579347823097,0.0,-1.657459453784825,-0.002693449178544783,0.0,0.017788721931414342,-0.0027815856422997096,0.0,0.26614566669815876,-0.0065421115389480075,0.0,-0.36918331436278656,8.081891376742245e-06,0.0,-0.03186568337721202,1.2132996399736288e-05,0.0,0.02938503049801028,-5.016372244654636e-07,0.0,161.76196498
1508285243.6546695,1.6110450608008482,-4.6738539130339045e-06,0.0,-1.657459453784825,0.005223879803688345,0.0,0.017788721931414342,-8.901073841708724e-07,0.0,0.26614566669815876,-0.0013081164496549387,0.0,-0.36926238553741986,-0.037134381179126576,0.0,-0.03178661220257875,0.026562405954794362,0.0,0.02938503049801028,0.001640321229432367,0.0,161.781965226
1508285243.6746707,1.6110450608008482,-1.4956332521708478e-09,0.0,-1.657459453784825,-0.002178029916381224,0.0,0.017788721931414342,0.0036618931474719867,0.0,0.26614566669815876,-0.03408322487219812,0.0,-0.36926238553741986,0.006032802258382991,0.0,-0.03194475455184531,-0.05719325940363983,0.0,0.02938503049801028,-0.006604729083886871,0.0,161.801966425
1508285243.6946726,1.6110815841529407,0.015238853810530502,0.0,-1.6574323036823846,0.0025009172461003346,0.0,0.017834334038930866,0.032345986006714705,0.0,0.2662308878530413,0.03451312937588313,0.0,-0.36918331436278656,0.031731042579872484,0.0,-0.03186568337721202,0.029186368420547375,0.0,0.029487775359891433,0.033334169624867016,0.0,161.821968344
1508285243.7146728,1.6110815841529407,0.011704347083012176,0.0,-1.6574323036823846,0.010763283686974419,0.0,0.01774310982389804,-0.018129004403654492,0.0,0.26614566669815876,-0.006472430489594406,0.0,-0.36926238553741986,-0.037960352061428254,0.0,-0.03194475455184531,0.02533809052922957,0.0,0.029487775359891433,0.0065149591099071605,0.0,161.841968542
1508285243.734671,1.6110450608008482,-0.00011298472768081749,0.0,-1.657459453784825,0.004348293499054528,0.0,0.017788721931414342,-5.801281391402457e-06,0.0,0.2662308878530413,-2.0711777566702076e-06,0.0,-0.36942052788668645,-0.044442587663621136,0.0,-0.03178661220257875,-0.02934214564852885,0.0,0.02938503049801028,0.006318461770141141,0.0,161.861966781
1508285243.7546706,1.6110815841529407,0.01460862201867509,0.0,-1.657459453784825,-0.013108763314591685,0.0,0.017788721931414342,0.020565855608894304,0.0,0.26614566669815876,0.005374526214407819,0.0,-0.36926238553741986,-1.4221628052358748e-05,0.0,-0.03194475455184531,-0.002538945775386446,0.0,0.029487775359891433,0.032974926362505055,0.0,161.881966339
1508285243.7746732,1.6110450608008482,9.820068064745752e-05,0.0,-1.657459453784825,1.31370628714495e-05,0.0,0.017788721931414342,-0.0014255625453775005,0.0,0.26614566669815876,-0.033749991836915655,0.0,-0.3693414567120531,-0.02402822419855269,0.0,-0.031865683377212045,-0.02402903211029671,0.0,0.02938503049801028,0.0016563548079627274,0.0,161.901969008
1508285243.7946732,1.6110450608008482,0.0005850751450432376,0.0,-1.657459453784825,-0.010324896156791693,0.0,0.017788721931414342,0.019098273458430556,0.0,0.2662308878530413,0.034307952235814634,0.0,-0.36918331436278656,0.030315057728555642,0.0,-0.03186568337721202,0.030315057470023884,0.0,0.02938503049801028,0.008253087783476836,0.0,161.92196886
1508285243.8146713,1.6110450608008482,0.0005848820399810849,0.0,-1.6574323036823846,0.0008659768215237166,0.0,0.01774310982389804,6.111447510252436e-06,0.0,0.26614566669815876,-0.03389136913074496,0.0,-0.3693414567120531,9.700818473137794e-06,0.0,-0.031865683377212045,9.700818390407632e-06,0.0,0.02938503049801028,0.0016474623055242094,0.0,161.941967079
1508285243.8346725,1.6110450608008482,0.0004685010634042681,0.0,-1.657459453784825,-0.010962935493047775,0.0,0.017788721931414342,0.018418173054222352,0.0,0.26614566669815876,-0.03442315147242765,0.0,-0.36918331436278656,-0.006120769681830787,0.0,-0.03186568337721202,-0.006120769681830672,0.0,0.029487775359891433,0.04116033474931087,0.0,161.96196825
1508285243.854672,1.6110450608008482,1.499203402893656e-07,0.0,-1.6574323036823846,0.00011761357501271171,0.0,0.01774310982389804,-0.03664905522199045,0.0,0.26614566669815876,-0.03411821300468995,0.0,-0.3693414567120531,-0.0015181610520099247,0.0,-0.031865683377212045,0.0015142437594125768,0.0,0.02938503049801028,-0.008246274789479197,0.0,161.981967566
1508285243.874673,1.6110815841529407,0.015177835442128947,0.0,-1.657459453784825,-0.008731975294764247,0.0,0.017788721931414342,0.01471627517161318,0.0,0.26614566669815876,-0.0324322560987567,0.0,-0.36926238553741986,-0.007327889010336069,0.0,-0.03194475455184531,-0.007326918640796415,0.0,0.029487775359891433,-0.008540590962327942,0.0,162.001968555
1508285243.894674,1.6110450608008482,-0.017527274515197113,0.0,-1.657459453784825,-0.011315122399302494,0.0,0.017788721931414342,0.018951179394566534,0.0,0.26614566669815876,-0.03382868120456859,0.0,-0.3693414567120531,-2.344924483307539e-06,0.0,-0.031865683377212045,-2.34461396505485e-06,0.0,0.02938503049801028,0.00663898040022808,0.0,162.021969768
1508285243.9146745,1.6110450608008482,-5.60872784486307e-06,0.0,-1.657459453784825,-0.012585629414815794,0.0,0.017788721931414342,0.02114380885486027,0.0,0.2662308878530413,0.00020718124053063086,0.0,-0.369578670235953,-0.0010160879878176945,0.0,-0.03162846985331219,0.014036841576785383,0.0,0.02938503049801028,-0.0013839928276402362,0.0,162.041970327
1508285243.9346735,1.6110450608008482,-0.00011682928137051477,0.0,-1.657459453784825,-0.0003335615902115237,0.0,0.017788721931414342,0.0008521821688016821,0.0,0.26614566669815876,6.62979969698018e-08,0.0,-0.3693414567120531,0.03159653506852663,0.0,-0.031865683377212045,-0.03159236842735598,0.0,0.02938503049801028,-0.041057314157216696,0.0,162.061969211
1508285243.954674,1.6110450608008482,-0.0030606545746903304,0.0,-1.657459453784825,-0.0022578556572433062,0.0,0.017788721931414342,0.0037932855090990203,0.0,0.26614566669815876,0.007141440129635575,0.0,-0.36926238553741986,0.006281065790553335,0.0,-0.03178661220257875,0.05687910904549839,0.0,0.02938503049801028,-0.0003428892234897171,0.0,162.081969618
1508285243.974676,1.6110450608008482,0.0023336148165739763,0.0,-1.657459453784825,-0.010768287004968543,0.0,0.017788721931414342,0.01838232232744857,0.0,0.26614566669815876,0.0013698354504478826,0.0,-0.36942052788668645,-0.006371736438961868,0.0,-0.03178661220257875,0.0063919476949116415,0.0,0.02938503049801028,-0.009536675807197805,0.0,162.101971542
1508285243.994677,1.6110450608008482,0.00011744908591155198,0.0,-1.6574323036823846,-9.019802573822098e-05,0.0,0.01774310982389804,0.00015162578892813678,0.0,0.26614566669815876,-0.028590968590417456,0.0,-0.3693414567120531,-0.031644118292465766,0.0,-0.031865683377212045,0.031644124760078766,0.0,0.029487775359891433,0.04236232635359566,0.0,162.121972871
1508285244.0146801,1.6110450608008482,-0.000584308743244026,0.0,-1.6574323036823846,0.0022133186315532395,0.0,0.017834334038930866,-0.003660093438452265,0.0,0.2662308878530413,0.04052440002495607,0.0,-0.36926238553741986,-6.063898510520486e-05,0.0,-0.03194475455184531,6.063898717485876e-05,0.0,0.029487775359891433,0.04096564242769318,0.0,162.14197585
1508285244.0346744,1.6110450608008482,-1.8697879783808812e-07,0.0,-1.6574323036823846,-0.0005028574149722769,0.0,0.01774310982389804,0.0005529836375203689,0.0,0.26614566669815876,0.0068799626891580335,0.0,-0.36942052788668645,-0.03798714375470381,0.0,-0.03178661220257875,0.037987143754677856,0.0,0.02938503049801028,-0.039096868250393026,0.0,162.16197023
1508285244.0546744,1.6110815841529407,0.014619716551928853,0.0,-1.6574323036823846,0.010850318672716264,0.0,0.01774310982389804,-0.018286644689472734,0.0,0.2662308878530413,0.0013655138390578994,0.0,-0.36926238553741986,-0.03161277942569882,0.0,-0.03194475455184531,-0.031588467653695815,0.0,0.02938503049801028,0.00031458060380509323,0.0,162.181970096
1508285244.0746768,1.6110450608008482,0.0029153072944505675,0.0,-1.657459453784825,-8.33317347214432e-05,0.0,0.017788721931414342,-0.0001516819654659375,0.0,0.26614566669815876,4.3696442849852737e-07,0.0,-0.36926238553741986,-0.024994532627522152,0.0,-0.03178661220257875,0.037577031669333814,0.0,0.02938503049801028,0.0019749870588951736,0.0,162.201972455
1508285244.094677,1.6110450608008482,-2.2449316484742094e-05,0.0,-1.6574323036823846,0.00868785870129596,0.0,0.01774310982389804,-0.014595675289113924,0.0,0.2662308878530413,0.03414549147925821,0.0,-0.36926238553741986,-0.025259723520458913,0.0,-0.03194475455184531,-0.03799777493423684,0.0,0.02938503049801028,0.008157980609688219,0.0,162.221972723
1508285244.1146781,1.6110815841529407,0.014601688684192883,0.0,-1.6574323036823846,0.0021930857435104464,0.0,0.01774310982389804,-0.003626039818032039,0.0,0.2662308878530413,1.0926557273362617e-05,0.0,-0.36965774141058627,-0.03293564869831642,0.0,-0.031549398678678925,0.03291540629879895,0.0,0.029487775359891433,0.03943520805704844,0.0,162.241973881
1508285244.134677,1.6110450608008482,0.0029580857735294662,0.0,-1.657459453784825,0.0002426712309398104,0.0,0.017788721931414342,-0.0006987049537386353,0.0,0.26614566669815876,-0.005751166099218289,0.0,-0.36942052788668645,0.012979258737896801,0.0,-0.03178661220257875,-0.0002921720779010368,0.0,0.029487775359891433,-0.0003151720794013602,0.0,162.261972613
1508285244.1546755,1.6110450608008482,0.0029105390238175935,0.0,-1.6574323036823846,0.010919858245169584,0.0,0.01774310982389804,-0.018345429001830515,0.0,0.26614566669815876,-0.0013630434894040318,0.0,-0.3693414567120531,0.03034180493896083,0.0,-0.031865683377212045,0.0303375580810878,0.0,0.029487775359891433,0.0331388623752122,0.0,162.281971327
1508285244.1746824,1.6110450608008482,-0.002216648394393766,0.0,-1.657459453784825,-0.006778677069251482,0.0,0.017788721931414342,-0.01752192361260185,0.0,0.26614566669815876,0.00021757019880562235,0.0,-0.36942052788668645,0.0010188853336180043,0.0,-0.03178661220257875,-0.001404015845595371,0.0,0.02938503049801028,0.0019787565525765513,0.0,162.301978083
1508285244.1946778,1.6110450608008482,0.0030398993122061767,0.0,-1.6574323036823846,0.010862544790326476,0.0,0.01774310982389804,-0.025560248918116927,0.0,0.2662308878530413,0.03269205603149869,0.0,-0.36942052788668645,0.007638805173106473,0.0,-0.03178661220257875,-0.005121373342023171,0.0,0.029487775359891433,0.030992648716201904,0.0,162.321973637
1508285244.214678,1.6110815841529407,0.01460197440750383,0.0,-1.6574323036823846,-0.002604625836989596,0.0,0.01774310982389804,0.004373425626508048,0.0,0.2662308878530413,0.02736534623550276,0.0,-0.3693414567120531,2.4444176553940686e-06,0.0,-0.031865683377212045,-1.6388394694474132e-06,0.0,0.029487775359891433,-5.5757703882954616e-05,0.0,162.341973858
1508285244.2346888,1.6110450608008482,-0.0030372899908163056,0.0,-1.6574323036823846,0.012531945788393884,0.0,0.017834334038930866,0.013750133281494843,0.0,0.2662308878530413,0.03230365350239979,0.0,-0.36926238553741986,0.0002527455645324039,0.0,-0.03194475455184531,-0.00025274530674747315,0.0,0.02938503049801028,0.006328441384031223,0.0,162.361984437
1508285244.254677,1.6110450608008482,-9.719327970612166e-07,0.0,-1.657459453784825,-0.009969832035764858,0.0,0.017788721931414342,0.018167151500994138,0.0,0.2662308878530413,0.04087188498515936,0.0,-0.3693414567120531,8.087858065036917e-08,0.0,-0.031865683377212045,-8.087849815919132e-08,0.0,0.029487775359891433,0.04137448339788132,0.0,162.381972853
1508285244.2746806,1.6110450608008482,-0.0005838594507036167,0.0,-1.657459453784825,0.0007777329103994473,0.0,0.017788721931414342,0.00015216666658881043,0.0,0.2662308878530413,-0.00026036564863042246,0.0,-0.3693414567120531,-0.03167764338661304,0.0,-0.031865683377212045,0.029048290523760782,0.0,0.029487775359891433,0.04275173462146177,0.0,162.401976242
1508285244.2946782,1.6110450608008482,0.0029243337095386456,0.0,-1.6574323036823846,-0.00045133404804728806,0.0,0.01774310982389804,-0.0009918126016263162,0.0,0.26614566669815876,0.00540632933555251,0.0,-0.36942052788668645,0.0009517080875989075,0.0,-0.03178661220257875,-0.0009525494805153578,0.0,0.02938503049801028,0.001985272059982453,0.0,162.421973843
1508285244.3146794,1.6110450608008482,-0.014621666936027303,0.0,-1.657459453784825,-0.004014696233895474,0.0,0.017788721931414342,0.0009055218193510654,0.0,0.26614566669815876,-0.03417220881791564,0.0,-0.3693414567120531,3.0454658803165004e-07,0.0,-0.031865683377212045,-3.0481583376491413e-07,0.0,0.02938503049801028,-0.00815478376471177,0.0,162.441975023
1508285244.3346786,1.6110815841529407,0.017482941113352836,0.0,-1.657459453784825,0.0021034847242294846,0.0,0.017788721931414342,0.0034780900913492013,0.0,0.26614566669815876,-0.0011565142122086426,0.0,-0.3693414567120531,5.0452930397929256e-05,0.0,-0.031865683377212045,-5.04529304841056e-05,0.0,0.029487775359891433,0.039385792003522525,0.0,162.461974465
1508285244.3546777,1.6110815841529407,0.00280496455105929,0.0,-1.657459453784825,-0.0001724602767175843,0.0,0.017788721931414342,1.1129888285237653e-06,0.0,0.26614566669815876,0.006748488331058615,0.0,-0.36926238553741986,1.614493772733734e-08,0.0,-0.03194475455184531,-1.6144937754913776e-08,0.0,0.02938503049801028,-0.03446457721415574,0.0,162.481973472
