left_wam/base_yaw_joint_pos,left_wam/base_yaw_joint_vel,left_wam/base_yaw_joint_eff,left_wam/shoulder_pitch_joint_pos,left_wam/shoulder_pitch_joint_vel,left_wam/shoulder_pitch_joint_eff,left_wam/shoulder_yaw_joint_pos,left_wam/shoulder_yaw_joint_vel,left_wam/shoulder_yaw_joint_eff,left_wam/elbow_pitch_joint_pos,left_wam/elbow_pitch_joint_vel,left_wam/elbow_pitch_joint_eff,left_wam/wrist_yaw_joint_pos,left_wam/wrist_yaw_joint_vel,left_wam/wrist_yaw_joint_eff,left_wam/wrist_pitch_joint_pos,left_wam/wrist_pitch_joint_vel,left_wam/wrist_pitch_joint_eff,left_wam/palm_yaw_joint_pos,left_wam/palm_yaw_joint_vel,left_wam/palm_yaw_joint_eff,header_from_controller_start
1508285103.1129622,1.6110450608008482,-0.00012160033839164042,0.0,-1.6574323036823846,-0.0005265645433936727,0.0,0.01774310982389804,-0.00786373986955309,0.0,0.26614566669815876,-0.0002724214389934974,0.0,-0.3683926026164538,-1.0088536026417054e-05,0.0,-0.0323401104250117,1.0088536026409969e-05,0.0,0.02938503049801028,-0.0013053621585410486,0.0,21.240258008
1508285103.1329691,1.6110450608008482,-2.341555176873491e-05,0.0,-1.6574323036823846,-1.685006538859751e-07,0.0,0.01774310982389804,-2.5163967582569865e-06,0.0,0.26614566669815876,-0.006850942700597015,0.0,-0.3683926026164538,-0.00025280821664928427,0.0,-0.0323401104250117,0.00025280821664910673,0.0,0.02938503049801028,-4.1771589073313505e-07,0.0,21.260264928
1508285103.1529667,1.6110085374487557,-0.014668114425341269,0.0,-1.6574323036823846,-0.010903725561185285,0.0,0.01774310982389804,-0.011008438567735368,0.0,0.26614566669815876,-0.0011452049339939292,0.0,-0.3683926026164538,-0.005122419145056542,0.0,-0.0323401104250117,-0.005022979953880613,0.0,0.02938503049801028,-1.3366908503460308e-10,0.0,21.28026257
1508285103.172966,1.6110450608008482,0.014656394063164619,0.0,-1.6574323036823846,0.0022566201256700516,0.0,0.01774310982389804,-0.0035084927052187872,0.0,0.26614566669815876,0.006821073053664875,0.0,-0.3683926026164538,4.893989609676498e-05,0.0,-0.0323401104250117,-5.218642380838937e-05,0.0,0.02938503049801028,-0.00026316350638297533,0.0,21.300261828
1508285103.1929626,1.6110450608008482,0.014459986802602614,0.0,-1.657459453784825,-0.01170025044979501,0.0,0.017788721931414342,0.01819731200328725,0.0,0.26614566669815876,0.005509900166093417,0.0,-0.36847167379108703,0.006071614024737042,0.0,-0.03226103925037843,-0.006071615063628041,0.0,0.02938503049801028,-0.00821830943601837,0.0,21.320258468
1508285103.2129667,1.6110450608008482,4.627195776832832e-06,0.0,-1.657459453784825,-0.022140357416138717,0.0,0.017788721931414342,-0.00011095579930620352,0.0,0.26614566669815876,0.000274490630758632,0.0,-0.3683926026164538,0.0012683812708521095,0.0,-0.0323401104250117,0.0012644954375433878,0.0,0.02938503049801028,-2.6298590195258754e-06,0.0,21.340262372
1508285103.2329667,1.6110450608008482,1.4807026485865045e-09,0.0,-1.6574323036823846,0.00047776055799305484,0.0,0.01774310982389804,-0.0008728443802693684,0.0,0.26614566669815876,0.00679236205663838,0.0,-0.36831353144182044,4.0588200667267455e-07,0.0,-0.03241918159964499,4.0463854001388366e-07,0.0,0.02938503049801028,-0.04109602517509418,0.0,21.360262502
1508285103.252964,1.6110450608008482,4.738248475476809e-13,0.0,-1.6574323036823846,0.0017987650527869908,0.0,0.01774310982389804,-0.0027299700202633183,0.0,0.26614566669815876,-0.001371783175177062,0.0,-0.3683926026164538,-5.039879406202706e-05,0.0,-0.0323401104250117,5.039905342861969e-05,0.0,0.02938503049801028,-0.00027650910220385354,0.0,21.380259802
1508285103.2729673,1.6110085374487557,-0.014640070889966052,0.0,-1.6574323036823846,-0.0005209725438474264,0.0,0.01774310982389804,0.0008753260587093775,0.0,0.26614566669815876,5.408052312020607e-05,0.0,-0.36847167379108703,-1.612761409984864e-08,0.0,-0.03226103925037843,1.6127697097158282e-08,0.0,0.02938503049801028,-0.04118448080570103,0.0,21.400263006
1508285103.2929647,1.6110450608008482,-0.002805040470458243,0.0,-1.657459453784825,-0.012584603957504992,0.0,0.017788721931414342,0.020850235687146498,0.0,0.26614566669815876,1.7305767398465926e-08,0.0,-0.3683926026164538,0.007834280354585808,0.0,-0.0323401104250117,-0.007834280354588531,0.0,0.02938503049801028,0.0016314461212241598,0.0,21.420260349
1508285103.3129964,1.6110450608008482,-8.97612950546637e-07,0.0,-1.6574323036823846,-0.001741966649129203,0.0,0.01774310982389804,-0.002913062277894961,0.0,0.2662308878530413,0.03535342840564865,0.0,-0.3683926026164538,0.0002556436044082651,0.0,-0.0323401104250117,-0.0002556436044080882,0.0,0.02938503049801028,5.220627587917305e-07,0.0,21.440292091
1508285103.3330007,1.6110450608008482,-2.8723614417492355e-10,0.0,-1.6574051535799441,0.010734366506364099,0.0,0.017788721931414564,0.018033714496265736,0.0,0.26614566669815876,-0.006560097087388701,0.0,-0.3683926026164538,0.001309706336159182,0.0,-0.0323401104250117,0.0013095427242519545,0.0,0.02938503049801028,6.54883870546806e-05,0.0,21.460296287
1508285103.3529654,1.6110450608008482,0.014561791043147995,0.0,-1.657459453784825,-0.02129941913248895,0.0,0.017788721931414342,0.0008791225839783603,0.0,0.2662308878530413,0.03397541320318801,0.0,-0.3683926026164538,4.191060275709378e-07,0.0,-0.0323401104250117,4.19053671760625e-07,0.0,0.02938503049801028,2.0956283857497768e-08,0.0,21.48026106
1508285103.3729682,1.6110085374487557,-0.011847687814334408,0.0,-1.6574323036823846,-0.0019385338144322524,0.0,0.01774310982389804,0.0029537634679749486,0.0,0.26614566669815876,6.54631823902411e-05,0.0,-0.3683926026164538,5.0651623957930666e-05,0.0,-0.0323401104250117,-5.065135574684466e-05,0.0,0.02938503049801028,-0.008229996367943334,0.0,21.500263958
1508285103.3929663,1.6110450608008482,-0.00244194436655667,0.0,-1.6574323036823846,-0.0016569938393444256,0.0,0.01774310982389804,0.0030748929754504696,0.0,0.26614566669815876,0.006623270763547554,0.0,-0.3683135314418205,0.031604403967816705,0.0,-0.03226103925037843,0.031604371550852106,0.0,0.02938503049801028,6.283907499187206e-05,0.0,21.520261993
1508285103.4129655,1.6110450608008482,-0.000610896282036542,0.0,-1.6574323036823846,-0.002260556727813303,0.0,0.01774310982389804,-0.003504125190095486,0.0,0.26614566669815876,-5.245857929324283e-05,0.0,-0.36831353144182044,0.0302823439768235,0.0,-0.03241918159964499,-0.030363395979654404,0.0,0.02938503049801028,2.010850399739904e-08,0.0,21.540261324
1508285103.4329689,1.6110450608008482,0.011503809830799159,0.0,-1.6574323036823846,0.008812396939129023,0.0,0.01774310982389804,-0.021841589281097577,0.0,0.26614566669815876,-0.006571557899893563,0.0,-0.36831353144182044,0.006360829434197026,0.0,-0.03241918159964499,0.0063414227974087235,0.0,0.02938503049801028,6.4347212791676855e-12,0.0,21.560264685
1508285103.4529674,1.6110450608008482,-1.9601047948878447e-05,0.0,-1.6574323036823846,-0.00010138418994463057,0.0,0.01774310982389804,-0.00012390002881549334,0.0,0.26614566669815876,-0.03421540089406497,0.0,-0.3683926026164538,-0.006817526023380961,0.0,-0.0323401104250117,0.006315438202797207,0.0,0.02938503049801028,-0.00026335059829442326,0.0,21.58026311
1508285103.47297,1.6110450608008482,0.011754624206519768,0.0,-1.6574323036823846,0.0004535021931156984,0.0,0.01774310982389804,-0.0065603451773967895,0.0,0.2662308878530413,0.007871336274051285,0.0,-0.3683926026164538,0.00025071374278807834,0.0,-0.0323401104250117,0.000254916291340633,0.0,0.02938503049801028,-8.427219145421535e-08,0.0,21.600265803
1508285103.4929664,1.6110450608008482,3.7614797460863215e-06,0.0,-1.6574323036823846,-0.0004352641203209759,0.0,0.017834334038930866,0.037217368106992596,0.0,0.2662308878530413,0.03266796503590114,0.0,-0.36847167379108703,-0.02529925046746708,0.0,-0.03226103925037843,0.025299412269086878,0.0,0.02938503049801028,-2.696710126534888e-11,0.0,21.620262242
1508285103.5129678,1.6110450608008482,0.002896974879952829,0.0,-1.6574323036823846,-0.010417374629134531,0.0,0.01774310982389804,-0.017489021041096824,0.0,0.26614566669815876,1.0453748811488356e-05,0.0,-0.36831353144182044,0.025273908221271745,0.0,-0.03241918159964499,-0.025273908169477482,0.0,0.02938503049801028,-0.00821528769532761,0.0,21.640263631
1508285103.5329688,1.6110450608008482,9.270319615849043e-07,0.0,-1.6574323036823846,0.0021634074702815906,0.0,0.017834334038930866,0.040057378121685236,0.0,0.2662308878530413,-0.0065284935492720495,0.0,-0.3683926026164538,8.08765063080695e-06,0.0,-0.0323401104250117,-8.087650614232784e-06,0.0,0.02938503049801028,-6.842959312590663e-05,0.0,21.66026449
1508285103.5529673,1.6110450608008482,-2.331241925416549e-05,0.0,-1.6574323036823846,6.922903904901082e-07,0.0,0.01774310982389804,0.0003048962923035506,0.0,0.2662308878530413,0.04080168630716483,0.0,-0.3683926026164538,-0.007341085998489964,0.0,-0.0323401104250117,0.004804880141258002,0.0,0.02938503049801028,-0.0409739401449218,0.0,21.680263022
1508285103.5729687,1.6110450608008482,0.002919635980643041,0.0,-1.6574323036823846,0.0004540388617265074,0.0,0.01774310982389804,0.0007045284563589828,0.0,0.26614566669815876,-0.02722072673361814,0.0,-0.3683926026164538,-0.006373805769597668,0.0,-0.0323401104250117,0.006372994183725537,0.0,0.02938503049801028,-1.3111660846374963e-05,0.0,21.70026446
1508285103.5929668,1.6110450608008482,9.342835138057721e-07,0.0,-1.6574323036823846,-0.0021709849890990352,0.0,0.01774310982389804,0.003647719157476957,0.0,0.26614566669815876,0.005435890660269639,0.0,-0.36831353144182044,-0.023946388569586773,0.0,-0.03241918159964499,-0.026586009887811516,0.0,0.02938503049801028,-4.195731470839983e-09,0.0,21.720262528
1508285103.6129696,1.6110450608008482,0.011663284163431861,0.0,-1.6574323036823846,0.0017019472872075616,0.0,0.01774310982389804,-0.004375825490523037,0.0,0.26614566669815876,-0.008394458199253638,0.0,-0.3683926026164538,-7.66284434226776e-06,0.0,-0.0323401104250117,-8.507523164099676e-06,0.0,0.02938503049801028,0.0065749709616602075,0.0,21.740265362
1508285103.6329699,1.6110450608008482,3.732250932298192e-06,0.0,-1.6574323036823846,-0.00045133214068627067,0.0,0.01774310982389804,0.0007577516241491904,0.0,0.26614566669815876,-0.006570368120607723,0.0,-0.3682344602671872,0.06294237983059955,0.0,-0.032340110425011726,0.0002513354281929402,0.0,0.02938503049801028,-0.04105476728880412,0.0,21.760265518
1508285103.6529682,1.6110450608008482,-0.002337589365770457,0.0,-1.6574323036823846,-0.0022752389539935814,0.0,0.01774310982389804,0.0035303179438515263,0.0,0.26614566669815876,-2.102517798594469e-06,0.0,-0.3683926026164538,-0.03793677604721506,0.0,-0.0323401104250117,0.025312230480290982,0.0,0.029487775359891433,0.032877399046951285,0.0,21.780263787
1508285103.6729703,1.6110450608008482,-7.480285970465456e-07,0.0,-1.6574323036823846,1.6645106202316737e-05,0.0,0.01774310982389804,3.0316607297024405e-05,0.0,0.26614566669815876,-0.0002720146986289517,0.0,-0.3683926026164538,-0.03168065674607263,0.0,-0.0323401104250117,0.03167661689146898,0.0,0.02938503049801028,-0.0003174264837999205,0.0,21.800265982
1508285103.6929696,1.6110450608008482,-2.3936915105489435e-10,0.0,-1.6574323036823846,0.0018155596587747238,0.0,0.01774310982389804,-0.002758108985399433,0.0,0.26614566669815876,0.0014205074639598134,0.0,-0.3683926026164538,0.0050243237705178915,0.0,-0.0323401104250117,-0.005024325063273132,0.0,0.02938503049801028,0.008188842559726158,0.0,21.820265173
1508285103.7129683,1.6110450608008482,2.335993004871176e-05,0.0,-1.657459453784825,-0.010967931740589,0.0,0.017788721931414342,0.018134114751374053,0.0,0.26614566669815876,4.545623884671398e-07,0.0,-0.3683926026164538,0.00020420156652387433,0.0,-0.0323401104250117,-0.00020420156693741376,0.0,0.02938503049801028,-0.0003263438338675869,0.0,21.840264003
1508285103.7329757,1.6110450608008482,0.0004695435098576821,0.0,-1.6574323036823846,0.012927535671952088,0.0,0.01774310982389804,-0.021718322612351737,0.0,0.26614566669815876,0.00027082268093688917,0.0,-0.3683926026164538,-0.0003019798759957861,0.0,-0.0323401104250117,0.0003019798759957599,0.0,0.02938503049801028,0.0016472712628846948,0.0,21.860271401
1508285103.7529688,1.6110450608008482,1.5025392315445807e-07,0.0,-1.6574323036823846,-6.545521357642705e-05,0.0,0.01774310982389804,-0.007499737429978138,0.0,0.26614566669815876,0.001085716467569991,0.0,-0.3682344602671872,-0.005285140733704998,0.0,-0.032340110425011726,-0.007906709166769004,0.0,0.02938503049801028,-0.04291534457089358,0.0,21.880264482
1508285103.772969,1.6110450608008482,4.8081255409426535e-11,0.0,-1.6574323036823846,-0.0020858694497609092,0.0,0.01774310982389804,0.003794457006868114,0.0,0.2662308878530413,0.040926515191654946,0.0,-0.3683926026164538,-0.0025738159288095286,0.0,-0.0323401104250117,4.8151578996264304e-05,0.0,0.02938503049801028,-1.373291026268593e-05,0.0,21.90026473
1508285103.7929692,1.6110450608008482,1.5386001731016476e-14,0.0,-1.657459453784825,-0.010864942891835165,0.0,0.017788721931414342,0.018311329998731626,0.0,0.2662308878530413,0.03438767490605505,0.0,-0.3683926026164538,4.958727266629829e-05,0.0,-0.0323401104250117,-5.039548525825622e-05,0.0,0.02938503049801028,0.001641683929916625,0.0,21.92026503
1508285103.812972,1.6110450608008482,4.9235205539252666e-18,0.0,-1.6574323036823846,8.318255393520694e-05,0.0,0.017834334038930866,0.03628312697972544,0.0,0.26614566669815876,0.0013195432356454292,0.0,-0.3683926026164538,1.5867922815176004e-08,0.0,-0.0323401104250117,0.01264324502375456,0.0,0.02938503049801028,5.253388575733194e-07,0.0,21.940267809
1508285103.8329754,1.6110085374487557,-0.014598217203086015,0.0,-1.657459453784825,-0.010851745461773298,0.0,0.017788721931414342,0.016790657828385108,0.0,0.26614566669815876,-0.028542499230853585,0.0,-0.3683926026164538,5.077735300856316e-12,0.0,-0.0323401104250117,4.045838407601455e-06,0.0,0.02938503049801028,-6.571430377797219e-05,0.0,21.960271146
1508285103.8529713,1.6110450608008482,-4.6714295049875195e-06,0.0,-1.6574323036823846,0.010419194769383557,0.0,0.017834334038930866,0.017515429328444476,0.0,0.2662308878530413,0.027227931716601487,0.0,-0.3683926026164538,-5.0327224228675e-05,0.0,-0.0323401104250117,5.0328518898607984e-05,0.0,0.02938503049801028,-2.1028577208951077e-08,0.0,21.98026706
1508285103.8729746,1.6110450608008482,0.014666350039358345,0.0,-1.657459453784825,-0.010464446073052908,0.0,0.017788721931414342,0.0175914507988386,0.0,0.26614566669815876,-0.005715707770340382,0.0,-0.3683926026164538,-0.03200592633944138,0.0,-0.0323401104250117,0.03200592633983321,0.0,0.02938503049801028,-6.729144706864336e-12,0.0,22.000270294
1508285103.8929713,1.6110450608008482,0.00012164614473587465,0.0,-1.657459453784825,-0.01122342601314567,0.0,0.017788721931414342,0.0174030841166853,0.0,0.26614566669815876,-0.0015765816274995782,0.0,-0.3683926026164538,-0.0025786608725052278,0.0,-0.0323401104250117,6.11057996617777e-05,0.0,0.02938503049801028,-0.0016356519897260812,0.0,22.020266984
1508285103.9129713,1.6110450608008482,3.8926766315479837e-08,0.0,-1.6574323036823846,0.00030920449759179024,0.0,0.01774310982389804,-0.0008702469558774696,0.0,0.26614566669815876,0.0010904053447011288,0.0,-0.3683926026164538,-0.007336900291101124,0.0,-0.0323401104250117,0.00531172587813335,0.0,0.029487775359891433,0.0410759150679582,0.0,22.040266918
1508285103.932975,1.6110450608008482,0.01693360018169659,0.0,-1.6574323036823846,0.002181894543592094,0.0,0.01774310982389804,0.00360676608151799,0.0,0.26614566669815876,-0.0015862594856650707,0.0,-0.3683926026164538,0.006301259586516313,0.0,-0.0323401104250117,-0.006301907642330675,0.0,0.02938503049801028,-0.04108288004071754,0.0,22.060270763
1508285103.952974,1.6110450608008482,-0.0024436069969115517,0.0,-1.6574323036823846,0.010419381747112872,0.0,0.01774310982389804,-0.017502209399902918,0.0,0.26614566669815876,-0.008169188092879639,0.0,-0.3682344602671872,0.007328218707891588,0.0,-0.03249825277427826,-0.007328218915270956,0.0,0.02938503049801028,-0.0410846914506172,0.0,22.080269826
1508285103.9729757,1.6110450608008482,0.002921298003317189,0.0,-1.6574323036823846,-0.0021862046126782777,0.0,0.01774310982389804,0.0036728192935216995,0.0,0.2662308878530413,0.04103296439187216,0.0,-0.3683135314418205,-0.026481410613878015,0.0,-0.03226103925037843,0.026481410613816467,0.0,0.02938503049801028,-0.04159659984575608,0.0,22.100271453
1508285103.9929724,1.6110450608008482,-2.2425114764248387e-05,0.0,-1.6574323036823846,-6.995854760570481e-07,0.0,0.01774310982389804,1.1753021739269426e-06,0.0,0.26614566669815876,-0.007222248001415525,0.0,-0.36831353144182044,0.03347845325835721,0.0,-0.03241918159964499,-0.03347845325833354,0.0,0.02938503049801028,-1.3310911950641931e-05,0.0,22.120268047
1508285104.0129733,1.6110450608008482,-7.1760367245594764e-09,0.0,-1.6574323036823846,8.35783326585189e-05,0.0,0.01774310982389804,-0.00014041140005306935,0.0,0.26614566669815876,-0.03384151994952715,0.0,-0.36831353144182044,1.0713105042674295e-05,0.0,-0.03241918159964499,-1.0713105042666723e-05,0.0,0.02938503049801028,-4.259491824205413e-09,0.0,22.14026908
1508285104.0329745,1.6110450608008482,-0.002348057692409318,0.0,-1.657459453784825,-0.008221572798632348,0.0,0.017788721931414342,0.013753841975032054,0.0,0.2662308878530413,0.035621751141294816,0.0,-0.3683926026164538,3.4281936136557707e-09,0.0,-0.0323401104250117,-3.4281936136533475e-09,0.0,0.02938503049801028,-1.3630373837457306e-12,0.0,22.160270307
1508285104.0529742,1.6110450608008482,-0.0005830846330109036,0.0,-1.6574323036823846,8.424536478234885e-05,0.0,0.01774310982389804,0.00015035315314543393,0.0,0.26614566669815876,0.005466746104809447,0.0,-0.3683926026164538,5.0458831048665306e-05,0.0,-0.0323401104250117,-5.045883104862988e-05,0.0,0.02938503049801028,-4.3617196279863324e-16,0.0,22.180270053
1508285104.0729764,1.6110450608008482,-1.8658708256348891e-07,0.0,-1.6574323036823846,0.008539952892624145,0.0,0.01774310982389804,-0.021644603327472686,0.0,0.2662308878530413,0.03389870818363479,0.0,-0.3683926026164538,1.614682593557288e-08,0.0,-0.0323401104250117,-1.6146825935561545e-08,0.0,0.02938503049801028,-1.3957502809556248e-19,0.0,22.20027215
1508285104.0929728,1.6110450608008482,-5.970786642031639e-11,0.0,-1.6574323036823846,-0.010445873965137476,0.0,0.01774310982389804,-0.01756056075848203,0.0,0.26614566669815876,-0.03284049978654681,0.0,-0.36847167379108703,-0.03827721866719408,0.0,-0.03226103925037843,0.025617367289929492,0.0,0.02938503049801028,-4.466400899057995e-23,0.0,22.220268533
1508285104.1129737,1.6110450608008482,0.014638322195383078,0.0,-1.657459453784825,-0.01079806140718129,0.0,0.017788721931414342,0.01812948240468508,0.0,0.26614566669815876,-0.007099732665118015,0.0,-0.3683926026164538,0.0012511743149755386,0.0,-0.0323401104250117,0.0012716205824813745,0.0,0.02938503049801028,-1.4292482876985567e-26,0.0,22.240269317
1508285104.1329763,1.6110450608008482,0.002958172483661924,0.0,-1.6574323036823846,0.0017234433224412287,0.0,0.017834334038930866,0.04073136863046679,0.0,0.2662308878530413,0.02577241883798853,0.0,-0.3683926026164538,-0.025685500390823575,0.0,-0.0323401104250117,0.037865735029399786,0.0,0.02938503049801028,-0.007912956814403361,0.0,22.260271928
1508285104.1529741,1.6110450608008482,-0.0005840272913441641,0.0,-1.6574323036823846,-0.004768809340532506,0.0,0.01774310982389804,0.0007435774078879095,0.0,0.26614566669815876,-0.0014112244312704408,0.0,-0.3683926026164538,0.0009544852038382623,0.0,-0.0323401104250117,-0.0015580551095564356,0.0,0.02938503049801028,-2.5321461806090727e-06,0.0,22.280269833
1508285104.172976,1.6110085374487557,-0.014085563966816707,0.0,-1.6574323036823846,-0.0017133068093795284,0.0,0.01774310982389804,0.004335892881052645,0.0,0.26614566669815876,-0.041295272615718547,0.0,-0.3683926026164538,3.0543526522824366e-07,0.0,-0.0323401104250117,-4.985776350580589e-07,0.0,0.02938503049801028,-8.102867777949023e-10,0.0,22.300271678
1508285104.192974,1.6110450608008482,0.01464081210087707,0.0,-1.657459453784825,-0.01306001809919692,0.0,0.017788721931414342,0.021941265753229498,0.0,0.26614566669815876,-0.034130957284152635,0.0,-0.3683926026164538,-0.02411827841912713,0.0,-0.0323401104250117,0.024118278357304637,0.0,0.02938503049801028,0.008222145197309539,0.0,22.320269833
1508285104.2129755,1.6110450608008482,4.685059872280657e-06,0.0,-1.6574323036823846,0.0003599048573434402,0.0,0.01774310982389804,-0.0006046391549558495,0.0,0.26614566669815876,-0.0013721250225832106,0.0,-0.3683926026164538,-5.832103617043196e-05,0.0,-0.0323401104250117,5.8321036150613244e-05,0.0,0.02938503049801028,0.0015779796640429168,0.0,22.340271115
1508285104.2329772,1.6110450608008482,0.0005811611123544622,0.0,-1.6574051535799441,0.02391786207896277,0.0,0.017788721931414564,-0.003542038102563044,0.0,0.26614566669815876,-0.006834921504641504,0.0,-0.3683926026164538,-0.0003024847952611789,0.0,-0.0323401104250117,0.00030248479526096017,0.0,0.02938503049801028,0.001701119259705123,0.0,22.360272842
1508285104.2529788,1.6110450608008482,1.859715559534277e-07,0.0,-1.6574323036823846,2.5053859422761142e-05,0.0,0.01774310982389804,-3.0365651978565674e-05,0.0,0.26614566669815876,0.008181588011763824,0.0,-0.3683926026164538,0.007643772352832599,0.0,-0.0323401104250117,0.0051129014523914355,0.0,0.02938503049801028,5.443581631056388e-07,0.0,22.380274527
1508285104.2729785,1.6110450608008482,5.95108979050968e-11,0.0,-1.657459453784825,-0.009129113155804076,0.0,0.017788721931414342,0.01533689213766817,0.0,0.26614566669815876,0.00163396841142575,0.0,-0.3683926026164538,-0.007379033527993344,0.0,-0.032498252774278286,0.004762143731887373,0.0,0.02938503049801028,1.741946121938042e-10,0.0,22.400274189
1508285104.2929752,1.6110450608008482,-0.0005846948159156275,0.0,-1.6574323036823846,0.01112169420046389,0.0,0.01774310982389804,-0.017516666540877374,0.0,0.26614566669815876,5.228698916562395e-07,0.0,-0.36831353144182044,-2.3612907067093584e-06,0.0,-0.03241918159964499,-0.0633809021147827,0.0,0.02938503049801028,5.574227590201728e-14,0.0,22.420270844
1508285104.3129761,1.6110450608008482,0.0028267180509667085,0.0,-1.6574323036823846,0.009085067573828124,0.0,0.01774310982389804,-0.015321017547950542,0.0,0.26614566669815876,0.001091137620048178,0.0,-0.3683926026164538,-0.006220972651908942,0.0,-0.0323401104250117,0.00427731073982081,0.0,0.02938503049801028,1.783752828864551e-17,0.0,22.440271866
1508285104.332983,1.6110450608008482,0.014590432337860488,0.0,-1.6574323036823846,0.013022718699044158,0.0,0.01774310982389804,-0.014571849462987108,0.0,0.26614566669815876,3.491640384154166e-07,0.0,-0.3683926026164538,-1.9907112486108594e-06,0.0,-0.0323401104250117,1.3687394367426576e-06,0.0,0.02938503049801028,6.571447188640663e-05,0.0,22.460278821
1508285104.3529782,1.6110450608008482,4.6689383481153516e-06,0.0,-1.6574323036823846,-0.011183700961941141,0.0,0.01774310982389804,-0.01769270291914873,0.0,0.26614566669815876,-0.04062089241479131,0.0,-0.36831353144182044,0.031673686508341126,0.0,-0.03241918159964499,-0.03167368670734987,0.0,0.02938503049801028,0.00032890683653375666,0.0,22.480274042
1508285104.3729782,1.6110450608008482,-0.0005819860800577723,0.0,-1.6574323036823846,0.0013196708884353333,0.0,0.01774310982389804,-0.003682345758051131,0.0,0.2662308878530413,0.03380788974099656,0.0,-0.36831353144182044,-0.00024269952239188447,0.0,-0.03241918159964499,0.00024269952232802423,0.0,0.02938503049801028,0.0016373107500526364,0.0,22.500274044
1508285104.3929772,1.6110450608008482,0.0005849971638570651,0.0,-1.657459453784825,-0.010794192774220345,0.0,0.017788721931414342,0.01813374928727069,0.0,0.26614566669815876,-4.3636080309626727e-05,0.0,-0.3683926026164538,-0.037988165833113194,0.0,-0.0323401104250117,0.0379881658330865,0.0,0.02938503049801028,-0.008181617941040843,0.0,22.520272972
1508285104.412978,1.6110450608008482,0.014445881838334765,0.0,-1.657459453784825,0.0021915323647261078,0.0,0.017788721931414342,0.0036350150098752227,0.0,0.26614566669815876,-0.006780793732309692,0.0,-0.3683135314418205,0.037907931069213856,0.0,-0.03226103925037843,0.025248183008213125,0.0,0.02938503049801028,-2.618117741133067e-06,0.0,22.540273597
1508285104.4329798,1.6110450608008482,0.00293403665182869,0.0,-1.6574323036823846,0.010813832045632644,0.0,0.017834334038930866,0.018167197151864167,0.0,0.2662308878530413,0.03415767539513569,0.0,-0.3683926026164538,0.0012832712026420398,0.0,-0.0323401104250117,-0.0012630612461363708,0.0,0.02938503049801028,-8.377976771625805e-10,0.0,22.56027547
1508285104.4529798,1.6110450608008482,9.388917285851797e-07,0.0,-1.6574323036823846,-0.0022339395530369954,0.0,0.01774310982389804,0.0037646401460509583,0.0,0.26614566669815876,-0.007121790973930978,0.0,-0.3683926026164538,4.1064678484545225e-07,0.0,-0.0323401104250117,-4.0417959876363825e-07,0.0,0.02938503049801028,0.00787584486811795,0.0,22.580275529
1508285104.4729798,1.6110085374487557,-0.014636573618091264,0.0,-1.6574323036823846,-0.00043359975784490094,0.0,0.01774310982389804,-0.0007260409127013222,0.0,0.26614566669815876,-0.006815591926332963,0.0,-0.36831353144182044,0.00632163070656744,0.0,-0.03241918159964499,-0.006321630704493502,0.0,0.029487775359891433,0.04117707516514593,0.0,22.600275498
1508285104.4929776,1.6110450608008482,-0.00012166452534030395,0.0,-1.657459453784825,3.458278275617458e-05,0.0,0.017788721931414342,-0.007319641037234267,0.0,0.26614566669815876,-2.1809894164265456e-06,0.0,-0.3683926026164538,2.0229218261015786e-06,0.0,-0.0323401104250117,-2.0229218254379186e-06,0.0,0.02938503049801028,-5.252215407655983e-05,0.0,22.620273461
1508285104.5129812,1.6110450608008482,-0.000140421519930937,0.0,-1.6574323036823846,-3.480168788762153e-05,0.0,0.01774310982389804,-2.3422851320573194e-06,0.0,0.26614566669815876,0.0010342913171438024,0.0,-0.3683926026164538,0.006331436877844108,0.0,-0.0323401104250117,-0.006331436877839663,0.0,0.02938503049801028,-1.6807089304499125e-08,0.0,22.640276843
1508285104.5329854,1.6110450608008482,-0.000586348168566115,0.0,-1.6574323036823846,0.008138986857222596,0.0,0.01774310982389804,-0.022397573775895515,0.0,0.2662308878530413,-0.0002717154005653596,0.0,-0.3683926026164538,-0.0002503881014448834,0.0,-0.0323401104250117,0.0002503881014447076,0.0,0.02938503049801028,-5.378268577439714e-12,0.0,22.660281081
1508285104.5529807,1.6110450608008482,-2.3525319282526158e-05,0.0,-1.6574323036823846,-0.00032689954021976314,0.0,0.01774310982389804,0.0008973955354949431,0.0,0.26614566669815876,0.0003278123079242382,0.0,-0.36831353144182044,-8.01241924623626e-08,0.0,-0.03241918159964499,8.012419246230635e-08,0.0,0.02938503049801028,-1.7210459447807067e-15,0.0,22.680276468
1508285104.5729814,1.6110450608008482,-0.002804605185469308,0.0,-1.6574323036823846,0.013176156382260235,0.0,0.01774310982389804,-0.014897329336868163,0.0,0.26614566669815876,-0.0010871418104476454,0.0,-0.3683926026164538,-0.001008785633215615,0.0,-0.0323401104250117,0.0010087856332149068,0.0,0.02938503049801028,-0.0016393464010178841,0.0,22.700277057
1508285104.5929794,1.6110450608008482,-8.974736593501773e-07,0.0,-1.657459453784825,-0.011299662647663127,0.0,0.017788721931414342,0.01892738367099279,0.0,0.26614566669815876,0.007090209348833293,0.0,-0.36831353144182044,0.0065785447255026445,0.0,-0.03241918159964499,-0.006578544725498026,0.0,0.02938503049801028,-5.245908483257224e-07,0.0,22.720275057
1508285104.6129797,1.6110450608008482,-2.8719157099205646e-10,0.0,-1.657459453784825,-0.010932586253370328,0.0,0.017788721931414342,0.011137916412685694,0.0,0.26614566669815876,0.00817435538370148,0.0,-0.36831353144182044,0.03794546023375029,0.0,-0.03241918159964499,-0.025312733880236568,0.0,0.02938503049801028,0.00827322585320461,0.0,22.740275377
1508285104.6329823,1.6110450608008482,-9.190130271745797e-14,0.0,-1.6574051535799441,0.01078840392827717,0.0,0.017788721931414564,0.019653415850927444,0.0,0.26614566669815876,-0.0016347260313684473,0.0,-0.3683926026164538,-0.006507297167161423,0.0,-0.0323401104250117,0.006511339639589971,0.0,0.02938503049801028,2.6474322730254723e-06,0.0,22.760277917
1508285104.6529868,1.6110450608008482,-2.940841686958652e-17,0.0,-1.6574323036823846,0.010912982372218124,0.0,0.01774310982389804,-0.01977670522537802,0.0,0.26614566669815876,0.006548181135350028,0.0,-0.3682344602671872,-2.0823350934916527e-06,0.0,-0.032340110425011726,2.083628684668788e-06,0.0,0.02938503049801028,8.471783273681502e-10,0.0,22.780282607
1508285104.6729813,1.6110450608008482,-0.00011413460621178769,0.0,-1.6574323036823846,-0.009511501988588451,0.0,0.01774310982389804,-0.022120717331074572,0.0,0.26614566669815876,-0.03559029842417499,0.0,-0.3683926026164538,-0.0012605723980943957,0.0,-0.0323401104250117,0.0012605723985074603,0.0,0.02938503049801028,-0.0016379833618101996,0.0,22.800277055
1508285104.6929808,1.6110450608008482,-2.340759023392236e-05,0.0,-1.6574323036823846,0.0113461156193372,0.0,0.01774310982389804,-0.017572599381989868,0.0,0.26614566669815876,-0.00817649333157712,0.0,-0.3683926026164538,-0.03170170130159676,0.0,-0.0323401104250117,0.03170170130157463,0.0,0.02938503049801028,-5.241546757792632e-07,0.0,22.820276567
1508285104.7129958,1.6110450608008482,-7.490428874855148e-09,0.0,-1.6574323036823846,-0.002531850067714489,0.0,0.01774310982389804,-0.003039270751059358,0.0,0.26614566669815876,0.0013605332999753832,0.0,-0.3683926026164538,-0.001527697570539431,0.0,-0.0323401104250117,-0.0010018587182392261,0.0,0.02938503049801028,-1.6772949624936403e-10,0.0,22.840291602
1508285104.7329848,1.6110450608008482,-2.3969372399536444e-12,0.0,-1.6574323036823846,-5.3094798891576004e-05,0.0,0.01774310982389804,0.00014499675715879518,0.0,0.2662308878530413,0.035677004238864246,0.0,-0.36831353144182044,0.0002525572361951524,0.0,-0.03241918159964499,-0.00025336669420738395,0.0,0.02938503049801028,-5.367343879979643e-14,0.0,22.860280518
1508285104.752985,1.6110450608008482,-7.670199167851655e-16,0.0,-1.6574323036823846,0.0017212626290586746,0.0,0.01774310982389804,-0.002950114853362329,0.0,0.26614566669815876,0.006832856160600189,0.0,-0.36847167379108703,-0.03300387928108887,0.0,-0.03226103925037843,0.03300387902207389,0.0,0.02938503049801028,-1.7175500415934837e-17,0.0,22.880280721
1508285104.7729816,1.6110450608008482,-2.4544637337125265e-19,0.0,-1.6574323036823846,5.508040412987752e-07,0.0,0.01774310982389804,-9.440367530759441e-07,0.0,0.2662308878530413,0.03285293667622882,0.0,-0.36831353144182044,-0.02537677706851567,0.0,-0.03241918159964499,-0.03810422191210089,0.0,0.02938503049801028,-5.496160133099141e-21,0.0,22.900277467
1508285104.7929819,1.6110450608008482,-7.854283947880075e-23,0.0,-1.6574051535799441,0.013142130051185346,0.0,0.017788721931414564,0.021846546934322524,0.0,0.2662308878530413,0.034227904904161215,0.0,-0.3683926026164538,-0.00613225328757666,0.0,-0.0323401104250117,0.006011913416818538,0.0,0.02938503049801028,-1.7587712425917232e-24,0.0,22.920277601
1508285104.812983,1.6110450608008482,-2.513370863321621e-26,0.0,-1.6574323036823846,-0.0006943193083912457,0.0,0.01774310982389804,6.99089501612679e-06,0.0,0.26614566669815876,1.0952929569331575e-05,0.0,-0.36831353144182044,0.03160619055475032,0.0,-0.03241918159964499,-0.03160622906348678,0.0,0.02938503049801028,0.0016505304518686342,0.0,22.940278767
1508285104.8329856,1.6110450608008482,-8.042786762629179e-30,0.0,-1.6574323036823846,0.002197045285229777,0.0,0.01774310982389804,-0.003633256769753771,0.0,0.26614566669815876,-0.0013623344876623382,0.0,-0.3683926026164538,-0.0015069268959908631,0.0,-0.0323401104250117,0.0010008950129058423,0.0,0.02938503049801028,0.0003947845844075098,0.0,22.960281258
1508285104.8529844,1.6110450608008482,0.014537607760368576,0.0,-1.6574323036823846,-0.004354791064580038,0.0,0.017834334038930866,0.03628017603296887,0.0,0.26614566669815876,-0.027058554926410735,0.0,-0.36831353144182044,0.03778980434817673,0.0,-0.03241918159964499,-0.03778996627835278,0.0,0.02938503049801028,6.585646417169311e-05,0.0,22.980280066
1508285104.8729832,1.6110450608008482,4.652034483317939e-06,0.0,-1.6574051535799441,0.010892305836406888,0.0,0.017788721931414564,0.01679600920699206,0.0,0.26614566669815876,-8.658737576451425e-06,0.0,-0.3683926026164538,-0.03146180845645418,0.0,-0.0323401104250117,-0.019242567562949158,0.0,0.02938503049801028,2.1074068534941774e-08,0.0,23.000279024
1508285104.892991,1.6110450608008482,1.488651034661739e-09,0.0,-1.6574323036823846,-8.352556682499514e-05,0.0,0.01774310982389804,0.00015155317185095934,0.0,0.26614566669815876,-0.0014167629819559198,0.0,-0.36831353144182044,0.00599788399506328,0.0,-0.03241918159964499,-0.0060141093953852715,0.0,0.02938503049801028,-6.56128488545492e-05,0.0,23.020286699
1508285104.9129853,1.6110450608008482,4.763683310917559e-13,0.0,-1.6574323036823846,-2.6728181383998414e-08,0.0,0.01774310982389804,4.849701499230693e-08,0.0,0.26614566669815876,0.006873878785119794,0.0,-0.3683926026164538,-0.025174139076630388,0.0,-0.0323401104250117,0.025174133884484612,0.0,0.02938503049801028,-2.099611163345572e-08,0.0,23.040281014
1508285104.93299,1.6110450608008482,-0.0029213833949916735,0.0,-1.6574323036823846,-0.0003500998264710104,0.0,0.01774310982389804,0.0005881668768162725,0.0,0.26614566669815876,-0.03261157465810072,0.0,-0.3683926026164538,0.001315184776041377,0.0,-0.0323401104250117,-0.0013151847777019348,0.0,0.02938503049801028,-6.718755722705823e-12,0.0,23.060285873
1508285104.9529855,1.6110450608008482,-9.348426863973344e-07,0.0,-1.6574051535799441,0.008732167572810522,0.0,0.017788721931414564,0.014611932777852494,0.0,0.26614566669815876,-6.505282116822345e-05,0.0,-0.3683926026164538,0.007086816190005456,0.0,-0.0323401104250117,0.005060350093376673,0.0,0.02938503049801028,0.0016432533276149186,0.0,23.08028126
1508285104.972985,1.6110450608008482,-2.991496596471467e-10,0.0,-1.6574323036823846,-0.0021865167071401376,0.0,0.01774310982389804,0.0036827130919163177,0.0,0.26614566669815876,-0.001358475660830081,0.0,-0.3683926026164538,0.001262689801320872,0.0,-0.0323401104250117,-0.0012588027081093052,0.0,0.02938503049801028,-6.53377143995808e-05,0.0,23.100280675
1508285104.9930491,1.6110450608008482,-0.002804867499807554,0.0,-1.6574323036823846,-0.01082110986672341,0.0,0.01774310982389804,-0.01817708489740562,0.0,0.2662308878530413,0.034459354731305014,0.0,-0.3683926026164538,-0.00779732109270802,0.0,-0.0323401104250117,-0.00485800011699845,0.0,0.02938503049801028,-0.008222166105637438,0.0,23.120344888
1508285105.0129845,1.6110450608008482,0.014646172290602178,0.0,-1.6574323036823846,0.010432956996232616,0.0,0.01774310982389804,-0.017538977023718066,0.0,0.26614566669815876,0.005189952464830494,0.0,-0.36831353144182044,0.0010083590057182155,0.0,-0.03241918159964499,-0.0010124087085046118,0.0,0.02938503049801028,-6.843964445593916e-05,0.0,23.14028026
1508285105.0329883,1.6110450608008482,4.686775132992692e-06,0.0,-1.6574051535799441,0.010852525948072749,0.0,0.017788721931414564,0.018220996554860924,0.0,0.26614566669815876,1.6607847887457563e-06,0.0,-0.3683926026164538,0.0012647994304614072,0.0,-0.0323401104250117,-0.001264800726365411,0.0,0.029487775359891433,0.04112243103106846,0.0,23.160284132
1508285105.0529869,1.6110450608008482,2.3319760378323346e-05,0.0,-1.6574323036823846,3.4728083033832754e-06,0.0,0.01774310982389804,5.8307188975554895e-06,0.0,0.26614566669815876,0.007900012349177057,0.0,-0.36831353144182044,0.0012611262147396401,0.0,-0.03241918159964499,0.0012603167426898981,0.0,0.02938503049801028,7.875642813977627e-05,0.0,23.180282639
1508285105.0729861,1.6110450608008482,7.462323321063463e-09,0.0,-1.657459453784825,-0.010768960036721948,0.0,0.017788721931414342,0.018091830977682768,0.0,0.2662308878530413,0.034077211589115974,0.0,-0.3683135314418205,-0.03181733358083531,0.0,-0.03226103925037843,0.031414037761491674,0.0,0.02938503049801028,2.5202057004728377e-08,0.0,23.200281854
1508285105.0929945,1.6110450608008482,2.3879434627403053e-12,0.0,-1.6574051535799441,6.623963713045567e-05,0.0,0.017788721931414564,-0.00016963537754868468,0.0,0.26614566669815876,-4.360829019863371e-05,0.0,-0.3683926026164538,0.0012040175274240323,0.0,-0.0323401104250117,-0.01142956196608629,0.0,0.02938503049801028,0.0016434491709013208,0.0,23.220290291
1508285105.1129866,1.6110450608008482,7.641419080768968e-16,0.0,-1.6574323036823846,0.002271436403556053,0.0,0.01774310982389804,-0.0035153041661228628,0.0,0.2662308878530413,-0.00028094702074319685,0.0,-0.3683926026164538,0.0002610448314660614,0.0,-0.0323401104250117,-0.0002643170056862504,0.0,0.02938503049801028,-0.008190363811971205,0.0,23.240282276
1508285105.1329896,1.6110450608008482,0.00011691107409483165,0.0,-1.6574051535799441,0.012934418050693302,0.0,0.017788721931414564,0.02201945381036463,0.0,0.26614566669815876,0.005368025785752231,0.0,-0.36831353144182044,-0.006250566187968036,0.0,-0.03241918159964499,0.0062505651408678985,0.0,0.02938503049801028,0.0016475145299559544,0.0,23.260285298
1508285105.1529896,1.6110450608008482,3.7411543710346083e-08,0.0,-1.657459453784825,-0.008780113988984884,0.0,0.017788721931414342,0.014822944185299086,0.0,0.26614566669815876,0.005784437274046963,0.0,-0.36831353144182044,0.006349899154215706,0.0,-0.03241918159964499,-0.006349899154546317,0.0,0.02938503049801028,-0.0016095348998877682,0.0,23.280285323
1508285105.1729872,1.6110450608008482,1.197169398731073e-11,0.0,-1.6574051535799441,0.011291200172621264,0.0,0.017788721931414564,0.01755956314577216,0.0,0.26614566669815876,0.006846148402567671,0.0,-0.3683926026164538,-0.03283992324646795,0.0,-0.0323401104250117,0.03283992324644479,0.0,0.02938503049801028,0.00032665415228072943,0.0,23.30028301
1508285105.1929905,1.6110450608008482,3.8309420759394295e-15,0.0,-1.6574323036823846,3.6131840552388005e-06,0.0,0.01774310982389804,5.619060206647085e-06,0.0,0.26614566669815876,-0.03433525455321131,0.0,-0.3683135314418205,-0.030401100429270047,0.0,-0.03226103925037843,0.043056422882843975,0.0,0.02938503049801028,-0.0016456983021979961,0.0,23.32028632
1508285105.2129903,1.6110450608008482,-0.0005841374328880209,0.0,-1.657459453784825,-0.012619259826278637,0.0,0.017788721931414342,-0.0138966360591361,0.0,0.26614566669815876,0.0016805722279739906,0.0,-0.3683926026164538,-0.001274355784165416,0.0,-0.0323401104250117,0.0012784054873496715,0.0,0.02938503049801028,-5.266234567033582e-07,0.0,23.340286082
1508285105.2329876,1.6110450608008482,-0.00011690314628319753,0.0,-1.6574323036823846,-0.0005233772392923742,0.0,0.01774310982389804,0.0005765198966164874,0.0,0.2662308878530413,0.0015763536977417138,0.0,-0.3683926026164538,0.00761343402367355,0.0,-0.0323401104250117,-0.004992963881941166,0.0,0.02938503049801028,-6.550394206356233e-05,0.0,23.360283344
1508285105.2529883,1.6110450608008482,-3.7409006810623166e-08,0.0,-1.6574051535799441,0.010780848364534072,0.0,0.017788721931414564,0.025353200208156818,0.0,0.2662308878530413,0.03542210402601979,0.0,-0.36831353144182044,0.031603059838607075,0.0,-0.03241918159964499,-0.03160222128813953,0.0,0.029487775359891433,0.04106174036961765,0.0,23.380284079
1508285105.2729926,1.6110450608008482,-1.19708821793994e-11,0.0,-1.6574323036823846,0.010995356856959364,0.0,0.01774310982389804,-0.01816636071696068,0.0,0.26614566669815876,-0.0355823072096385,0.0,-0.36831353144182044,1.0112979148354253e-05,0.0,-0.03241918159964499,-1.011271081220464e-05,0.0,0.02938503049801028,-5.23173781255692e-05,0.0,23.400288443
1508285105.2929914,1.6110450608008482,-3.830682297407803e-15,0.0,-1.657459453784825,-0.02151835506426984,0.0,0.017788721931414342,0.000869915914067646,0.0,0.2662308878530413,0.032947897277033886,0.0,-0.3683926026164538,-0.00030333267194139544,0.0,-0.0323401104250117,0.00030333267202705,0.0,0.02938503049801028,-0.0016442497122731068,0.0,23.420287208
1508285105.3129895,1.6110085374487557,-0.014671618989573459,0.0,-1.6574323036823846,0.011438325473851783,0.0,0.01774310982389804,-0.018934487562163437,0.0,0.2662308878530413,0.03560763322049382,0.0,-0.36831353144182044,-0.006331533296955255,0.0,-0.03241918159964499,-0.0063313391640474085,0.0,0.02938503049801028,-6.59755283244553e-05,0.0,23.440285169
1508285105.332989,1.6110450608008482,-4.694918076663502e-06,0.0,-1.6574323036823846,-0.01088275190393051,0.0,0.017834334038930866,0.018283087510147896,0.0,0.26614566669815876,-0.035300368524851786,0.0,-0.3683926026164538,-0.0002549515770602804,0.0,-0.0323401104250117,-0.0002549515149378387,0.0,0.02938503049801028,-2.1112169063825675e-08,0.0,23.460284609
1508285105.352992,1.6110450608008482,0.015219101235844438,0.0,-1.657459453784825,-0.02089279483354424,0.0,0.017788721931414342,5.850587917826664e-06,0.0,0.2662308878530413,0.03571817759408427,0.0,-0.36831353144182044,0.006331354646004465,0.0,-0.03241918159964499,-0.00633151781498946,0.0,0.02938503049801028,0.0003288465873865271,0.0,23.480287852
1508285105.3729928,1.6110450608008482,4.8701123954702154e-06,0.0,-1.6574323036823846,0.012931461369799536,0.0,0.01774310982389804,-0.014730188204058454,0.0,0.2662308878530413,0.03407799458293664,0.0,-0.36831353144182044,0.03161017890928907,0.0,-0.03241918159964499,-0.03161017896148095,0.0,0.02938503049801028,1.0523090796368854e-07,0.0,23.500288431
1508285105.392993,1.6110450608008482,-0.0005840662762829995,0.0,-1.6574051535799441,0.01051376444235131,0.0,0.017788721931414564,0.01881842302580074,0.0,0.26614566669815876,-0.0422521039546932,0.0,-0.3683926026164538,-0.03186229398138541,0.0,-0.0323401104250117,0.031356382723590995,0.0,0.029487775359891433,0.04108622910459048,0.0,23.520288782
1508285105.4129934,1.6110450608008482,-1.8690120841055962e-07,0.0,-1.657459453784825,-0.010789892872554026,0.0,0.017788721931414342,0.01813866844640656,0.0,0.26614566669815876,-0.0013705250374686014,0.0,-0.3682344602671872,0.03147417991013058,0.0,-0.032340110425011726,0.031494409886687225,0.0,0.02938503049801028,1.314759331346894e-05,0.0,23.54028923
1508285105.4329898,1.6110450608008482,-5.980838669137901e-11,0.0,-1.6574051535799441,0.022489736462329865,0.0,0.017788721931414564,0.0001517562977078977,0.0,0.26614566669815876,-0.027040424446856073,0.0,-0.3683926026164538,0.0002124663831384795,0.0,-0.0323401104250117,-0.0001923164344033202,0.0,0.02938503049801028,0.0016438451805714312,0.0,23.560285541
1508285105.4529934,1.6110450608008482,0.0005817113251020529,0.0,-1.6574323036823846,-0.002165746077729781,0.0,0.01774310982389804,-0.0036504901619916256,0.0,0.2662308878530413,-0.005471952500919432,0.0,-0.36831353144182044,5.067720913059211e-05,0.0,-0.03241918159964499,-0.012707502495871298,0.0,0.02938503049801028,0.008223651805867706,0.0,23.58028909
1508285105.4729939,1.6110450608008482,-0.0005842995250594396,0.0,-1.6574323036823846,0.0017375057143002946,0.0,0.01774310982389804,-0.002921337927202326,0.0,0.26614566669815876,-1.7510248002942167e-06,0.0,-0.36831353144182044,-0.03014939599130727,0.0,-0.03241918159964499,-0.03278606672579224,0.0,0.02938503049801028,-0.009863746599703058,0.0,23.600289593
1508285105.4929922,1.6110450608008482,0.0005856958180800654,0.0,-1.6574323036823846,-1.6819251787006144e-05,0.0,0.01774310982389804,-0.036500716420699346,0.0,0.26614566669815876,-0.041156599655718,0.0,-0.3683926026164538,0.0318552568612637,0.0,-0.0323401104250117,-0.0318753962093441,0.0,0.02938503049801028,-3.156398911904975e-06,0.0,23.620287807
1508285105.5129979,1.6110450608008482,1.8742266178562071e-07,0.0,-1.6574323036823846,0.00876830841549509,0.0,0.01774310982389804,-0.022046117126777363,0.0,0.2662308878530413,0.02723670251214689,0.0,-0.3683926026164538,-4.047594496877561e-05,0.0,-0.0323401104250117,4.0469500377354306e-05,0.0,0.02938503049801028,-0.009494076484128982,0.0,23.640293488
1508285105.5329912,1.6110450608008482,5.997525177139856e-11,0.0,-1.6574323036823846,0.001219145845287151,0.0,0.01774310982389804,-0.0038020312992073837,0.0,0.26614566669815876,-0.03402136216150318,0.0,-0.36831353144182044,-0.0065285046723754115,0.0,-0.03241918159964499,-0.006122292098753517,0.0,0.02938503049801028,-0.00039769611658549783,0.0,23.660287009
1508285105.552995,1.6110450608008482,1.919208056684752e-14,0.0,-1.6574051535799441,0.010775626622070445,0.0,0.017788721931414564,0.01839309367819352,0.0,0.26614566669815876,-0.0002836142985971631,0.0,-0.3683926026164538,-0.03948861687288858,0.0,-0.0323401104250117,0.038978476419059445,0.0,0.02938503049801028,-1.2726275730735918e-07,0.0,23.680290619
1508285105.5729952,1.6110450608008482,0.014587791146281056,0.0,-1.6574051535799441,0.022125407495649445,0.0,0.017788721931414564,-0.0004313617860462392,0.0,0.26614566669815876,0.0014162158495984558,0.0,-0.3682344602671872,0.032832903437913036,0.0,-0.032340110425011726,0.0328580129077771,0.0,0.02938503049801028,-4.0724082338354895e-11,0.0,23.700290889
1508285105.5929954,1.6110450608008482,4.668093166809932e-06,0.0,-1.6574323036823846,0.001729702779575848,0.0,0.01774310982389804,-0.03208278451519657,0.0,0.2662308878530413,0.03403277026515618,0.0,-0.3683926026164538,0.0002634923076359937,0.0,-0.0323401104250117,-0.00024247121440519527,0.0,0.02938503049801028,-0.0003287290089608847,0.0,23.720291067
1508285105.6129923,1.6110085374487557,-0.014320170674930344,0.0,-1.6574323036823846,0.01029808041960969,0.0,0.01774310982389804,-0.018477876478576107,0.0,0.26614566669815876,1.0890486484849967e-05,0.0,-0.36831353144182044,0.0012651639944462265,0.0,-0.03241918159964499,-0.0012651572676955045,0.0,0.02938503049801028,-1.0519328286748298e-07,0.0,23.740287899
1508285105.6329925,1.6110450608008482,-0.0029485408335673457,0.0,-1.6574323036823846,-0.008737041391219901,0.0,0.01774310982389804,-0.02023461292743713,0.0,0.26614566669815876,-0.03294167845461486,0.0,-0.36831353144182044,0.031273217163295446,0.0,-0.03241918159964499,-0.031273217161120935,0.0,0.02938503049801028,-6.546493717650721e-05,0.0,23.760288174
1508285105.6529958,1.6110450608008482,-9.435330667415495e-07,0.0,-1.6574323036823846,-2.7958532451903655e-06,0.0,0.01774310982389804,-6.475076136779874e-06,0.0,0.26614566669815876,0.00020649487104496266,0.0,-0.36847167379108703,-0.030397469687857805,0.0,-0.03226103925037843,0.030397469687869116,0.0,0.02938503049801028,-0.0003273843179279662,0.0,23.780291552
1508285105.6729963,1.6110450608008482,-3.0193058135729555e-10,0.0,-1.6574323036823846,1.7298061246866526e-05,0.0,0.01774310982389804,-2.906427681966285e-05,0.0,0.26614566669815876,-0.027283532976112655,0.0,-0.3683926026164538,-0.0010196836485844472,0.0,-0.0323401104250117,0.0010196836485848054,0.0,0.02938503049801028,-1.0476298173694906e-07,0.0,23.800292102
1508285105.6929934,1.6110450608008482,-9.661778603433449e-14,0.0,-1.6574323036823846,0.0021511419371080453,0.0,0.01774310982389804,0.00361389473730601,0.0,0.26614566669815876,-0.02744939541779305,0.0,-0.36831353144182044,-0.00753106799809569,0.0,-0.03241918159964499,0.007531067998090401,0.0,0.02938503049801028,-0.008140603295249325,0.0,23.820289072
1508285105.7129943,1.6110450608008482,-3.0917691530987e-17,0.0,-1.6574051535799441,0.0217621010406679,0.0,0.017788721931414564,-2.8016550688926318e-05,0.0,0.26614566669815876,0.006805340931860163,0.0,-0.3683135314418205,0.03196579022268902,0.0,-0.03226103925037843,0.03146209293276228,0.0,0.02938503049801028,-2.604993054479781e-06,0.0,23.840289949
1508285105.7329938,1.6110450608008482,-9.893661289915828e-21,0.0,-1.657459453784825,-0.003882522772508567,0.0,0.017788721931414342,0.0007294897763638345,0.0,0.26614566669815876,-0.0013608096343083736,0.0,-0.36831353144182044,-4.040431263245797e-05,0.0,-0.03241918159964499,6.070123524216682e-05,0.0,0.02938503049801028,-0.04090100310362518,0.0,23.860289617
1508285105.7529972,1.6110450608008482,-3.165971612773062e-24,0.0,-1.6574323036823846,0.00017261375037157521,0.0,0.01774310982389804,2.3343672914736001e-07,0.0,0.26614566669815876,-0.03552885400808385,0.0,-0.3683926026164538,-0.03052409509216057,0.0,-0.0323401104250117,0.03052410158715437,0.0,0.02938503049801028,-1.3088320993160043e-05,0.0,23.880292852
1508285105.7729974,1.6110085374487557,-0.014197408876263565,0.0,-1.6574323036823846,-0.013243969718049087,0.0,0.01774310982389804,-0.014956681071004766,0.0,0.26614566669815876,0.00031539786576368663,0.0,-0.3683926026164538,0.03047408569317994,0.0,-0.0323401104250117,-0.03047408569111224,0.0,0.02938503049801028,-4.18826271781121e-09,0.0,23.900293143
1508285105.7929976,1.6110450608008482,-4.543170840404336e-06,0.0,-1.6574051535799441,0.01352522361675466,0.0,0.017788721931414564,0.014023865834054572,0.0,0.26614566669815876,5.46529234342158e-05,0.0,-0.36847167379108703,-0.026533859709640624,0.0,-0.03226103925037843,0.02400611089231865,0.0,0.02938503049801028,-0.008223125776750167,0.0,23.920293329
1508285105.812995,1.6110450608008482,-1.4538146689293858e-09,0.0,-1.6574323036823846,0.013267602482862444,0.0,0.01774310982389804,-0.02081947943207052,0.0,0.26614566669815876,0.008180542049172356,0.0,-0.3683926026164538,-8.49083510708499e-06,0.0,-0.0323401104250117,7.681955485541961e-06,0.0,0.02938503049801028,0.0003260584323187724,0.0,23.940290614
1508285105.8329954,1.6110450608008482,-4.652206940574029e-13,0.0,-1.6574323036823846,-9.696930626893082e-05,0.0,0.01774310982389804,-0.00017670309027918252,0.0,0.26614566669815876,0.007089869750667601,0.0,-0.3683926026164538,-0.0028804167293207594,0.0,-0.0323401104250117,-0.0001939512211068976,0.0,0.02938503049801028,1.0433869834200707e-07,0.0,23.960291069
1508285105.8529985,1.6110450608008482,-1.4887062209836878e-16,0.0,-1.6574323036823846,-3.103017800605783e-08,0.0,0.01774310982389804,-5.6544988889338336e-08,0.0,0.2662308878530413,0.03938131266309078,0.0,-0.3683926026164538,-0.03018469297894765,0.0,-0.0323401104250117,0.030284963835060127,0.0,0.02938503049801028,0.0016436450781276489,0.0,23.980294145
1508285105.8729987,1.6110450608008482,-4.7638599071477964e-20,0.0,-1.6574323036823846,-0.0019288547708090633,0.0,0.01774310982389804,-0.004351342041929725,0.0,0.26614566669815876,6.694666804300941e-05,0.0,-0.36847167379108703,-0.033118268385363726,0.0,-0.03226103925037843,0.03311830047204771,0.0,0.02938503049801028,0.008287894911955314,0.0,24.000294366
1508285105.8929956,1.6110450608008482,-1.5244351702872932e-23,0.0,-1.6574323036823846,-6.172335266588996e-07,0.0,0.01774310982389804,-0.02918742818745112,0.0,0.26614566669815876,2.1422933773762987e-08,0.0,-0.3683926026164538,0.0002930707056441287,0.0,-0.0323401104250117,0.00021259950877225577,0.0,0.02938503049801028,2.652126371825698e-06,0.0,24.02029126
1508285105.9129968,1.6110450608008482,-4.878192544919332e-27,0.0,-1.6574051535799441,0.011282734326430876,0.0,0.017788721931414564,0.017428235009767278,0.0,0.2662308878530413,-0.0010916508453670782,0.0,-0.3683926026164538,0.03154436143678255,0.0,-0.0323401104250117,-0.03154419962232501,0.0,0.02938503049801028,8.486804389842222e-10,0.0,24.040292558
1508285105.9329963,1.6110450608008482,-2.3296097596750768e-05,0.0,-1.6574323036823846,-0.0016330578811978064,0.0,0.01774310982389804,0.00281336254030419,0.0,0.2662308878530413,0.032586439778699905,0.0,-0.3683926026164538,0.0012651501807084864,0.0,-0.0323401104250117,0.0012449618411691315,0.0,0.02938503049801028,2.7157774047495083e-13,0.0,24.060292022
1508285105.9530003,1.6110450608008482,-7.454751230960237e-09,0.0,-1.6574323036823846,0.0005197181540722845,0.0,0.01774310982389804,0.008190813412056856,0.0,0.26614566669815876,0.00027569180233094463,0.0,-0.36831353144182044,0.007610689924665423,0.0,-0.03241918159964499,-0.0055641039781083,0.0,0.02938503049801028,8.690487695198417e-17,0.0,24.0802961
1508285105.9729998,1.6110450608008482,-2.385520393907273e-12,0.0,-1.6574323036823846,-0.009187128999135591,0.0,0.017834334038930866,0.015144373926025193,0.0,0.2662308878530413,0.005673673747147225,0.0,-0.3683135314418205,0.03784258085153438,0.0,-0.03226103925037843,0.03783836491747647,0.0,0.02938503049801028,2.7809560624634905e-20,0.0,24.100295474
1508285105.9929972,1.6110085374487557,-0.014583543121881834,0.0,-1.6574323036823846,0.0007824922459635089,0.0,0.01774310982389804,-0.00014108832811506457,0.0,0.26614566669815876,-0.00027084687460038657,0.0,-0.36831353144182044,-0.03161111269106582,0.0,-0.03241918159964499,-0.03161111404017582,0.0,0.02938503049801028,8.899059399883159e-24,0.0,24.120292957
1508285106.0129974,1.6110450608008482,-4.666733799002182e-06,0.0,-1.6574323036823846,0.004415482178217647,0.0,0.01774310982389804,-0.000204419605801608,0.0,0.26614566669815876,-0.006847713162393521,0.0,-0.36847167379108703,-0.006515441265551409,0.0,-0.03226103925037843,0.0065964285927665916,0.0,0.02938503049801028,6.57614779464112e-05,0.0,24.140293039
1508285106.0329978,1.6110085374487557,-0.01456972706630814,0.0,-1.6574323036823846,0.002069647890163124,0.0,0.01774310982389804,0.0020523426273738672,0.0,0.26614566669815876,-0.034052529997278196,0.0,-0.3683135314418205,0.012651728591128656,0.0,-0.03226103925037843,2.110857149685307e-06,0.0,0.029487775359891433,0.04105200343639276,0.0,24.160293507
1508285106.0530007,1.6110450608008482,0.0005966724931283154,0.0,-1.657459453784825,0.0022351108214577024,0.0,0.017788721931414342,-0.0037532114724756994,0.0,0.26614566669815876,-6.541630333539176e-05,0.0,-0.3683135314418205,0.030215519415534492,0.0,-0.03226103925037843,0.032815189253640104,0.0,0.02938503049801028,1.3136641099645667e-05,0.0,24.180296504
1508285106.0730011,1.6110450608008482,-0.00011711180078679526,0.0,-1.6574323036823846,0.010888402682645102,0.0,0.01774310982389804,-0.017941337686270716,0.0,0.26614566669815876,-0.006692780967488911,0.0,-0.36847167379108703,-0.006403645881239588,0.0,-0.03226103925037843,-0.006402813986893645,0.0,0.02938503049801028,4.203725151886608e-09,0.0,24.20029696
1508285106.0929983,1.6110450608008482,-3.747577625177444e-08,0.0,-1.657459453784825,-0.013138770213600796,0.0,0.017788721931414342,0.02183972683736806,0.0,0.26614566669815876,-2.141689909596449e-06,0.0,-0.36847167379108703,-5.259210469638856e-05,0.0,-0.03226103925037843,4.849403753856819e-05,0.0,0.02938503049801028,1.345192048603713e-12,0.0,24.220293904
1508285106.1130095,1.6110450608008482,-1.1992248400567807e-11,0.0,-1.6574323036823846,0.01306021287826198,0.0,0.01774310982389804,-0.014641864846841313,0.0,0.26614566669815876,0.00021923194674885698,0.0,-0.3683926026164538,0.029240714884814677,0.0,-0.0323401104250117,-0.031772082543152634,0.0,0.02938503049801028,0.008221164853560965,0.0,24.240305099
1508285106.133002,1.6110450608008482,-0.0001168831983060855,0.0,-1.6574051535799441,0.011246383258795569,0.0,0.017788721931414564,0.018940321873749468,0.0,0.2662308878530413,0.03287741380235818,0.0,-0.36831353144182044,-0.00029407603046225034,0.0,-0.03241918159964499,-0.00021282620602322845,0.0,0.02938503049801028,2.630772753139506e-06,0.0,24.260297719
1508285106.1530018,1.6110450608008482,-3.740262345794732e-08,0.0,-1.6574323036823846,0.00010705588464069923,0.0,0.01774310982389804,-0.0013410203286363148,0.0,0.26614566669815876,0.005463264613083516,0.0,-0.3683926026164538,-0.044281657797210994,0.0,-0.0323401104250117,-0.03162329042133312,0.0,0.02938503049801028,0.0016501362882230663,0.0,24.280297577
1508285106.1730216,1.6110450608008482,0.00011678572565584856,0.0,-1.6574323036823846,-0.0005211612591479955,0.0,0.01774310982389804,-0.006420678696817968,0.0,0.26614566669815876,-0.04085623215009057,0.0,-0.36831353144182044,0.03814813131727938,0.0,-0.03241918159964499,-0.03817242090068253,0.0,0.02938503049801028,5.280436122313805e-07,0.0,24.300317249
1508285106.1929998,1.6110450608008482,3.73714322098715e-08,0.0,-1.6574323036823846,0.0020675422187761863,0.0,0.01774310982389804,0.003763491064748593,0.0,0.26614566669815876,0.008388616300974396,0.0,-0.36831353144182044,0.031488393998788,0.0,-0.03241918159964499,-0.03148840177143259,0.0,0.02938503049801028,1.6897395591404156e-10,0.0,24.320295467
1508285106.2129996,1.6110450608008482,1.1958858307158867e-11,0.0,-1.6574323036823846,-0.009031024771232207,0.0,0.017834334038930866,0.02247375236099952,0.0,0.26614566669815876,0.00027645625252191073,0.0,-0.3683926026164538,-4.053293380393285e-05,0.0,-0.0323401104250117,4.0532931316651054e-05,0.0,0.02938503049801028,0.0017198555076709202,0.0,24.340295241
1508285106.2330005,1.6110450608008482,0.0005865136799268085,0.0,-1.6574323036823846,1.4404922877799837e-05,0.0,0.01774310982389804,-0.03659583447054867,0.0,0.26614566669815876,0.006755869596788575,0.0,-0.3683926026164538,-0.0014724317660413098,0.0,-0.0323401104250117,0.0009663998952771665,0.0,0.02938503049801028,0.008210946832306417,0.0,24.360296173
1508285106.253004,1.6110450608008482,-2.309181858714516e-05,0.0,-1.657459453784825,-0.010876834017411732,0.0,0.017788721931414342,0.018203207241246352,0.0,0.26614566669815876,-5.215696198009223e-05,0.0,-0.36831353144182044,0.001269604624800328,0.0,-0.03241918159964499,-0.0012697665549980806,0.0,0.02938503049801028,-0.008223441409780567,0.0,24.380299854
1508285106.2730038,1.6110450608008482,0.00011683402014722101,0.0,-1.657459453784825,0.002185979896088781,0.0,0.017788721931414342,-0.0036143527604461365,0.0,0.26614566669815876,-1.6690227833629493e-08,0.0,-0.36847167379108703,-0.0002525493553981331,0.0,-0.03226103925037843,0.0002525493035802922,0.0,0.02938503049801028,-2.6315012511297783e-06,0.0,24.400299529
1508285106.293001,1.6110450608008482,-0.002920301786708384,0.0,-1.6574323036823846,6.995135667484091e-07,0.0,0.01774310982389804,-1.1565928833427625e-06,0.0,0.26614566669815876,-5.340872906761432e-12,0.0,-0.3683926026164538,-8.081579372740252e-08,0.0,-0.0323401104250117,-0.000505348564366596,0.0,0.02938503049801028,-8.420804003615283e-10,0.0,24.420296699
1508285106.313001,1.6110450608008482,-0.0029240599210179504,0.0,-1.6574051535799441,0.010806697733188632,0.0,0.017788721931414564,0.018446193107917425,0.0,0.26614566669815876,0.008363093521427433,0.0,-0.3683926026164538,-0.03172531812215409,0.0,-0.0323401104250117,-0.03172547980782249,0.0,0.02938503049801028,-2.6946572811568873e-13,0.0,24.440296637
1508285106.3330047,1.6110450608008482,0.00011597537492010565,0.0,-1.6574323036823846,0.010878499970826407,0.0,0.01774310982389804,-0.018322272927960074,0.0,0.26614566669815876,0.0015752754279621055,0.0,-0.36831353144182044,-0.00011092602141520263,0.0,-0.03241918159964499,-1.01521535384855e-05,0.0,0.02938503049801028,0.00032888580790266676,0.0,24.460300507
1508285106.3530047,1.6110450608008482,3.711211997443377e-08,0.0,-1.6574323036823846,3.481119990664447e-06,0.0,0.01774310982389804,5.3364865795423344e-05,0.0,0.26614566669815876,-0.0016934709355701258,0.0,-0.3683926026164538,-3.54963268528648e-08,0.0,-0.0323401104250117,-3.2486891323153562e-09,0.0,0.02938503049801028,-0.04107143968554564,0.0,24.480300386
1508285106.3730028,1.6110450608008482,1.1875878391818794e-11,0.0,-1.6574051535799441,0.010466887029507762,0.0,0.017788721931414564,0.019039543174219534,0.0,0.2662308878530413,0.028701673239109673,0.0,-0.3683926026164538,0.031694998822605146,0.0,-0.0323401104250117,0.031694998832946644,0.0,0.029487775359891433,0.03953229273219087,0.0,24.500298429
1508285106.3930018,1.6110450608008482,3.80028108538201e-15,0.0,-1.6574051535799441,0.008247490703175998,0.0,0.017788721931414564,0.022609172936745647,0.0,0.26614566669815876,-4.53869807174349e-05,0.0,-0.3683926026164538,1.0142399623233634e-05,0.0,-0.0323401104250117,1.0142399626542914e-05,0.0,0.02938503049801028,1.2650333674301066e-05,0.0,24.520297538
1508285106.413004,1.6110450608008482,0.000582887198192187,0.0,-1.657459453784825,-0.009085625007718453,0.0,0.017788721931414342,-0.022616239043138066,0.0,0.2662308878530413,0.02694864831170523,0.0,-0.36847167379108703,0.0034968549525516966,0.0,-0.03226103925037843,-0.006020689938129127,0.0,0.02938503049801028,4.048106775776337e-09,0.0,24.540299557
1508285106.4330037,1.6110450608008482,2.341913687401998e-05,0.0,-1.6574323036823846,-0.00041939800851629826,0.0,0.01774310982389804,0.0006924660350763757,0.0,0.26614566669815876,0.008095333075825297,0.0,-0.3683926026164538,0.0062912763012925536,0.0,-0.0323401104250117,-0.006292083928490147,0.0,0.02938503049801028,1.2953941682484264e-12,0.0,24.560299495
1508285106.453005,1.6110450608008482,7.494123799686385e-09,0.0,-1.6574051535799441,0.010774147613933601,0.0,0.017788721931414564,0.016638331806295693,0.0,0.26614566669815876,0.008170156467653438,0.0,-0.3683926026164538,2.013208416413615e-06,0.0,-0.0323401104250117,-2.013466857116845e-06,0.0,0.02938503049801028,-6.558165224242192e-05,0.0,24.580300762
1508285106.4730039,1.6110450608008482,2.39811961589964e-12,0.0,-1.6574323036823846,0.008650204288092456,0.0,0.017834334038930866,0.014531854719889726,0.0,0.26614566669815876,-0.035850690517726914,0.0,-0.3683926026164538,6.442266932523562e-10,0.0,-0.0323401104250117,-6.443093942773898e-10,0.0,0.02938503049801028,-2.0986128717574994e-08,0.0,24.600299643
1508285106.4930034,1.6110450608008482,7.673982770878839e-16,0.0,-1.6574323036823846,9.001875529264897e-05,0.0,0.01774310982389804,-0.0002002698021062236,0.0,0.26614566669815876,-0.0010404284142191214,0.0,-0.3683926026164538,0.001259375033974337,0.0,-0.0323401104250117,-0.0012593750339748057,0.0,0.02938503049801028,-6.71556118962399e-12,0.0,24.620298992
1508285106.513005,1.6110450608008482,2.4556744866812255e-19,0.0,-1.6574051535799441,0.013588369026759178,0.0,0.017788721931414564,0.01401026046617672,0.0,0.26614566669815876,-3.329370925501185e-07,0.0,-0.36831353144182044,-0.001567119127885221,0.0,-0.03241918159964499,0.00156711912788412,0.0,0.02938503049801028,-2.1489795806796744e-15,0.0,24.640300696
1508285106.533013,1.6110450608008482,7.858158357379912e-23,0.0,-1.6574051535799441,0.021682070256244353,0.0,0.017788721931414564,-0.00028917079691448264,0.0,0.26614566669815876,-0.0013574876196977056,0.0,-0.36847167379108703,-0.03161771021760049,0.0,-0.03226103925037843,0.03161771021761154,0.0,0.02938503049801028,-6.876734658174951e-19,0.0,24.660308756
1508285106.5530047,1.6110450608008482,2.5146106743615692e-26,0.0,-1.6574323036823846,0.0004411643187889556,0.0,0.01774310982389804,0.0007294062070227229,0.0,0.26614566669815876,0.006846321132435255,0.0,-0.3683926026164538,-1.0117667269632147e-05,0.0,-0.0323401104250117,1.011766726963568e-05,0.0,0.029487775359891433,0.0003286506655234136,0.0,24.680300461
1508285106.5730052,1.6110450608008482,-2.337942690733888e-05,0.0,-1.6574323036823846,-0.01054719243031816,0.0,0.01774310982389804,-0.017427948442041794,0.0,0.2662308878530413,0.034146040929830826,0.0,-0.36847167379108703,-0.038007525388512056,0.0,-0.03226103925037843,-0.025352196459643084,0.0,0.02938503049801028,-0.0015781624616188288,0.0,24.700300911
1508285106.5930033,1.6110450608008482,-7.481416610348433e-09,0.0,-1.6574323036823846,-0.0027165148557099163,0.0,0.01774310982389804,0.0042023597640132564,0.0,0.26614566669815876,1.0926733097545853e-05,0.0,-0.36831353144182044,0.03190402310282085,0.0,-0.03241918159964499,-0.031519810347406294,0.0,0.02938503049801028,-0.04944049030887815,0.0,24.720299052
1508285106.6130056,1.6110450608008482,-2.3940533153114954e-12,0.0,-1.6574323036823846,0.004257538876037911,0.0,0.01774310982389804,-0.00014474648552495955,0.0,0.2662308878530413,-0.007147420674465192,0.0,-0.36831353144182044,1.0209287392902662e-05,0.0,-0.03241918159964499,-1.0086339311170002e-05,0.0,0.02938503049801028,-1.5820956898840992e-05,0.0,24.740301454
1508285106.6330059,1.6110085374487557,-0.014596478492128816,0.0,-1.6574323036823846,-0.002077852296996132,0.0,0.01774310982389804,-0.003785478982593761,0.0,0.26614566669815876,-0.007074947503132504,0.0,-0.36831353144182044,3.266971965728848e-09,0.0,-0.03241918159964499,-3.2276285795743968e-09,0.0,0.02938503049801028,-5.062706207629112e-09,0.0,24.760301509
1508285106.6530042,1.6110450608008482,0.00011226809006945296,0.0,-1.6574323036823846,0.010888723876793972,0.0,0.01774310982389804,-0.018295358616392282,0.0,0.26614566669815876,-0.0002751215639707524,0.0,-0.3683926026164538,-5.0657533129172244e-05,0.0,-0.0323401104250117,5.065753314172657e-05,0.0,0.02938503049801028,-1.6200659864413137e-12,0.0,24.780299938
1508285106.6730115,1.6110450608008482,3.59257888222249e-08,0.0,-1.657459453784825,-0.009960532441788086,0.0,0.017788721931414342,0.018477369668351225,0.0,0.2662308878530413,0.03404413803476708,0.0,-0.36847167379108703,-1.62104106013351e-08,0.0,-0.03226103925037843,1.6210410605352483e-08,0.0,0.02938503049801028,-5.184211156612197e-16,0.0,24.800307215
1508285106.6930122,1.6110450608008482,1.1496252423111954e-11,0.0,-1.6574051535799441,0.023362203300129277,0.0,0.017788721931414564,-0.004344140851397078,0.0,0.26614566669815876,1.0894124171125453e-05,0.0,-0.36831353144182044,0.006379798009716368,0.0,-0.03241918159964499,-0.006379798009711941,0.0,0.02938503049801028,-1.6589475701159013e-19,0.0,24.820308005
1508285106.7130094,1.6110450608008482,3.678800775395821e-15,0.0,-1.6574323036823846,0.0021799005291933894,0.0,0.01774310982389804,0.003648278075809607,0.0,0.2662308878530413,0.040760218982570116,0.0,-0.36847167379108703,-0.03174189274867789,0.0,-0.03226103925037843,0.03123772394063354,0.0,0.029487775359891433,0.04092042114350874,0.0,24.84030498
1508285106.733009,1.6110450608008482,0.0029231254244462047,0.0,-1.657459453784825,-0.0004335802371611297,0.0,0.017788721931414342,0.0007307531288948484,0.0,0.26614566669815876,1.3043270074422424e-05,0.0,-0.36847167379108703,0.00019577174824658697,0.0,-0.03226103925037843,0.00021592522558716657,0.0,0.02938503049801028,0.008302296888639489,0.0,24.860304858
1508285106.7530065,1.6110450608008482,9.354001358227844e-07,0.0,-1.6574323036823846,0.00034747915910463017,0.0,0.01774310982389804,0.0008750602361838803,0.0,0.26614566669815876,-0.026284330869923673,0.0,-0.36847167379108703,0.006325461031493914,0.0,-0.03226103925037843,0.0063254674806066625,0.0,0.02938503049801028,2.6567350043646335e-06,0.0,24.880302245
1508285106.7730093,1.6110450608008482,2.9932804346329066e-10,0.0,-1.657459453784825,-0.0017382307669243891,0.0,0.017788721931414342,-0.004371690134983525,0.0,0.26614566669815876,0.00020012002375713293,0.0,-0.3683926026164538,0.06405191412630895,0.0,-0.0323401104250117,0.0009140757962228853,0.0,0.02938503049801028,8.501552013966818e-10,0.0,24.900305133
1508285106.7930102,1.6110450608008482,9.57849739082529e-14,0.0,-1.657459453784825,0.002310430630310744,0.0,0.017788721931414342,-0.0036510671417069158,0.0,0.26614566669815876,-0.0339290703525153,0.0,-0.3683926026164538,-0.007568030863301715,0.0,-0.0323401104250117,0.005065578560774287,0.0,0.02938503049801028,-0.04090585526005793,0.0,24.920305852
1508285106.8130095,1.6110450608008482,3.0651191650640893e-17,0.0,-1.6574323036823846,0.013036546284356111,0.0,0.01774310982389804,-0.023070053440759367,0.0,0.2662308878530413,0.0337633916694345,0.0,-0.3683926026164538,-2.4217698762565458e-06,0.0,-0.0323401104250117,1.6209851394477698e-06,0.0,0.02938503049801028,-0.008232294740391074,0.0,24.940305221
1508285106.8330097,1.6110085374487557,-0.014601695867974157,0.0,-1.6574323036823846,-0.0021855621565655325,0.0,0.01774310982389804,-0.003686130078570484,0.0,0.26614566669815876,-0.001293318817536834,0.0,-0.3683926026164538,0.012653812757371713,0.0,-0.0323401104250117,5.187152446232857e-10,0.0,0.02938503049801028,-2.6343343169251407e-06,0.0,24.960305335
1508285106.8530078,1.6110450608008482,-4.672542677751725e-06,0.0,-1.6574323036823846,-0.010769120983505921,0.0,0.01774310982389804,-0.018385193966887026,0.0,0.26614566669815876,-4.138620216117864e-07,0.0,-0.3683926026164538,-4.635568806090625e-05,0.0,-0.0323401104250117,5.040490830927177e-05,0.0,0.02938503049801028,6.549515285895746e-05,0.0,24.980303496
1508285106.8730106,1.6110450608008482,-1.4952136568805506e-09,0.0,-1.6574051535799441,-0.00043782745910427804,0.0,0.017788721931414564,0.000723876356494162,0.0,0.26614566669815876,-0.0013634748953239057,0.0,-0.36831353144182044,0.0012650648430858275,0.0,-0.03241918159964499,0.0007588225370884028,0.0,0.02938503049801028,2.0958448914866365e-08,0.0,25.000306449
1508285106.893011,1.6110450608008482,-4.784683702017757e-13,0.0,-1.6574323036823846,0.000528150681817841,0.0,0.01774310982389804,-0.0005945542763780426,0.0,0.26614566669815876,0.0013843324272426883,0.0,-0.3683926026164538,0.0012852417952751375,0.0,-0.0323401104250117,-0.0012845941513125797,0.0,0.02938503049801028,6.7067036527572294e-12,0.0,25.02030693
1508285106.913011,1.6110450608008482,-1.5310987846456807e-16,0.0,-1.6574323036823846,1.6900821818170895e-07,0.0,0.01774310982389804,-1.902573684409734e-07,0.0,0.26614566669815876,-0.005726708214751091,0.0,-0.3683926026164538,4.1127737448804357e-07,0.0,-0.0323401104250117,-4.11070128420025e-07,0.0,0.02938503049801028,2.1461451688823108e-15,0.0,25.040306855
1508285106.9330113,1.6110450608008482,-4.8995161108661724e-20,0.0,-1.6574051535799441,0.013018011449352801,0.0,0.017788721931414564,0.016059708247412423,0.0,0.2662308878530413,0.03406879114534057,0.0,-0.3683926026164538,1.3160875983617378e-10,0.0,-0.0323401104250117,-1.3154244109440783e-10,0.0,0.02938503049801028,6.867664540423387e-19,0.0,25.060307091
1508285106.9530087,1.6110450608008482,-1.5678451554771733e-23,0.0,-1.6574323036823846,0.0022681598119152157,0.0,0.01774310982389804,0.0038086437222115306,0.0,0.26614566669815876,-0.03272632814624819,0.0,-0.3683926026164538,0.0316269919226923,0.0,-0.0323401104250117,-0.03162699192270337,0.0,0.02938503049801028,2.1976526529354813e-22,0.0,25.080304369
1508285106.9730122,1.6110450608008482,-5.017104497526949e-27,0.0,-1.6574323036823846,0.011560089242071345,0.0,0.01774310982389804,-0.019418484300971116,0.0,0.2662308878530413,-1.0472425006799411e-05,0.0,-0.3683926026164538,-4.028427072800367e-05,0.0,-0.0323401104250117,4.028427072801782e-05,0.0,0.02938503049801028,7.032488489393531e-26,0.0,25.100307843
1508285106.993012,1.6110450608008482,2.3365497315520874e-05,0.0,-1.657459453784825,3.843731306201941e-05,0.0,0.017788721931414342,-0.0073142638614303365,0.0,0.2662308878530413,0.03546587722373879,0.0,-0.36831353144182044,0.056866774710354395,0.0,-0.03241918159964499,-0.006334446587111404,0.0,0.02938503049801028,2.2503963166059275e-29,0.0,25.120307766
1508285107.0130124,1.6110450608008482,-0.002897653908192022,0.0,-1.6574323036823846,0.00262326150503559,0.0,0.01774310982389804,-0.004351012219418777,0.0,0.26614566669815876,0.0010479150405477487,0.0,-0.3683926026164538,0.006392691276930917,0.0,-0.0323401104250117,0.0062712605119609206,0.0,0.02938503049801028,7.20126821313896e-33,0.0,25.140308104
1508285107.0330129,1.6110450608008482,-9.272492506214461e-07,0.0,-1.6574323036823846,1.8348272820484585e-05,0.0,0.01774310982389804,2.802246739385592e-05,0.0,0.26614566669815876,-0.03336756543085727,0.0,-0.36831353144182044,0.00632593638316035,0.0,-0.03241918159964499,-0.006321883918583465,0.0,0.02938503049801028,0.0016352640727335984,0.0,25.160308547
1508285107.05301,1.6110450608008482,-2.967197601988624e-10,0.0,-1.6574323036823846,-0.00043411672380263633,0.0,0.01774310982389804,0.0007293338945340685,0.0,0.26614566669815876,-0.033002990222807976,0.0,-0.3683926026164538,-0.03040972829109174,0.0,-0.0323401104250117,0.030409729587857724,0.0,0.02938503049801028,5.232845032747508e-07,0.0,25.180305646
1508285107.0730133,1.6110450608008482,-9.495032326363585e-14,0.0,-1.6574323036823846,-0.010894736694581911,0.0,0.01774310982389804,-0.0183026649633079,0.0,0.26614566669815876,-0.00546818800646757,0.0,-0.3683926026164538,4.070373741414012e-05,0.0,-0.0323401104250117,-4.070373699913961e-05,0.0,0.02938503049801028,-0.008219204699256815,0.0,25.200308996
1508285107.0930173,1.6110450608008482,-3.038410344436344e-17,0.0,-1.6574051535799441,0.010764821334610838,0.0,0.017788721931414564,-0.018096588090114094,0.0,0.2662308878530413,0.03408105645477216,0.0,-0.36831353144182044,0.0015273083322680941,0.0,-0.03241918159964499,-0.0015273083322684972,0.0,0.02938503049801028,6.618313755692858e-05,0.0,25.220312965
1508285107.1130137,1.6110450608008482,0.0005841374328880221,0.0,-1.6574323036823846,3.4447428270754637e-06,0.0,0.01774310982389804,-5.790908188836503e-06,0.0,0.26614566669815876,1.0905938065527078e-05,0.0,-0.36831353144182044,0.03758632203310199,0.0,-0.03241918159964499,-0.038071587392452116,0.0,0.02938503049801028,0.008219226045311874,0.0,25.240309375
