left_wam/base_yaw_joint_pos,left_wam/base_yaw_joint_vel,left_wam/base_yaw_joint_eff,left_wam/shoulder_pitch_joint_pos,left_wam/shoulder_pitch_joint_vel,left_wam/shoulder_pitch_joint_eff,left_wam/shoulder_yaw_joint_pos,left_wam/shoulder_yaw_joint_vel,left_wam/shoulder_yaw_joint_eff,left_wam/elbow_pitch_joint_pos,left_wam/elbow_pitch_joint_vel,left_wam/elbow_pitch_joint_eff,left_wam/wrist_yaw_joint_pos,left_wam/wrist_yaw_joint_vel,left_wam/wrist_yaw_joint_eff,left_wam/wrist_pitch_joint_pos,left_wam/wrist_pitch_joint_vel,left_wam/wrist_pitch_joint_eff,left_wam/palm_yaw_joint_pos,left_wam/palm_yaw_joint_vel,left_wam/palm_yaw_joint_eff,header_from_controller_start
1508285252.3347828,1.6110450608008482,-0.014774440647285022,0.0,-1.657459453784825,-0.012700272364417866,0.0,0.017788721931414342,-0.012576763365099452,0.0,0.26614566669815876,-0.0013626901678442018,0.0,-0.3694995990613197,-0.024397734081520794,0.0,-0.031707541027945485,0.03705007142137763,0.0,0.029487775359891433,0.00789169064587788,0.0,170.46207854
1508285252.354778,1.6110450608008482,0.0029079764789312424,0.0,-1.6574051535799441,0.02117618350238956,0.0,0.017788721931414564,-0.0007600253650490312,0.0,0.2662308878530413,-4.3606085371014414e-07,0.0,-0.3694995990613197,-0.0017663242800113276,0.0,-0.031707541027945485,0.0017703730279601696,0.0,0.02938503049801028,-0.042431154119313697,0.0,170.482073718
1508285252.3747766,1.6110815841529407,0.01460610674361938,0.0,-1.657459453784825,0.00028630852373381937,0.0,0.017788721931414342,-0.0007604096289117464,0.0,0.26614566669815876,-0.0010943210686948273,0.0,-0.36942052788668645,0.00030187705318965676,0.0,-0.03178661220257875,-0.00030187575759040155,0.0,0.029487775359891433,0.006561978341640208,0.0,170.502072309
1508285252.3947775,1.6110450608008482,0.0006811227943872808,0.0,-1.657459453784825,1.739673597573912e-05,0.0,0.017788721931414342,-2.9315886893336535e-05,0.0,0.2662308878530413,0.035377814668192994,0.0,-0.3694995990613197,9.660065702069006e-08,0.0,-0.031707541027945485,-9.660024242892839e-08,0.0,0.029487775359891433,0.001642031088315185,0.0,170.522073177
1508285252.4147763,1.6110450608008482,-0.00046721696234371807,0.0,-1.6574323036823846,0.013082956051650718,0.0,0.01774310982389804,-0.021979335074114287,0.0,0.26614566669815876,-0.0339667146564944,0.0,-0.36942052788668645,0.0012644767864900118,0.0,-0.03178661220257875,-0.0012644767864903234,0.0,0.029487775359891433,0.0012501852616312345,0.0,170.542071987
1508285252.4347782,1.6110815841529407,0.014512230900939895,0.0,-1.657459453784825,2.1578384927235705e-05,0.0,0.017788721931414342,-0.0014903973456051535,0.0,0.26614566669815876,-0.041243112147485175,0.0,-0.3694995990613197,-0.02690602726106863,0.0,-0.031707541027945485,0.024283880241112547,0.0,0.029487775359891433,0.04246337155471501,0.0,170.562073964
1508285252.4547784,1.6110450608008482,0.00012148532341746966,0.0,-1.657459453784825,-0.011744307719869488,0.0,0.017788721931414342,-0.017979718010498056,0.0,0.26614566669815876,-0.0016491400024528618,0.0,-0.3694995990613197,-0.03801021627267568,0.0,-0.03186568337721202,-0.025439671189159317,0.0,0.029487775359891433,0.006263398599159741,0.0,170.582074278
1508285252.474777,1.6110450608008482,0.0001170336566112807,0.0,-1.657459453784825,-0.002142814955139065,0.0,0.017788721931414342,0.003353874429856797,0.0,0.26614566669815876,0.0013634348063067663,0.0,-0.3695786702359529,-0.005026835063777023,0.0,-0.03178661220257875,0.00510748475885942,0.0,0.029487775359891433,0.041052043714302364,0.0,170.602072641
1508285252.4947796,1.6110450608008482,-0.014582546249837585,0.0,-1.6574323036823846,0.000433799224041825,0.0,0.01774310982389804,-0.03563340448230388,0.0,0.26614566669815876,0.007078798552872749,0.0,-0.36942052788668645,-0.011368953587474568,0.0,-0.03178661220257875,0.001267015748356198,0.0,0.02938503049801028,-0.0492170013939056,0.0,170.62207529
1508285252.5147781,1.6110815841529407,0.014046304668138021,0.0,-1.657459453784825,-0.002172285808385655,0.0,0.017788721931414342,0.003638265511429951,0.0,0.2662308878530413,0.02870167812723695,0.0,-0.3694995990613197,0.019029976473597984,0.0,-0.03186568337721202,-0.031687022626046814,0.0,0.029487775359891433,0.048986519097013556,0.0,170.642073895
1508285252.5347793,1.6110450608008482,-0.0035233566384650244,0.0,-1.6574323036823846,0.010864805881587723,0.0,0.01774310982389804,-0.018252851610486804,0.0,0.26614566669815876,-0.0002621841411930665,0.0,-0.3694995990613197,0.005877790639762425,0.0,-0.03186568337721202,-0.0063854116375712715,0.0,0.02938503049801028,-0.040841547433228584,0.0,170.662075052
1508285252.5547798,1.6110450608008482,-1.1274741243088066e-06,0.0,-1.6574323036823846,3.476737882108067e-06,0.0,0.01774310982389804,-0.0365286510792297,0.0,0.26614566669815876,-0.00541128167174611,0.0,-0.3694995990613197,-0.05849423722748556,0.0,-0.03186568337721202,-0.007355887422989127,0.0,0.029487775359891433,-0.00027613846666881865,0.0,170.682075445
1508285252.5747786,1.6110815841529407,0.014745149235713339,0.0,-1.657459453784825,-0.007833376166301788,0.0,0.017788721931414342,0.014317476822895126,0.0,0.26614566669815876,-0.008182580768970556,0.0,-0.3694995990613197,-0.0012845522935039796,0.0,-0.031707541027945485,-0.0012681880215669851,0.0,0.02938503049801028,-0.032540027933538336,0.0,170.702074378
1508285252.59478,1.6110450608008482,-0.0006716394567892987,0.0,-1.6574051535799441,0.010924551382258077,0.0,0.017788721931414564,0.018070004872153465,0.0,0.26614566669815876,-0.0057865962493368695,0.0,-0.3693414567120531,0.03157013097557033,0.0,-0.031865683377212045,-0.03157094785244899,0.0,0.029487775359891433,-1.0412808938732256e-05,0.0,170.722075797
1508285252.6147795,1.6110450608008482,-2.1492462617257536e-07,0.0,-1.657459453784825,-0.0021528203556749653,0.0,0.017788721931414342,0.0021749332758448842,0.0,0.26614566669815876,-0.0353816418412337,0.0,-0.3694995990613197,-0.030246172121668403,0.0,-0.03186568337721202,-0.03026637726690399,0.0,0.029487775359891433,-0.001637014481833243,0.0,170.742075124
1508285252.6347806,1.6110450608008482,0.0006987479362258479,0.0,-1.6574323036823846,0.010552840850941657,0.0,0.017834334038930866,0.01883286372109752,0.0,0.26614566669815876,0.0002617634609989614,0.0,-0.3694995990613197,-0.02558883126668749,0.0,-0.031707541027945485,0.025670625391338388,0.0,0.02938503049801028,-5.238446341866371e-07,0.0,170.762076403
1508285252.654785,1.6110815841529407,0.014483499195648356,0.0,-1.657459453784825,0.0013863492205525105,0.0,0.017788721931414342,-0.0037787992083181876,0.0,0.2662308878530413,-0.0013106811789508196,0.0,-0.36942052788668645,0.022809445242449253,0.0,-0.03178661220257875,-0.0379591075230447,0.0,0.02938503049801028,-0.0002631793314574556,0.0,170.78208067
1508285252.6747792,1.6110815841529407,0.011689123331284378,0.0,-1.6574323036823846,1.782095680793486e-05,0.0,0.01774310982389804,-3.0403080506460344e-05,0.0,0.26614566669815876,0.0010303436455587804,0.0,-0.3694995990613197,-0.03156531407457725,0.0,-0.03186568337721202,-0.03168597845124028,0.0,0.02938503049801028,-0.007826758584052337,0.0,170.802074911
1508285252.694781,1.6110450608008482,0.00047118971188677165,0.0,-1.657459453784825,-0.012490623301818184,0.0,0.017788721931414342,0.020984217286350988,0.0,0.2662308878530413,0.035113024819076,0.0,-0.3694995990613197,0.00019219122039774268,0.0,-0.031707541027945485,-0.00021243163400607527,0.0,0.029487775359891433,-2.504562746896745e-06,0.0,170.822076789
1508285252.7147806,1.6110450608008482,-0.00011669062882136513,0.0,-1.657459453784825,-0.010883441689077504,0.0,0.017788721931414342,0.010990037906894574,0.0,0.26614566669815876,0.006552730950767663,0.0,-0.3693414567120531,0.005057968523510613,0.0,-0.031865683377212045,-0.007586928511594577,0.0,0.029487775359891433,-0.0003286906340274115,0.0,170.842076411
1508285252.7347822,1.6110450608008482,-0.0005581416688531197,0.0,-1.657459453784825,-0.011308296602642076,0.0,0.017788721931414342,0.019285751629141708,0.0,0.2662308878530413,0.039593268881594645,0.0,-0.3694995990613197,-0.031462411181923354,0.0,-0.03186568337721202,-0.031364839323639586,0.0,0.029487775359891433,0.04107894438909054,0.0,170.862078049
1508285252.7547834,1.6110815841529407,-1.786053340329981e-07,0.0,-1.657459453784825,0.0021659604499502097,0.0,0.017788721931414342,-0.0036387162947309703,0.0,0.26614566669815876,6.741112283496943e-05,0.0,-0.36942052788668645,0.007574083831747724,0.0,-0.03178661220257875,0.007574115054745037,0.0,0.02938503049801028,-0.006552822176825688,0.0,170.882079207
1508285252.7747815,1.6110815841529407,0.014630304710442812,0.0,-1.6574323036823846,0.010789555388820168,0.0,0.017834334038930866,0.025416479091973868,0.0,0.26614566669815876,-0.02590762075128461,0.0,-0.36942052788668645,0.0004571595513017733,0.0,-0.03178661220257875,-4.8209648686146714e-05,0.0,0.029487775359891433,-2.096903096584218e-06,0.0,170.90207719
1508285252.7947826,1.6110450608008482,-0.0005641374369894133,0.0,-1.6574323036823846,0.01258443825691247,0.0,0.01774310982389804,-0.022606982589247905,0.0,0.26614566669815876,-0.006862431010229533,0.0,-0.36942052788668645,0.03766970298492017,0.0,-0.03178661220257875,0.022892402731083793,0.0,0.029487775359891433,0.03934702920607809,0.0,170.92207846
1508285252.8147807,1.6110450608008482,-0.016935929798821678,0.0,-1.657459453784825,-0.002187795392725355,0.0,0.017788721931414342,-0.00368949067440277,0.0,0.2662308878530413,0.034102519693314896,0.0,-0.36942052788668645,1.2054304955174442e-05,0.0,-0.03178661220257875,7.325568873946806e-06,0.0,0.029487775359891433,0.04296588099857811,0.0,170.942076546
1508285252.8347886,1.6110450608008482,-0.01524624543700297,0.0,-1.6574323036823846,0.012600793210110338,0.0,0.01774310982389804,-0.020938213094758164,0.0,0.2662308878530413,0.03530011253571774,0.0,-0.36942052788668645,0.07566422298647847,0.0,-0.03178661220257875,0.0004553946581032898,0.0,0.029487775359891433,-0.0012264405802159006,0.0,170.962084224
1508285252.8548555,1.6110450608008482,-0.014034277387710304,0.0,-1.657459453784825,-0.000361177309712147,0.0,0.017788721931414342,0.0006068509698083145,0.0,0.26614566669815876,-0.03272396733874808,0.0,-0.3695786702359529,-0.03156331485812372,0.0,-0.03178661220257875,-0.03168893913209527,0.0,0.029487775359891433,0.031223798460778086,0.0,170.982151181
1508285252.874782,1.6110815841529407,0.014140840098349964,0.0,-1.6574323036823846,0.007909123893148972,0.0,0.01774310982389804,-0.01474630678623591,0.0,0.26614566669815876,-0.03170781531734753,0.0,-0.36942052788668645,0.0010519816335677209,0.0,-0.03178661220257875,-0.0009709797752163617,0.0,0.02938503049801028,0.00033895587899414824,0.0,171.002077878
1508285252.8947856,1.6110450608008482,-0.014513147523870147,0.0,-1.6574323036823846,-0.002183184690075874,0.0,0.017834334038930866,0.03998641347112414,0.0,0.26614566669815876,4.441850702149195e-05,0.0,-0.36942052788668645,0.038150325615580495,0.0,-0.03178661220257875,0.024912235271938348,0.0,0.029487775359891433,0.030727167666514142,0.0,171.02208138
1508285252.914784,1.6110450608008482,-4.6442072076384425e-06,0.0,-1.657459453784825,-0.012951908190132887,0.0,0.017788721931414342,-0.02197880522275181,0.0,0.26614566669815876,-0.03397346144803549,0.0,-0.3695786702359529,-0.032774502330492235,0.0,-0.03178661220257875,-0.03277873851941371,0.0,0.02938503049801028,-0.04913346499578151,0.0,171.042079619
1508285252.934786,1.6110450608008482,0.002923123938299897,0.0,-1.657459453784825,-4.144610620842518e-06,0.0,0.017788721931414342,-7.033217671280571e-06,0.0,0.26614566669815876,-0.03438246730348102,0.0,-0.3694205278866864,0.03927441263030956,0.0,-0.03194475455184531,-0.024100228966006564,0.0,0.029487775359891433,-7.941134487006183e-05,0.0,171.062081726
1508285252.954818,1.6110450608008482,2.4393140235905115e-05,0.0,-1.657459453784825,0.0003317188580927853,0.0,0.017788721931414342,0.006443815623306907,0.0,0.26614566669815876,-0.04049261363065279,0.0,-0.3694995990613197,-3.821698714279378e-05,0.0,-0.031707541027945485,0.06302677248596412,0.0,0.029487775359891433,-0.0016533262059430828,0.0,171.082113763
1508285252.974784,1.6110450608008482,0.0005843541327563932,0.0,-1.657459453784825,-0.010878091053066486,0.0,0.017788721931414342,0.025282438613775465,0.0,0.2662308878530413,0.0068581231123613,0.0,-0.36942052788668645,-0.007589736369729553,0.0,-0.03178661220257875,-0.005039396219287922,0.0,0.02938503049801028,-0.04110145278089294,0.0,171.102079671
1508285252.994787,1.6110450608008482,1.869933224820456e-07,0.0,-1.657459453784825,-0.008665679326176444,0.0,0.017788721931414342,-0.02178444675601019,0.0,0.26614566669815876,-0.03531458634334229,0.0,-0.36942052788668645,-5.305000545259672e-05,0.0,-0.03178661220257875,-5.223389660447316e-05,0.0,0.029487775359891433,0.009785096090172541,0.0,171.122082661
1508285253.0147839,1.6110450608008482,0.0004675606491646928,0.0,-1.657459453784825,-0.010095140565904052,0.0,0.017788721931414342,0.016948182451186032,0.0,0.26614566669815876,-0.005439293536773593,0.0,-0.3694995990613197,-0.006098942518320334,0.0,-0.031707541027945485,0.006098908827467182,0.0,0.029487775359891433,0.0017124604240850241,0.0,171.142079686
1508285253.0347874,1.6110450608008482,1.4961940773270153e-07,0.0,-1.6574323036823846,0.002335162312251484,0.0,0.01774310982389804,-0.03166737234664087,0.0,0.26614566669815876,0.00684750655457695,0.0,-0.3693414567120531,0.03665492084159911,0.0,-0.031865683377212045,-0.036756151360619486,0.0,0.02938503049801028,-0.008520004697413186,0.0,171.162083077
1508285253.0547876,1.6110450608008482,-0.0029095923884918536,0.0,-1.6574323036823846,0.011163586673383059,0.0,0.017834334038930866,0.019041025741847083,0.0,0.26614566669815876,-0.027440096824544367,0.0,-0.3694995990613197,0.017651331375617425,0.0,-0.03186568337721202,-0.03024959906089994,0.0,0.02938503049801028,-2.7264015031722165e-06,0.0,171.182083307
1508285253.0747862,1.6110815841529407,0.014560030885601106,0.0,-1.6574323036823846,0.008343147150894502,0.0,0.017834334038930866,0.022422816634816524,0.0,0.26614566669815876,0.0013548564825435567,0.0,-0.3694995990613197,-0.04371204803218426,0.0,-0.03186568337721202,-0.031583978960023525,0.0,0.029487775359891433,-0.006245512114551554,0.0,171.202081966
1508285253.0947886,1.6110450608008482,0.00014432570444098102,0.0,-1.657459453784825,-0.014699113551174562,0.0,0.017788721931414342,0.018824232338502528,0.0,0.26614566669815876,0.0014312567312610026,0.0,-0.3694995990613197,0.005033703965787552,0.0,-0.031707541027945485,-0.007611703978886896,0.0,0.02938503049801028,-0.0015954979161301648,0.0,171.222084335
1508285253.114786,1.6110450608008482,0.00011683192185010917,0.0,-1.657459453784825,-0.010910679501382026,0.0,0.017788721931414342,0.01856155961368676,0.0,0.26614566669815876,5.48026501448239e-05,0.0,-0.36942052788668645,-0.00632227993668268,0.0,-0.03178661220257875,0.006321454976674049,0.0,0.02938503049801028,-0.03325253637992161,0.0,171.242081556
1508285253.1347885,1.6110815841529407,0.014612179203301805,0.0,-1.657459453784825,-0.00044115957316083465,0.0,0.017788721931414342,0.008067637435480324,0.0,0.2662308878530413,-0.0068442798457919295,0.0,-0.3694995990613197,-5.190681188086412e-05,0.0,-0.031707541027945485,5.1906547893678866e-05,0.0,0.029487775359891433,0.047690568726714413,0.0,171.26208433
1508285253.154789,1.6110450608008482,4.675897345056573e-06,0.0,-1.657459453784825,1.7313146093949257e-05,0.0,0.017788721931414342,-2.6741567325303232e-05,0.0,0.26614566669815876,-0.03927211082843949,0.0,-0.3695786702359529,-0.030220216944013435,0.0,-0.03178661220257875,-0.03285020164339796,0.0,0.029487775359891433,0.03245434523709387,0.0,171.282084693
1508285253.1747866,1.6110450608008482,1.4962871504181017e-09,0.0,-1.657459453784825,-0.010916151222142274,0.0,0.017788721931414342,-0.019564948084570134,0.0,0.2662308878530413,0.03403371755921739,0.0,-0.36942052788668645,0.0018122555214740196,0.0,-0.03178661220257875,0.0013051406569817938,0.0,0.02938503049801028,0.00040502489337867337,0.0,171.30208241
1508285253.1947894,1.6110450608008482,-0.01455833136325451,0.0,-1.6574323036823846,0.013007393541575088,0.0,0.01774310982389804,-0.014510281937686637,0.0,0.26614566669815876,-0.007076258972429111,0.0,-0.36942052788668645,-0.0050585326557945134,0.0,-0.03178661220257875,0.005059530222568068,0.0,0.029487775359891433,0.03957258340288525,0.0,171.322085087
1508285253.2147868,1.6110450608008482,-0.017849310389845663,0.0,-1.6574323036823846,0.013356027381537768,0.0,0.017834334038930866,0.02096676493716937,0.0,0.26614566669815876,-0.03340683411906379,0.0,-0.36942052788668645,0.02876815420019438,0.0,-0.03178661220257875,-0.02623769288680853,0.0,0.02938503049801028,0.0003411964470668251,0.0,171.342082441
1508285253.2347903,1.6110450608008482,-0.000584674970159318,0.0,-1.657459453784825,-0.011055308894956858,0.0,0.017788721931414342,0.018878546930147882,0.0,0.2662308878530413,-6.502192797435461e-05,0.0,-0.3694995990613197,0.012921952537737735,0.0,-0.031707541027945485,-0.0002612914128417385,0.0,0.02938503049801028,-0.039318298886242845,0.0,171.362085957
1508285253.25479,1.6110450608008482,0.0028919234009822897,0.0,-1.6574323036823846,-0.01083660502118886,0.0,0.01774310982389804,-0.02570740975729384,0.0,0.26614566669815876,-0.006802798127028804,0.0,-0.36942052788668645,-0.0062571351232765015,0.0,-0.03178661220257875,0.0038364128023347034,0.0,0.029487775359891433,0.010091372445486389,0.0,171.382085826
1508285253.2747872,1.6110815841529407,0.014609583589276262,0.0,-1.657459453784825,0.0005201463276768166,0.0,0.017788721931414342,-0.0005877273871408038,0.0,0.26614566669815876,0.006816009672236408,0.0,-0.3694995990613197,-0.03136881393107805,0.0,-0.031707541027945485,0.03136803929994635,0.0,0.02938503049801028,-0.001640219923654107,0.0,171.402082797
1508285253.2947903,1.6110450608008482,0.0001211832387461033,0.0,-1.657459453784825,-8.64413978460403e-05,0.0,0.017788721931414342,-0.001310908184452105,0.0,0.2662308878530413,-0.0011409316389560317,0.0,-0.3694995990613197,0.00019156280083732603,0.0,-0.031707541027945485,0.00021163859387132454,0.0,0.029487775359891433,0.040929612626248085,0.0,171.422085932
1508285253.3147879,1.6110450608008482,-0.00012008083265486027,0.0,-1.6574323036823846,-0.0019752699709748964,0.0,0.01774310982389804,-0.03285693197069937,0.0,0.26614566669815876,-0.00823536821158567,0.0,-0.36942052788668645,0.03288294153771606,0.0,-0.03178661220257875,-0.03034842363935455,0.0,0.02938503049801028,-0.03975955866128146,0.0,171.442083512
1508285253.334788,1.6110450608008482,-0.00011681025380347387,0.0,-1.6574323036823846,0.011330953394333739,0.0,0.01774310982389804,-0.01758803163354436,0.0,0.26614566669815876,0.0013608394450603512,0.0,-0.36942052788668645,0.007398600522553976,0.0,-0.03178661220257875,0.0053538171085219825,0.0,0.02938503049801028,-0.04322364043544695,0.0,171.462083857
1508285253.3547914,1.6110450608008482,0.0029099004913090017,0.0,-1.657459453784825,-0.0027657510231286725,0.0,0.017788721931414342,0.004354910208740276,0.0,0.26614566669815876,-0.005377430342801103,0.0,-0.3694995990613197,-0.001257007481600967,0.0,-0.031707541027945485,0.0012610882552433536,0.0,0.02938503049801028,-0.05037163622860152,0.0,171.482087059
1508285253.3747888,1.6110450608008482,9.311681572188794e-07,0.0,-1.6574323036823846,0.01405206589443694,0.0,0.017834334038930866,0.014589723199509299,0.0,0.2662308878530413,0.0068189052126707015,0.0,-0.36942052788668645,-5.0969262808952016e-05,0.0,-0.03178661220257875,-5.016347217317959e-05,0.0,0.029487775359891433,0.039657503418467306,0.0,171.502084542
1508285253.3947916,1.6110450608008482,0.0022176001453780773,0.0,-1.6574323036823846,-0.0016439846414120895,0.0,0.01774310982389804,-0.03806201673117989,0.0,0.2662308878530413,0.02648731015845339,0.0,-0.3694995990613197,-0.022794705697462257,0.0,-0.031707541027945485,0.023303434284638797,0.0,0.029487775359891433,0.008232351769073621,0.0,171.522087418
1508285253.414792,1.6110815841529407,0.01397324393771324,0.0,-1.6574323036823846,-0.008660528013519297,0.0,0.01774310982389804,-0.021879496202002444,0.0,0.2662308878530413,-0.0016182361877075196,0.0,-0.36942052788668645,4.309863534283529e-05,0.0,-0.03178661220257875,-0.013219716528932465,0.0,0.029487775359891433,-0.0003809954053476559,0.0,171.542087804
1508285253.4347966,1.6110815841529407,0.014614871225841075,0.0,-1.6574323036823846,0.0004320764907645505,0.0,0.01774310982389804,0.001026084725338469,0.0,0.26614566669815876,-0.005170318737235888,0.0,-0.3695786702359529,-0.03695194620987065,0.0,-0.03178661220257875,-0.024305393541671674,0.0,0.029487775359891433,0.040825523744716194,0.0,171.562092327
1508285253.454793,1.6110450608008482,2.8106470044730743e-05,0.0,-1.657459453784825,-0.0022642585026791933,0.0,0.017788721931414342,0.003804509529468067,0.0,0.2662308878530413,0.034323698807582285,0.0,-0.3694995990613197,0.03294862734280253,0.0,-0.031707541027945485,0.032952674239667926,0.0,0.029487775359891433,0.006216245983897254,0.0,171.582088616
1508285253.4747896,1.6110815841529407,0.017422482871380828,0.0,-1.657459453784825,-0.0021630570783869834,0.0,0.017788721931414342,0.003633930925688812,0.0,0.26614566669815876,-0.04232092129416052,0.0,-0.36942052788668645,0.06325698819462632,0.0,-0.03178661220257875,1.0544855756693726e-05,0.0,0.02938503049801028,0.0062258842469354895,0.0,171.602085388
1508285253.4948792,1.6110450608008482,-0.012283836375589371,0.0,-1.657459453784825,-0.01086540614525372,0.0,0.017788721931414342,0.019712680126154628,0.0,0.26614566669815876,-0.006804203930784167,0.0,-0.36942052788668645,0.03166232157302758,0.0,-0.03178661220257875,0.03164208271117024,0.0,0.029487775359891433,-0.00039235720069380074,0.0,171.622174949
1508285253.5147934,1.6110450608008482,-0.015172274165529144,0.0,-1.6574323036823846,0.001742319235023293,0.0,0.01774310982389804,-0.033602507993839896,0.0,0.2662308878530413,0.02729077389829331,0.0,-0.36942052788668645,-0.008821401825323276,0.0,-0.03178661220257875,0.006309990959506097,0.0,0.029487775359891433,-0.008251610188672799,0.0,171.64208923
1508285253.5347903,1.6110450608008482,0.00011194452289358014,0.0,-1.657459453784825,-0.011293564526263246,0.0,0.017788721931414342,-0.017524635521938173,0.0,0.26614566669815876,-0.007081173284921692,0.0,-0.36942052788668645,0.03137130385106002,0.0,-0.03178661220257875,0.03137614589676217,0.0,0.02938503049801028,-0.0003969351762549603,0.0,171.66208591
1508285253.554794,1.6110450608008482,-0.0029427316565795105,0.0,-1.657459453784825,0.002149033927621559,0.0,0.017788721931414342,-0.0036220511814183437,0.0,0.2662308878530413,0.0338962727167961,0.0,-0.3693414567120531,-0.00024358176849063602,0.0,-0.031865683377212045,0.00016203056304355226,0.0,0.02938503049801028,-0.047838657994328786,0.0,171.682089714
1508285253.5747914,1.6110450608008482,-0.0005827220369115299,0.0,-1.657459453784825,-0.010506439152392305,0.0,0.017788721931414342,0.017650789046300738,0.0,0.2662308878530413,0.03429477072457788,0.0,-0.3693414567120531,0.006102839674538968,0.0,-0.031865683377212045,0.003583920476992635,0.0,0.02938503049801028,-0.042395995908199084,0.0,171.702087244
1508285253.5947943,1.6110450608008482,-2.3465974016533427e-05,0.0,-1.6574323036823846,0.011143168070136291,0.0,0.01774310982389804,-0.01877864096367722,0.0,0.26614566669815876,-0.034184881717572516,0.0,-0.36942052788668645,0.005720581888265911,0.0,-0.03178661220257875,-0.00632425152997951,0.0,0.029487775359891433,0.009489058622890163,0.0,171.722089919
1508285253.6148057,1.6110450608008482,-0.0028731064053702025,0.0,-1.657459453784825,0.002156689787770736,0.0,0.017788721931414342,0.002093354852970046,0.0,0.26614566669815876,-0.005351361823870595,0.0,-0.36942052788668645,0.037207131626816395,0.0,-0.03178661220257875,0.039227826657315314,0.0,0.029487775359891433,-0.001640804474582246,0.0,171.742101536
1508285253.6347919,1.6110450608008482,-0.00011776080357888736,0.0,-1.6574323036823846,0.00010484671100662243,0.0,0.017834334038930866,0.03651151637049483,0.0,0.26614566669815876,-0.02617907069361145,0.0,-0.3694995990613197,0.00254085979327796,0.0,-0.031707541027945485,1.255290452989703e-05,0.0,0.029487775359891433,-0.0019067997552333802,0.0,171.762087518
1508285253.6548731,1.6110450608008482,9.34354375330543e-05,0.0,-1.657459453784825,0.0022727857474297056,0.0,0.017788721931414342,0.00347977037666873,0.0,0.26614566669815876,0.0015836833773905524,0.0,-0.36942052788668645,0.03709320138966358,0.0,-0.03178661220257875,0.02640380697657733,0.0,0.029487775359891433,0.04780278537071763,0.0,171.782168762
1508285253.6747916,1.6110450608008482,-2.3338382565823197e-05,0.0,-1.657459453784825,-0.008671600092896999,0.0,0.017788721931414342,0.014570602902781267,0.0,0.2662308878530413,0.006819506293327197,0.0,-0.36942052788668645,-0.007794598222168529,0.0,-0.03178661220257875,0.004754612452399056,0.0,0.029487775359891433,0.039132845426987035,0.0,171.802087261
1508285253.694794,1.6110450608008482,-0.0005823407228317537,0.0,-1.657459453784825,-0.008335340441165498,0.0,0.017788721931414342,-0.015448518869969303,0.0,0.26614566669815876,-0.005783391525220862,0.0,-0.36926238553741986,0.037875428369691946,0.0,-0.03178661220257875,0.03747612119005479,0.0,0.02938503049801028,-0.039347580927468706,0.0,171.822089676
1508285253.7147944,1.6110450608008482,-0.013909342326995231,0.0,-1.657459453784825,-0.02128978689506424,0.0,0.017788721931414342,0.0007834648855007476,0.0,0.2662308878530413,0.007070772985427065,0.0,-0.3694995990613197,-0.030302500824851426,0.0,-0.031707541027945485,0.030326613320722128,0.0,0.029487775359891433,0.042798523008070424,0.0,171.842090125
1508285253.7347922,1.6110450608008482,-2.775262394414544e-05,0.0,-1.6574323036823846,-0.0039336698993056906,0.0,0.01774310982389804,0.0010501115388012396,0.0,0.26614566669815876,-0.006760740686819394,0.0,-0.36942052788668645,-0.012660493569324024,0.0,-0.03178661220257875,9.70451626263107e-06,0.0,0.029487775359891433,0.039618696727538726,0.0,171.862088001
1508285253.7547941,1.6110450608008482,-0.0028041748536785822,0.0,-1.657459453784825,6.82443110425387e-05,0.0,0.017788721931414342,-0.00011642898246544692,0.0,0.26614566669815876,-0.0014175751401314114,0.0,-0.3694995990613197,0.001258620076866203,0.0,-0.031707541027945485,0.0012626745402544773,0.0,0.029487775359891433,0.04943400508482121,0.0,171.882089782
1508285253.7747943,1.6110450608008482,0.0005594405417256277,0.0,-1.657459453784825,-0.010694365232089484,0.0,0.017788721931414342,0.017966507581349826,0.0,0.26614566669815876,-0.033786693305841754,0.0,-0.3694995990613197,0.025083470077225455,0.0,-0.031707541027945485,-0.037713886078432485,0.0,0.02938503049801028,-0.04925254504387952,0.0,171.902089957
1508285253.7947967,1.6110450608008482,-0.00011664846560425219,0.0,-1.6574323036823846,0.011326724884321546,0.0,0.01774310982389804,-0.024814696293289355,0.0,0.26614566669815876,-0.042290076499135236,0.0,-0.36942052788668645,-0.017693878118054694,0.0,-0.03178661220257875,0.03288467912137346,0.0,0.02938503049801028,-0.034863302296253236,0.0,171.922092346
1508285253.8147964,1.6110450608008482,-3.732750899336066e-08,0.0,-1.6574323036823846,-0.011452079921084315,0.0,0.017834334038930866,0.01778035456644748,0.0,0.2662308878530413,0.0011298583612217564,0.0,-0.36942052788668645,0.032044007876336225,0.0,-0.03178661220257875,-0.02900747287678621,0.0,0.02938503049801028,0.001630141282584699,0.0,171.94209213
1508285253.834805,1.6110450608008482,0.002922079945611398,0.0,-1.657459453784825,-0.008572731632691274,0.0,0.017788721931414342,-0.014448786807144383,0.0,0.26614566669815876,0.0071452439690352825,0.0,-0.36942052788668645,-0.0012121932514395915,0.0,-0.03178661220257875,-0.0013330810769302326,0.0,0.029487775359891433,0.04104272975640817,0.0,171.962100782
1508285253.8547974,1.6110450608008482,-2.24610987739073e-05,0.0,-1.6574323036823846,-0.0020991453836143514,0.0,0.01774310982389804,0.004976846182451971,0.0,0.26614566669815876,0.006800212179881531,0.0,-0.3695786702359529,-0.005598321948354903,0.0,-0.03178661220257875,0.007622658324754721,0.0,0.02938503049801028,-0.007788704329173569,0.0,171.982093092
1508285253.8747947,1.6110450608008482,0.0007020622989569067,0.0,-1.657459453784825,-0.0021886145092854846,0.0,0.017788721931414342,0.0036773312612192652,0.0,0.26614566669815876,-0.006811136885323743,0.0,-0.3693414567120531,0.03184327514548142,0.0,-0.031865683377212045,-0.0314392804227435,0.0,0.02938503049801028,0.0015793016552833605,0.0,172.002090436
1508285253.894796,1.6110450608008482,2.2465993566620995e-07,0.0,-1.6574323036823846,-0.0004350299233328386,0.0,0.017834334038930866,0.03707585912213831,0.0,0.26614566669815876,0.0014154579770818253,0.0,-0.36942052788668645,1.0189848046554045e-05,0.0,-0.03178661220257875,-1.0060569735277909e-05,0.0,0.02938503049801028,-0.03968483706893585,0.0,172.022091572
1508285253.9147959,1.6110450608008482,-0.012437284122153358,0.0,-1.657459453784825,-0.01049402483265997,0.0,0.017788721931414342,0.019160177798152267,0.0,0.2662308878530413,-0.0067557134951885785,0.0,-0.3695786702359529,-0.030359776620278733,0.0,-0.03178661220257875,0.030461309820324498,0.0,0.02938503049801028,-0.05096234739987854,0.0,172.042091584
1508285253.9347944,1.6110450608008482,0.0005800879037998769,0.0,-1.657459453784825,-0.016916777117942587,0.0,0.017788721931414342,0.0007064636203953293,0.0,0.2662308878530413,-2.1618283184603427e-06,0.0,-0.3694995990613197,0.006315683256011546,0.0,-0.031707541027945485,-0.006315650765389751,0.0,0.029487775359891433,0.04138799980563052,0.0,172.062090192
1508285253.9547956,1.6110450608008482,-0.014521309080695365,0.0,-1.6574323036823846,0.0005332899500787141,0.0,0.01774310982389804,-0.0008464204145941758,0.0,0.2662308878530413,0.027091212742531845,0.0,-0.36942052788668645,-0.0002003073120562298,0.0,-0.03178661220257875,0.00030150163386753786,0.0,0.02938503049801028,0.0002761490236716448,0.0,172.082091265
1508285253.9747956,1.6110450608008482,-4.646818905822512e-06,0.0,-1.6574323036823846,0.009578693188101272,0.0,0.01774310982389804,-0.021891410818955938,0.0,0.26614566669815876,-0.0013595353317630507,0.0,-0.36942052788668645,-6.409833543785785e-08,0.0,-0.03178661220257875,-0.012592159582089979,0.0,0.02938503049801028,0.009830802712261036,0.0,172.102091234
1508285253.994797,1.6110450608008482,-2.331143152221287e-05,0.0,-1.657459453784825,2.0392928204062996e-05,0.0,0.017788721931414342,-0.0014337694564357094,0.0,0.26614566669815876,-0.001414895051016206,0.0,-0.3694995990613197,0.03005121421723329,0.0,-0.031707541027945485,0.03307832801161995,0.0,0.02938503049801028,0.0013132888560882883,0.0,172.122092742
1508285254.0147972,1.6110450608008482,-0.0029137505271784646,0.0,-1.6574323036823846,0.0016279033094534628,0.0,0.017834334038930866,0.004542321646099927,0.0,0.26614566669815876,-5.520714547744495e-05,0.0,-0.3694995990613197,-0.019027580862269154,0.0,-0.031707541027945485,0.03166398941228005,0.0,0.029487775359891433,0.008263165574542814,0.0,172.142092953
1508285254.0347967,1.6110450608008482,-9.324001686971077e-07,0.0,-1.657459453784825,-0.007914765964555474,0.0,0.017788721931414342,0.014757419087245576,0.0,0.26614566669815876,-0.0014167067626443383,0.0,-0.36942052788668645,0.005330310272518606,0.0,-0.03178661220257875,0.007874581458184563,0.0,0.029487775359891433,-0.0016398262402513102,0.0,172.162092343
1508285254.0547981,1.6110450608008482,-0.0006054999484769047,0.0,-1.657459453784825,-0.010852324936298521,0.0,0.017788721931414342,0.025513452903385258,0.0,0.26614566669815876,0.0002727953348170317,0.0,-0.3693414567120531,0.0317526506751301,0.0,-0.031865683377212045,-0.031342572075900584,0.0,0.02938503049801028,-0.04125761332650151,0.0,172.182093815
1508285254.0747986,1.6110450608008482,-2.3512020593793402e-05,0.0,-1.657459453784825,-0.011313220159082522,0.0,0.017788721931414342,0.01929910062001888,0.0,0.26614566669815876,-0.007090377505196084,0.0,-0.36942052788668645,0.0078029365444629885,0.0,-0.03178661220257875,0.007782746073185394,0.0,0.029487775359891433,-0.00816877003961518,0.0,172.202094325
1508285254.094798,1.6110450608008482,-0.00011689072214883799,0.0,-1.6574323036823846,0.001826881145591879,0.0,0.01774310982389804,0.002731267715734568,0.0,0.26614566669815876,5.210802137027887e-05,0.0,-0.36942052788668645,0.006346837454741681,0.0,-0.03178661220257875,0.006245925327907022,0.0,0.02938503049801028,-0.03102895039990232,0.0,172.222093747
1508285254.1148002,1.6110450608008482,-3.7405031087628116e-08,0.0,-1.6574323036823846,5.846019665894007e-07,0.0,0.017834334038930866,5.919915455692029e-05,0.0,0.26614566669815876,0.0002725816641025926,0.0,-0.36942052788668645,-0.0066298352068379,0.0,-0.03178661220257875,-0.006629867498720636,0.0,0.029487775359891433,0.006904602519229767,0.0,172.242095949
1508285254.1347992,1.6110450608008482,-0.014542783139999406,0.0,-1.657459453784825,-0.014710354123775114,0.0,0.017788721931414342,0.018862578405833372,0.0,0.26614566669815876,-0.03551566008985751,0.0,-0.3694995990613197,0.07564008775949627,0.0,-0.031707541027945485,-2.121557612866571e-06,0.0,0.029487775359891433,-0.008231718115779014,0.0,172.262094898
1508285254.1548002,1.6110450608008482,-0.01457163733733095,0.0,-1.6574323036823846,6.462591611571803e-05,0.0,0.01774310982389804,-0.007093106263750422,0.0,0.2662308878530413,0.0013498381050235275,0.0,-0.3694995990613197,-0.0315125638916498,0.0,-0.031707541027945485,0.03153676804084547,0.0,0.02938503049801028,-0.049568554654619464,0.0,172.282095885
1508285254.1747975,1.6110815841529407,0.014612707474418835,0.0,-1.6574323036823846,0.013999976727717297,0.0,0.01774310982389804,-0.02206264341394858,0.0,0.26614566669815876,-0.0067285062759947,0.0,-0.3694995990613197,0.011110530148562328,0.0,-0.031707541027945485,0.06223880048674336,0.0,0.02938503049801028,-0.040873810716935154,0.0,172.302093218
1508285254.1947973,1.6110450608008482,-0.0029160110980482974,0.0,-1.657459453784825,-0.013000355439796487,0.0,0.017788721931414342,-0.013100471982152508,0.0,0.2662308878530413,0.042236613969017955,0.0,-0.36942052788668645,0.0315048546970808,0.0,-0.03178661220257875,0.031521215743600076,0.0,0.029487775359891433,0.04091962010947427,0.0,172.322093084
1508285254.2147996,1.6110815841529407,0.017525278305823972,0.0,-1.6574051535799441,0.022160982000639026,0.0,0.017788721931414564,-0.0007622941819220106,0.0,0.26614566669815876,1.351571647008573e-05,0.0,-0.36942052788668645,0.004869163223842163,0.0,-0.03178661220257875,0.0052716396618683724,0.0,0.029487775359891433,0.050565366574055776,0.0,172.342095416
1508285254.2348013,1.6110450608008482,-0.000578598958587981,0.0,-1.657459453784825,-0.01518902223676855,0.0,0.017788721931414342,-0.01828859825823665,0.0,0.26614566669815876,-0.001308723234252123,0.0,-0.3694995990613197,-0.012753245084032357,0.0,-0.03186568337721202,1.6869246940187485e-06,0.0,0.02938503049801028,-0.0013633665987330694,0.0,172.362097083
1508285254.2548006,1.6110815841529407,-1.851516667481537e-07,0.0,-1.6574323036823846,0.009066434884109588,0.0,0.01774310982389804,-0.015245606996626325,0.0,0.26614566669815876,0.00021672080479361657,0.0,-0.36942052788668645,-4.08103842689035e-06,0.0,-0.03178661220257875,5.39815902085999e-10,0.0,0.029487775359891433,0.04914269675324281,0.0,172.382096326
1508285254.2748,1.6110450608008482,0.003024307230449869,0.0,-1.6574323036823846,0.001816988007239752,0.0,0.01774310982389804,0.004209563709241058,0.0,0.2662308878530413,0.03411540514720946,0.0,-0.3693414567120531,-0.006092403678932259,0.0,-0.031865683377212045,-0.0064968662028254175,0.0,0.029487775359891433,1.572566296103768e-05,0.0,172.402095878
1508285254.2947998,1.6110450608008482,-0.0029000153775604917,0.0,-1.657459453784825,-0.00043204649504129095,0.0,0.017788721931414342,-0.0007254668349187008,0.0,0.26614566669815876,-0.007030641236079968,0.0,-0.3694995990613197,0.007235148181123865,0.0,-0.03186568337721202,0.007335876471432813,0.0,0.029487775359891433,-0.008423955256834549,0.0,172.42209556
1508285254.3148007,1.6110450608008482,-9.280049208193565e-07,0.0,-1.657459453784825,0.001739095294943024,0.0,0.017788721931414342,-0.0029221403758602567,0.0,0.26614566669815876,-0.0340548563512491,0.0,-0.3693414567120531,0.04435565191179487,0.0,-0.031865683377212045,0.03159754943041533,0.0,0.029487775359891433,0.008220430109727736,0.0,172.442096487
1508285254.334801,1.6110450608008482,0.0005847642666548255,0.0,-1.6574323036823846,0.010881333599700506,0.0,0.01774310982389804,-0.01828061471198088,0.0,0.26614566669815876,0.0002622858657399414,0.0,-0.36942052788668645,0.031601944966192154,0.0,-0.03178661220257875,-0.03157763994177378,0.0,0.02938503049801028,0.00039767863522573843,0.0,172.462096715
1508285254.3548017,1.6110450608008482,2.3586080826886963e-05,0.0,-1.6574323036823846,0.010586183970921965,0.0,0.017834334038930866,0.010261269364876808,0.0,0.2662308878530413,-5.4513633133311286e-05,0.0,-0.3694205278866864,-0.03187351502781033,0.0,-0.03194475455184531,-0.031893732494969865,0.0,0.029487775359891433,0.0496273298634569,0.0,172.482097341
1508285254.3748002,1.6110450608008482,-2.336909211458499e-05,0.0,-1.6574323036823846,0.006941968193997023,0.0,0.017834334038930866,0.017854440226966653,0.0,0.26614566669815876,-0.005459120908718375,0.0,-0.36942052788668645,-0.0028437434125943043,0.0,-0.03178661220257875,-0.00021297515363746932,0.0,0.02938503049801028,0.009555178388271466,0.0,172.502095875
1508285254.3948002,1.6110450608008482,9.350714063584121e-05,0.0,-1.657459453784825,1.953065706125722e-05,0.0,0.017788721931414342,-2.336603971461567e-05,0.0,0.26614566669815876,0.005460777949129463,0.0,-0.36942052788668645,-0.007802449075906388,0.0,-0.03178661220257875,-0.00739669857158067,0.0,0.029487775359891433,0.039440157876798866,0.0,172.522095881
1508285254.4148023,1.6110450608008482,-0.014615597199946017,0.0,-1.657459453784825,0.0022595765529696875,0.0,0.017788721931414342,0.0037960652572081102,0.0,0.26614566669815876,-0.035734341834597984,0.0,-0.3694995990613197,-0.03043307835888183,0.0,-0.03186568337721202,-0.032855944041986156,0.0,0.029487775359891433,0.04139134264541584,0.0,172.542097993
1508285254.434802,1.6110815841529407,-4.676991103982721e-06,0.0,-1.657459453784825,7.050812656293431e-05,0.0,0.017788721931414342,-0.00011602399738632202,0.0,0.26614566669815876,-0.006771227986724673,0.0,-0.36942052788668645,0.03164882518444671,0.0,-0.03178661220257875,-0.03166907767162605,0.0,0.02938503049801028,-0.039344829634541785,0.0,172.562097695
1508285254.4548035,1.6110815841529407,-1.496637153274469e-09,0.0,-1.657459453784825,-0.012224100329841515,0.0,0.017788721931414342,0.021993027809856177,0.0,0.26614566669815876,-0.00844464109363012,0.0,-0.3694995990613197,-0.012878441981604283,0.0,-0.031707541027945485,0.00024270099721936705,0.0,0.029487775359891433,0.05084050260048456,0.0,172.582099273
1508285254.4748015,1.6110815841529407,0.0006079196918815684,0.0,-1.657459453784825,-0.011208982944183488,0.0,0.017788721931414342,0.017372011547434348,0.0,0.2662308878530413,0.04094549737481564,0.0,-0.3693414567120531,0.03166817628897831,0.0,-0.031865683377212045,-0.03167221972607109,0.0,0.029487775359891433,0.0395273221183323,0.0,172.602097377
1508285254.494802,1.6110450608008482,-0.0005833865772219648,0.0,-1.6574323036823846,0.001714612181421402,0.0,0.01774310982389804,0.0028921293705371533,0.0,0.26614566669815876,-0.03430185640910486,0.0,-0.3694995990613197,-0.012929057680357523,0.0,-0.031707541027945485,0.0001925000953415808,0.0,0.029487775359891433,0.04138366424400766,0.0,172.622097826
1508285254.5148034,1.6110450608008482,-1.8668370471102848e-07,0.0,-1.657459453784825,-0.00915346393173515,0.0,0.017788721931414342,-0.01537779392426035,0.0,0.26614566669815876,-0.02738481991650818,0.0,-0.3694995990613197,-4.137298457714403e-06,0.0,-0.031707541027945485,-0.0025228798975490026,0.0,0.029487775359891433,0.002047788443105087,0.0,172.642099168
1508285254.5348058,1.6110450608008482,-0.0035057998615844097,0.0,-1.657459453784825,0.0017337676762130526,0.0,0.017788721931414342,0.00408135079041413,0.0,0.26614566669815876,0.007134232703275904,0.0,-0.36942052788668645,0.006323889398007344,0.0,-0.03178661220257875,-0.00581860584467737,0.0,0.02938503049801028,-0.04260854333386275,0.0,172.662101564
1508285254.5548048,1.6110450608008482,0.0005828763971770405,0.0,-1.6574323036823846,0.010786203521259743,0.0,0.01774310982389804,-0.018118558153443015,0.0,0.26614566669815876,-0.04063849683655132,0.0,-0.36942052788668645,2.023644607362348e-06,0.0,-0.03178661220257875,-1.8619538702967562e-06,0.0,0.029487775359891433,0.0065886957927444815,0.0,172.682100599
1508285254.5748208,1.6110450608008482,-0.0028991382025765,0.0,-1.657459453784825,-0.008680809870262355,0.0,0.017788721931414342,0.014583740648632292,0.0,0.2662308878530413,0.034338370082617815,0.0,-0.3694995990613197,6.475662743559507e-10,0.0,-0.031707541027945485,0.06313736132129737,0.0,0.029487775359891433,0.006907925886204793,0.0,172.702116438
1508285254.594804,1.6110450608008482,-9.27724224824479e-07,0.0,-1.657459453784825,0.0004315517075313834,0.0,0.017788721931414342,0.008047627501997112,0.0,0.2662308878530413,0.028574817679384062,0.0,-0.3694995990613197,-0.007553529735318833,0.0,-0.031707541027945485,0.0051446737536841435,0.0,0.029487775359891433,-0.00164143450845568,0.0,172.72209982
1508285254.6148064,1.6110815841529407,0.01507356684256048,0.0,-1.657459453784825,-0.0017388818056993192,0.0,0.017788721931414342,-0.0046650285715955425,0.0,0.2662308878530413,-0.006534233893557102,0.0,-0.3695786702359529,-0.006073592440536961,0.0,-0.03178661220257875,-0.00617072332683685,0.0,0.029487775359891433,0.051016675599847426,0.0,172.742102233
1508285254.6348069,1.6110450608008482,-0.017345798658669538,0.0,-1.657459453784825,-0.0026063789650982157,0.0,0.017788721931414342,0.004376282830725379,0.0,0.26614566669815876,-0.006819464769286234,0.0,-0.36965774141058627,-0.030433752032841217,0.0,-0.03170754102794546,0.032449190548231824,0.0,0.029487775359891433,0.009547503408234872,0.0,172.762102651
1508285254.654807,1.6110450608008482,0.00011127683100683016,0.0,-1.657459453784825,0.001718308846749792,0.0,0.017788721931414342,-0.002942593686145822,0.0,0.26614566669815876,0.006488805517026873,0.0,-0.3694995990613197,-0.008822648864232348,0.0,-0.03186568337721202,-0.06936056119720026,0.0,0.029487775359891433,-0.006502743403930931,0.0,172.782102822
1508285254.6748052,1.6110450608008482,-0.0001168475897163258,0.0,-1.6574323036823846,0.01300588173890684,0.0,0.01774310982389804,-0.014551402061918559,0.0,0.26614566669815876,0.0013118569678507075,0.0,-0.36942052788668645,-5.324611690199974e-05,0.0,-0.03178661220257875,-0.01262407748118841,0.0,0.029487775359891433,-2.0808778892578957e-06,0.0,172.802100905
1508285254.6948047,1.6110815841529407,0.017412438681609046,0.0,-1.6574051535799441,0.012600496106740279,0.0,0.017788721931414564,-0.022625813259994687,0.0,0.26614566669815876,-0.0016355874093452682,0.0,-0.36942052788668645,0.03941763999127735,0.0,-0.03178661220257875,0.03637772766913608,0.0,0.029487775359891433,0.04076725547299005,0.0,172.822100484
1508285254.7148044,1.6110450608008482,-0.0030326401423632276,0.0,-1.657459453784825,0.0027206356350932396,0.0,0.017788721931414342,-0.00428019483851631,0.0,0.26614566669815876,0.008472067088304386,0.0,-0.36942052788668645,0.0012456163034391676,0.0,-0.03178661220257875,0.001345825783047725,0.0,0.029487775359891433,1.3045521751356803e-05,0.0,172.842100234
1508285254.7348087,1.6110450608008482,-9.704448455562317e-07,0.0,-1.6574323036823846,-0.002170000994671349,0.0,0.017834334038930866,0.003645689458424792,0.0,0.26614566669815876,-0.026211368464285886,0.0,-0.3694995990613197,-0.006575091629743325,0.0,-0.031707541027945485,-0.00606884666456915,0.0,0.029487775359891433,0.039490788611458265,0.0,172.862104318
1508285254.7548084,1.6110450608008482,0.00011682717603525381,0.0,-1.657459453784825,-0.002685458843998071,0.0,0.017788721931414342,0.0027892349316123214,0.0,0.26614566669815876,-0.001290429779374085,0.0,-0.36942052788668645,-2.104029321517862e-06,0.0,-0.03178661220257875,-1.942030932662126e-06,0.0,0.029487775359891433,0.00829834891338272,0.0,172.882104233
1508285254.774806,1.6110450608008482,3.738469633128117e-08,0.0,-1.657459453784825,-0.011090801713948797,0.0,0.017788721931414342,0.018923873199003086,0.0,0.2662308878530413,0.007034408101512187,0.0,-0.36942052788668645,0.0002530152620918184,0.0,-0.03178661220257875,-0.00025301655683118853,0.0,0.029487775359891433,-0.0013126132823396842,0.0,172.902101739
1508285254.7948058,1.6110450608008482,1.196310282600996e-11,0.0,-1.6574323036823846,-0.00035239666460949476,0.0,0.01774310982389804,0.0008791638475293132,0.0,0.26614566669815876,-0.03410494658562629,0.0,-0.3694995990613197,-0.025547236359436995,0.0,-0.031707541027945485,0.03824191747095535,0.0,0.02938503049801028,-0.008248136498787693,0.0,172.922101409
1508285254.814809,1.6110450608008482,3.8281929043231824e-15,0.0,-1.6574323036823846,0.01084907463490128,0.0,0.01774310982389804,-0.012387032657455128,0.0,0.2662308878530413,0.034098025698689104,0.0,-0.3694995990613197,-0.031655644552156866,0.0,-0.031707541027945485,0.031558488410356675,0.0,0.029487775359891433,0.032833067022271706,0.0,172.942104725
1508285254.834806,1.6110815841529407,0.015376572897875983,0.0,-1.6574323036823846,0.012632791345635276,0.0,0.01774310982389804,-0.013923594620763964,0.0,0.26614566669815876,1.09113682235805e-05,0.0,-0.36942052788668645,0.00029423546438082785,0.0,-0.03178661220257875,-0.0002942665543463107,0.0,0.02938503049801028,-0.04166801055647403,0.0,172.962101702
1508285254.8548062,1.6110450608008482,0.0005944672666221226,0.0,-1.6574051535799441,0.02198690304069308,0.0,0.017788721931414564,0.0008775941312174438,0.0,0.26614566669815876,-0.006842597265782088,0.0,-0.3694995990613197,-0.0315496681602869,0.0,-0.031707541027945485,0.03154966815034918,0.0,0.029487775359891433,0.050693823525198724,0.0,172.982101895
1508285254.874807,1.6110450608008482,0.0005591384806790821,0.0,-1.657459453784825,-0.0026327818050790298,0.0,0.017788721931414342,0.002922268327548607,0.0,0.2662308878530413,-0.0013064022171516301,0.0,-0.36942052788668645,0.0010483274256442344,0.0,-0.03178661220257875,-0.001048327425647786,0.0,0.029487775359891433,-0.001687740925816394,0.0,173.00210269
1508285254.8948107,1.6110815841529407,0.013911293503421435,0.0,-1.6574323036823846,0.013357819644808868,0.0,0.01774310982389804,-0.015445310403768498,0.0,0.26614566669815876,-0.035505009885509316,0.0,-0.3695786702359529,-0.006266158370150281,0.0,-0.03178661220257875,0.00636740094978108,0.0,0.02938503049801028,-0.0013104958132666815,0.0,173.022106406
1508285254.9148102,1.6110450608008482,0.0035105994061962616,0.0,-1.657459453784825,-0.0025847479964175328,0.0,0.017788721931414342,-0.0029538570501487734,0.0,0.2662308878530413,0.03254287484717687,0.0,-0.36942052788668645,0.00019958451957065927,0.0,-0.03178661220257875,-0.0001995521219452482,0.0,0.029487775359891433,0.04082534548162051,0.0,173.042105985
1508285254.9348104,1.6110450608008482,0.00011837001550757384,0.0,-1.657459453784825,-0.013324715383983325,0.0,0.017788721931414342,0.022441536125406607,0.0,0.26614566669815876,0.005413839485791269,0.0,-0.3694995990613197,-0.03156483261366496,0.0,-0.031707541027945485,0.031564832624043235,0.0,0.02938503049801028,0.0003428938624164107,0.0,173.062106145
1508285254.9548078,1.6110450608008482,0.002909284962557059,0.0,-1.6574323036823846,0.012976629266618682,0.0,0.017834334038930866,0.02058885053018278,0.0,0.2662308878530413,0.0003288429107123038,0.0,-0.36942052788668645,0.00024279460467918748,0.0,-0.03178661220257875,-0.00014157616490897187,0.0,0.029487775359891433,0.006211675945034719,0.0,173.082103442
1508285254.974808,1.6110450608008482,0.0028996537812192814,0.0,-1.657459453784825,0.002088868547954852,0.0,0.017788721931414342,-0.0020414111013002012,0.0,0.26614566669815876,-0.02564359498079997,0.0,-0.369578670235953,0.0007512780120725559,0.0,-0.03162846985331219,0.0012605264273731574,0.0,0.02938503049801028,-0.042410882002404164,0.0,173.102103613
1508285254.994811,1.6110450608008482,-2.2365440971983128e-05,0.0,-1.657459453784825,-0.001735977103832276,0.0,0.017788721931414342,0.004375904610898437,0.0,0.2662308878530413,0.001354781393012713,0.0,-0.3694995990613197,0.0450739835664153,0.0,-0.031707541027945485,0.030404292914131634,0.0,0.029487775359891433,-0.0003411292476888081,0.0,173.122106725
1508285255.0148113,1.6110450608008482,-0.014026199897076274,0.0,-1.657459453784825,-0.019557272989000105,0.0,0.017788721931414342,0.0036384923997476175,0.0,0.26614566669815876,-0.027349309213433953,0.0,-0.3694995990613197,0.026854247952219804,0.0,-0.031707541027945485,0.023821219150266776,0.0,0.02938503049801028,-0.04071149692898978,0.0,173.142107063
1508285255.0348113,1.6110450608008482,-4.488383967064403e-06,0.0,-1.657459453784825,-0.008671768654474181,0.0,0.017788721931414342,0.013092513598205123,0.0,0.26614566669815876,-0.03378160457766074,0.0,-0.36942052788668645,0.00758040408723504,0.0,-0.03178661220257875,0.005036847650850921,0.0,0.029487775359891433,0.0013105491176842337,0.0,173.162106903
1508285255.054809,1.6110450608008482,2.330296750508528e-05,0.0,-1.657459453784825,-0.00650401554488792,0.0,0.017788721931414342,-0.018266730020650924,0.0,0.26614566669815876,-0.042323625392595765,0.0,-0.3694995990613197,-0.0014151987218848194,0.0,-0.031707541027945485,0.001318330576554965,0.0,0.02938503049801028,0.00203993242067853,0.0,173.182104901
1508285255.0748093,1.6110450608008482,0.0006980356274713707,0.0,-1.657459453784825,0.0004473493663172265,0.0,0.017788721931414342,-0.006549269118490117,0.0,0.26614566669815876,0.006859156005418576,0.0,-0.3694995990613197,-0.006579470572031313,0.0,-0.031707541027945485,0.006073709128214813,0.0,0.029487775359891433,-0.0016344174048554562,0.0,173.202104934
1508285255.0948105,1.6110815841529407,0.00011754014385014542,0.0,-1.6574323036823846,0.008635462976141178,0.0,0.01774310982389804,-0.021809619350688446,0.0,0.2662308878530413,-0.0013512768232279437,0.0,-0.36942052788668645,0.03203382277304691,0.0,-0.03178661220257875,-0.03142393257206645,0.0,0.02938503049801028,0.0016312580685937921,0.0,173.222106254
1508285255.1148107,1.6110450608008482,-0.0005823648270727373,0.0,-1.657459453784825,-0.013451536703900946,0.0,0.017788721931414342,0.021199777072999693,0.0,0.2662308878530413,-4.3240858343294145e-07,0.0,-0.36942052788668645,0.04055597884146,0.0,-0.03178661220257875,-0.03803404115324809,0.0,0.029487775359891433,0.050981572706424526,0.0,173.242106392
1508285255.134813,1.6110450608008482,2.2637907423867882e-05,0.0,-1.657459453784825,-0.010967525916855724,0.0,0.017788721931414342,0.018424969843927618,0.0,0.26614566669815876,-0.02596557855900023,0.0,-0.3694995990613197,-0.00019017306761237853,0.0,-0.031707541027945485,-0.00031414858484365803,0.0,0.029487775359891433,0.03164927858383053,0.0,173.26210883
1508285255.1548095,1.6110450608008482,-0.014092606306800252,0.0,-1.657459453784825,-0.002049490152372402,0.0,0.017788721931414342,0.003793249409470481,0.0,0.26614566669815876,-8.308985138880064e-06,0.0,-0.3693414567120531,0.038137738904369334,0.0,-0.031865683377212045,-0.0381379002872714,0.0,0.02938503049801028,-0.001567920025382605,0.0,173.282105223
1508285255.17481,1.6110450608008482,0.0033856884496570295,0.0,-1.6574051535799441,0.021753901772787965,0.0,0.017788721931414564,-2.7938319338794688e-05,0.0,0.26614566669815876,-0.0013615298325293241,0.0,-0.3694995990613197,0.03824610869514335,0.0,-0.03186568337721202,-0.03824610874679928,0.0,0.02938503049801028,-0.03942368585663929,0.0,173.302105681
1508285255.1948118,1.6110450608008482,1.0834203038902479e-06,0.0,-1.657459453784825,-0.000531618044928677,0.0,0.017788721931414342,0.0008465680005505625,0.0,0.26614566669815876,-0.042473685219004555,0.0,-0.3694995990613197,-0.027884752108488328,0.0,-0.031707541027945485,0.025353989402014856,0.0,0.02938503049801028,0.001959955056127564,0.0,173.322107637
1508285255.2148118,1.6110450608008482,-9.350291956998189e-05,0.0,-1.657459453784825,-0.013062634368927928,0.0,0.017788721931414342,-0.02188655491804234,0.0,0.2662308878530413,0.04093377145778077,0.0,-0.3695786702359529,-0.026053828379362324,0.0,-0.03178661220257875,-0.02664303200560786,0.0,0.02938503049801028,0.006580693087477998,0.0,173.342107615
1508285255.2348125,1.6110450608008482,-0.0006779469158388361,0.0,-1.657459453784825,-0.01314425029606119,0.0,0.017788721931414342,-0.014485057269568353,0.0,0.26614566669815876,6.76898570317108e-05,0.0,-0.36942052788668645,-0.009534804109779093,0.0,-0.03178661220257875,0.06335876232129371,0.0,0.029487775359891433,0.04281597673542595,0.0,173.362108214
1508285255.2548115,1.6110450608008482,0.003472076348424537,0.0,-1.6574323036823846,0.009597316862175345,0.0,0.01774310982389804,-0.014620236727924936,0.0,0.26614566669815876,-0.033776276672732974,0.0,-0.36942052788668645,0.031386223211172765,0.0,-0.03178661220257875,-0.031368999544556096,0.0,0.02938503049801028,-0.03946121605415967,0.0,173.382107329
1508285255.2748115,1.6110450608008482,0.0005609656852965532,0.0,-1.657459453784825,0.0004365740041758137,0.0,0.017788721931414342,0.0007236053025196737,0.0,0.2662308878530413,0.03508427255897309,0.0,-0.36942052788668645,-0.00626866226815129,0.0,-0.03178661220257875,0.006369597436492074,0.0,0.029487775359891433,0.001562315081750628,0.0,173.402107349
1508285255.2948172,1.6110450608008482,-0.00011398167721257007,0.0,-1.657459453784825,-0.010585571034547773,0.0,0.017788721931414342,0.01778420041300937,0.0,0.2662308878530413,0.031607607251334366,0.0,-0.36942052788668645,0.05584248343856982,0.0,-0.03178661220257875,-0.006306815259653885,0.0,0.02938503049801028,-0.04044605240112132,0.0,173.422113047
1508285255.3148127,1.6110450608008482,-0.0030388048710358337,0.0,-1.6574323036823846,0.011299130992906279,0.0,0.01774310982389804,-0.010226091756837832,0.0,0.26614566669815876,-0.028703418824022654,0.0,-0.36942052788668645,0.0013320403436538973,0.0,-0.03178661220257875,-0.0013161889298371054,0.0,0.02938503049801028,-0.04745868371888354,0.0,173.442108352
1508285255.3348157,1.6110450608008482,-9.724175587314656e-07,0.0,-1.657459453784825,-0.002262653514779434,0.0,0.017788721931414342,-0.0035190082572903792,0.0,0.26614566669815876,0.0013534774966205733,0.0,-0.3693414567120531,0.03046277599934965,0.0,-0.031865683377212045,-0.030361576615461655,0.0,0.029487775359891433,-0.00126388691501888,0.0,173.462111459
1508285255.3548133,1.6110815841529407,0.011672643763939176,0.0,-1.6574051535799441,0.020089324921760826,0.0,0.017788721931414564,-0.003078752032381429,0.0,0.26614566669815876,-0.03977418172098746,0.0,-0.36942052788668645,0.013872624214226142,0.0,-0.03178661220257875,0.001357242256900582,0.0,0.02938503049801028,-0.03944141973217601,0.0,173.482109104
1508285255.3748124,1.6110450608008482,-0.0006052553822315742,0.0,-1.657459453784825,0.0016410687279124262,0.0,0.017788721931414342,-0.002747176754041443,0.0,0.26614566669815876,-1.2727738150715976e-05,0.0,-0.36942052788668645,-0.001061669937185702,0.0,-0.03178661220257875,0.0014699250473078113,0.0,0.02938503049801028,-0.03402549838375469,0.0,173.502108016
1508285255.3948143,1.6110450608008482,0.002343331494173137,0.0,-1.6574323036823846,-0.009972980614783324,0.0,0.017834334038930866,0.0185042718738704,0.0,0.2662308878530413,0.0329402683589461,0.0,-0.36942052788668645,-0.0002025655880601268,0.0,-0.03178661220257875,0.0027304450470271796,0.0,0.029487775359891433,0.042330565347173,0.0,173.522109883
1508285255.4148142,1.6110450608008482,0.002337924474267746,0.0,-1.657459453784825,1.4136392587139933e-05,0.0,0.017788721931414342,-2.318920570663704e-05,0.0,0.26614566669815876,0.0013712582051548918,0.0,-0.36942052788668645,-0.00763543465133695,0.0,-0.03178661220257875,-0.007634496087936404,0.0,0.02938503049801028,-0.009842258441336559,0.0,173.542109891
1508285255.4348161,1.6110450608008482,0.000117450465002014,0.0,-1.6574323036823846,0.008253851951298387,0.0,0.017834334038930866,0.021455519701240346,0.0,0.26614566669815876,0.0010937243165419115,0.0,-0.36942052788668645,0.03739401698363955,0.0,-0.03178661220257875,-0.024748106592424726,0.0,0.02938503049801028,-0.04143230178142537,0.0,173.562111948
1508285255.4548142,1.6110815841529407,-9.340197117396365e-05,0.0,-1.6574323036823846,0.010762472355412145,0.0,0.01774310982389804,-0.01655799695488627,0.0,0.26614566669815876,-0.0340459346429012,0.0,-0.36942052788668645,-0.00099514275364559,0.0,-0.03178661220257875,0.0014037730865740753,0.0,0.02938503049801028,-0.04079749558377966,0.0,173.582109844
1508285255.4748137,1.6110450608008482,-0.0029238527067127766,0.0,-1.6574323036823846,0.011394127148632626,0.0,0.01774310982389804,-0.018909460167727318,0.0,0.2662308878530413,0.00020598694904556532,0.0,-0.36942052788668645,0.012357192583721163,0.0,-0.03178661220257875,-0.0003018911404789404,0.0,0.029487775359891433,0.04099249426049557,0.0,173.602109513
1508285255.4948175,1.6110450608008482,-0.0029226672676237373,0.0,-1.6574323036823846,-0.00036108270349498724,0.0,0.017834334038930866,0.03593196589015935,0.0,0.2662308878530413,0.033817782707529394,0.0,-0.3694995990613197,-0.025301409741014417,0.0,-0.03186568337721202,-0.03542609806306665,0.0,0.029487775359891433,-0.008535483707702803,0.0,173.622113174
1508285255.5148134,1.6110815841529407,0.014492637047677762,0.0,-1.6574323036823846,0.01096488969277719,0.0,0.017834334038930866,0.018082646460159404,0.0,0.26614566669815876,-0.03298988366872142,0.0,-0.3694995990613197,-0.007351839492106195,0.0,-0.031707541027945485,0.00470249951938655,0.0,0.029487775359891433,0.041098192361720576,0.0,173.642109184
1508285255.5348155,1.6110450608008482,0.002823017027270353,0.0,-1.657459453784825,-3.1200367952465235e-05,0.0,0.017788721931414342,0.0002970999581754438,0.0,0.2662308878530413,0.03541622692046094,0.0,-0.3695786702359529,0.000250151656177289,0.0,-0.03178661220257875,0.0002540090446610553,0.0,0.02938503049801028,-0.031223651858344262,0.0,173.662111207
1508285255.5548146,1.6110450608008482,-0.00011617524302503227,0.0,-1.657459453784825,-9.984117744788864e-09,0.0,0.017788721931414342,9.507198661614191e-08,0.0,0.2662308878530413,-0.0012979594729220431,0.0,-0.36942052788668645,0.033099119255884255,0.0,-0.03178661220257875,0.03259218218552801,0.0,0.029487775359891433,0.04273496909657265,0.0,173.68211037
1508285255.574815,1.6110450608008482,-0.002924208815779679,0.0,-1.6574323036823846,0.0009744685899010674,0.0,0.01774310982389804,0.00011686241537790791,0.0,0.2662308878530413,0.03363774901635983,0.0,-0.36942052788668645,-0.024970433135526125,0.0,-0.03178661220257875,0.03805799123194986,0.0,0.02938503049801028,0.008239744102877809,0.0,173.702110659
1508285255.5948167,1.6110450608008482,-0.0007260331959269042,0.0,-1.6574323036823846,0.0026078431820260404,0.0,0.017834334038930866,0.03183653090926016,0.0,0.2662308878530413,-0.001407783336950939,0.0,-0.3693414567120531,0.03923196194206018,0.0,-0.031865683377212045,-0.02657094218871744,0.0,0.029487775359891433,-0.0065758639022150175,0.0,173.722112362
1508285255.6148162,1.6110450608008482,-0.011604375823939644,0.0,-1.6574051535799441,0.02136581761727449,0.0,0.017788721931414564,0.0007403825182398574,0.0,0.26614566669815876,-0.04108312037176055,0.0,-0.36942052788668645,-0.006011795494508932,0.0,-0.03178661220257875,-0.00613386613861769,0.0,0.029487775359891433,0.04156896117430214,0.0,173.742111954
1508285255.634819,1.6110450608008482,-3.713400263660681e-06,0.0,-1.6574323036823846,0.010876005132111068,0.0,0.01774310982389804,-0.018201489136210103,0.0,0.26614566669815876,-0.0395254915960825,0.0,-0.3694995990613197,0.018655824564416036,0.0,-0.031707541027945485,-0.03180840170658546,0.0,0.02938503049801028,0.00822761105337661,0.0,173.762114791
1508285255.654816,1.6110450608008482,-1.1882880843714167e-09,0.0,-1.657459453784825,-1.3897003415082522e-05,0.0,0.017788721931414342,2.33693882362113e-05,0.0,0.26614566669815876,-0.034050827498662756,0.0,-0.3694995990613197,0.0062800051073648,0.0,-0.03186568337721202,0.006263856554960282,0.0,0.02938503049801028,0.010191901105082196,0.0,173.782111674
1508285255.6748161,1.6110450608008482,-3.8025218699885287e-13,0.0,-1.657459453784825,-0.0013051560613318786,0.0,0.017788721931414342,0.003646632114930288,0.0,0.2662308878530413,0.035569010270566644,0.0,-0.3694995990613197,0.0012622819457240603,0.0,-0.03186568337721202,-0.0012582679099912317,0.0,0.02938503049801028,-0.03928928174966863,0.0,173.802111829
1508285255.6948154,1.6110815841529407,-1.2168069983963277e-16,0.0,-1.657459453784825,0.0005212650245017888,0.0,0.017788721931414342,0.0005851309266984557,0.0,0.26614566669815876,0.00033917615570374667,0.0,-0.36942052788668645,-0.0007077919527222749,0.0,-0.03178661220257875,0.011426157725900643,0.0,0.029487775359891433,0.03931426207379999,0.0,173.822111121
1508285255.7148173,1.6110815841529407,-3.8937823948682444e-20,0.0,-1.657459453784825,1.7498671939959407e-05,0.0,0.017788721931414342,-2.8930253656986826e-05,0.0,0.2662308878530413,1.0853636982519878e-07,0.0,-0.3694995990613197,-0.03179500043220942,0.0,-0.03186568337721202,-0.031184794699275206,0.0,0.029487775359891433,0.04099828271228583,0.0,173.842112951
1508285255.734818,1.6110450608008482,-1.2460103663578366e-23,0.0,-1.6574323036823846,0.008634805479334528,0.0,0.017834334038930866,0.021800552241794457,0.0,0.2662308878530413,0.001686720940403627,0.0,-0.3695786702359529,-0.024351242184701704,0.0,-0.03178661220257875,-0.03689460810050565,0.0,0.02938503049801028,-0.04968551734592886,0.0,173.862113786
1508285255.7548182,1.6110450608008482,-0.014588856785205582,0.0,-1.6574323036823846,0.01067407268340769,0.0,0.01774310982389804,-0.018270444288192165,0.0,0.26614566669815876,-0.0013627725002964396,0.0,-0.36942052788668645,0.024289068683186057,0.0,-0.03178661220257875,0.03956653114804906,0.0,0.029487775359891433,0.03129257876434892,0.0,173.882113983
1508285255.7748168,1.6110450608008482,-0.0006121519905849835,0.0,-1.6574323036823846,0.001221173762463911,0.0,0.01774310982389804,-0.03984688165076298,0.0,0.2662308878530413,0.026033926919386864,0.0,-0.36942052788668645,0.0013229430880296214,0.0,-0.03178661220257875,0.0012264442150724034,0.0,0.02938503049801028,-0.04098113653886367,0.0,173.902112579
1508285255.794819,1.6110450608008482,-0.00011687044145850999,0.0,-1.657459453784825,-0.012217309971035395,0.0,0.017788721931414342,0.021970218184229392,0.0,0.26614566669815876,0.00028057147986466013,0.0,-0.3693414567120531,0.06409198671310636,0.0,-0.03170754102794546,0.0015161091364148214,0.0,0.029487775359891433,-0.0015889155071659971,0.0,173.922114864
1508285255.8148177,1.6110450608008482,-3.7398541266723157e-08,0.0,-1.657459453784825,-0.002247564843897066,0.0,0.017788721931414342,-0.0038208323845210623,0.0,0.2662308878530413,8.978287355669114e-08,0.0,-0.36942052788668645,0.0013258504916927236,0.0,-0.03178661220257875,-0.001304855901020014,0.0,0.02938503049801028,-0.0415578389435616,0.0,173.942113375
1508285255.834821,1.6110450608008482,-0.01518743866125323,0.0,-1.6574323036823846,0.012677738270408174,0.0,0.017834334038930866,0.01516959011537501,0.0,0.26614566669815876,-0.0013667331276642615,0.0,-0.3693414567120531,-0.0015213295505659822,0.0,-0.031865683377212045,0.0015213362688355318,0.0,0.029487775359891433,0.03941537059002777,0.0,173.962116675
1508285255.8548179,1.6110450608008482,-2.8194890935905585e-05,0.0,-1.657459453784825,0.0004552673396217317,0.0,0.017788721931414342,0.0007046032710467364,0.0,0.26614566669815876,-4.3735460085256317e-07,0.0,-0.3694995990613197,-0.0327428147471386,0.0,-0.031707541027945485,0.03031670560566387,0.0,0.029487775359891433,0.04268918988900958,0.0,173.982113613
1508285255.874819,1.6110815841529407,0.014547953159485223,0.0,-1.6574323036823846,0.010484986981281415,0.0,0.01774310982389804,-0.017614282962816568,0.0,0.2662308878530413,0.03367371522320566,0.0,-0.36942052788668645,-6.107485642174012e-05,0.0,-0.03178661220257875,-0.012705279353553024,0.0,0.029487775359891433,-0.0012992974800437264,0.0,174.002114807
1508285255.8948205,1.6110450608008482,-0.002920214187683644,0.0,-1.6574323036823846,0.010894530408412716,0.0,0.017834334038930866,0.019751205117126306,0.0,0.26614566669815876,0.007054678052547494,0.0,-0.36942052788668645,-1.9543954054956816e-08,0.0,-0.03178661220257875,0.0025263953047823377,0.0,0.029487775359891433,-4.15775193613992e-07,0.0,174.022116062
1508285255.9148183,1.6110450608008482,0.0006044046898904598,0.0,-1.657459453784825,-0.02350816259697038,0.0,0.017788721931414342,0.004207110053413894,0.0,0.26614566669815876,-0.007900938273102493,0.0,-0.3695786702359529,-0.050559486598024,0.0,-0.03178661220257875,-0.012648480480284451,0.0,0.029487775359891433,0.04296529731795221,0.0,174.04211408
1508285255.9348207,1.6110450608008482,1.934095007649469e-07,0.0,-1.657459453784825,-0.01043344544243267,0.0,0.017788721931414342,0.010223622556014523,0.0,0.26614566669815876,0.0011424784824375965,0.0,-0.3694995990613197,-0.00021842904050025486,0.0,-0.031707541027945485,-0.012343888464708089,0.0,0.02938503049801028,0.008293788014047261,0.0,174.062116443
1508285255.954821,1.6110450608008482,6.189104024478294e-11,0.0,-1.657459453784825,-0.002174986535990915,0.0,0.017788721931414342,0.0036516347535741557,0.0,0.26614566669815876,-0.032600522123067625,0.0,-0.36942052788668645,0.030147282762578817,0.0,-0.03178661220257875,0.03267175363631653,0.0,0.02938503049801028,-0.006572905109642324,0.0,174.082116926
1508285255.9748194,1.6110815841529407,0.014554873327799747,0.0,-1.657459453784825,-0.008977444167648283,0.0,0.017788721931414342,-0.022437540875264093,0.0,0.26614566669815876,-0.03391719266709608,0.0,-0.369578670235953,-0.03656438711421207,0.0,-0.03162846985331219,0.026457521723425054,0.0,0.02938503049801028,-0.008223268183195619,0.0,174.102115041
1508285255.9948213,1.6110450608008482,4.657559464895914e-06,0.0,-1.6574323036823846,-0.0025033824830739118,0.0,0.01774310982389804,0.004193670336375986,0.0,0.26614566669815876,-0.03517144610347851,0.0,-0.36942052788668645,-1.170060387654785e-05,0.0,-0.03178661220257875,8.466406951496008e-06,0.0,0.02938503049801028,-0.04113788357970015,0.0,174.122116969
1508285256.0148196,1.6110450608008482,-0.014434238885004223,0.0,-1.657459453784825,-0.013320928390320286,0.0,0.017788721931414342,0.0209761049680758,0.0,0.26614566669815876,-0.00033907610801049237,0.0,-0.36942052788668645,-0.00020320212168634198,0.0,-0.03178661220257875,0.00020320108674339726,0.0,0.02938503049801028,-0.04101375877666717,0.0,174.142115464
1508285256.0348215,1.6110815841529407,0.017531345262966933,0.0,-1.657459453784825,-0.00033656077122688283,0.0,0.017788721931414342,-0.0009017151280231962,0.0,0.2662308878530413,0.005447906790418583,0.0,-0.36942052788668645,0.018985936138379636,0.0,-0.03178661220257875,-0.03163824110959041,0.0,0.029487775359891433,0.007943600212991132,0.0,174.162117318
1508285256.0548203,1.6110450608008482,-0.011099477922507527,0.0,-1.657459453784825,-0.012861406893104246,0.0,0.017788721931414342,-0.014599396458275717,0.0,0.26614566669815876,-0.035458193358317944,0.0,-0.3693414567120531,0.000560344128213786,0.0,-0.031865683377212045,-6.058306710674755e-05,0.0,0.029487775359891433,0.03288818147656943,0.0,174.182116141
1508285256.074821,1.6110450608008482,-3.5518329352024046e-06,0.0,-1.6574323036823846,0.010099806186906273,0.0,0.01774310982389804,-0.01814730349648845,0.0,0.2662308878530413,0.03546746393756532,0.0,-0.36942052788668645,-0.0012649003667867546,0.0,-0.03178661220257875,0.0012650602903254207,0.0,0.02938503049801028,-0.032961334419671695,0.0,174.202116653
1508285256.0948226,1.6110450608008482,-0.015209275269288385,0.0,-1.657459453784825,-0.01250448660131084,0.0,0.017788721931414342,0.02251768998979253,0.0,0.2662308878530413,0.03436112934236053,0.0,-0.36942052788668645,-0.006270739381966787,0.0,-0.03178661220257875,0.006270739433137919,0.0,0.02938503049801028,-0.009465164942146302,0.0,174.222118264
1508285256.1148252,1.6110450608008482,-0.014608302790286732,0.0,-1.6574323036823846,0.012945268180528758,0.0,0.01774310982389804,-0.02203940554677549,0.0,0.2662308878530413,-0.0002616668888099183,0.0,-0.36942052788668645,0.00025097914193363213,0.0,-0.03178661220257875,-0.00025097914191707984,0.0,0.029487775359891433,-0.008254693480212339,0.0,174.242121061
1508285256.1348228,1.6110450608008482,-4.67465689289175e-06,0.0,-1.6574323036823846,0.002508564410740653,0.0,0.01774310982389804,0.003083990703751822,0.0,0.2662308878530413,0.03419684817842269,0.0,-0.3694995990613197,0.0052565457204282046,0.0,-0.031707541027945485,-0.005256545720427825,0.0,0.02938503049801028,0.00815125225748983,0.0,174.262118601
1508285256.1548216,1.6110450608008482,-1.495890205725358e-09,0.0,-1.6574323036823846,0.012917977689811342,0.0,0.01774310982389804,-0.021992402783361426,0.0,0.2662308878530413,0.001372470165071175,0.0,-0.36942052788668645,5.2388035431131804e-05,0.0,-0.03178661220257875,4.9023846170075666e-05,0.0,0.02938503049801028,-0.04723871078905749,0.0,174.28211735
1508285256.174822,1.6110450608008482,-0.01445915189238813,0.0,-1.657459453784825,-0.019839148891014787,0.0,0.017788721931414342,0.00451527714232595,0.0,0.26614566669815876,-0.035421679364222004,0.0,-0.3694995990613197,-0.00511835785446142,0.0,-0.031707541027945485,0.005118390306265329,0.0,0.02938503049801028,-0.047931121369105115,0.0,174.302117726
1508285256.194824,1.6110815841529407,0.011711588838570191,0.0,-1.6574323036823846,1.1020514607153564e-05,0.0,0.01774310982389804,-0.0365331223009615,0.0,0.2662308878530413,-0.0068311475929343085,0.0,-0.36942052788668645,0.00785054486187442,0.0,-0.03178661220257875,-0.007850544851492598,0.0,0.029487775359891433,0.04281813341807819,0.0,174.322119653
1508285256.214827,1.6110815841529407,2.701616143319011e-05,0.0,-1.657459453784825,-0.0025860845419730326,0.0,0.017788721931414342,-0.002894876871418902,0.0,0.2662308878530413,0.02740712653613739,0.0,-0.36942052788668645,0.0010162972245858074,0.0,-0.03178661220257875,-0.001016297224582841,0.0,0.029487775359891433,0.03915954563103402,0.0,174.342122766
1508285256.2348266,1.6110815841529407,0.01519461548059851,0.0,-1.6574323036823846,0.01358763517172948,0.0,0.017834334038930866,0.014012876890596066,0.0,0.26614566669815876,-0.0016272045369651398,0.0,-0.3694995990613197,-0.03289521535644972,0.0,-0.03186568337721202,-0.030366309497904753,0.0,0.029487775359891433,0.04933265963781683,0.0,174.362122359
1508285256.2548242,1.6110450608008482,0.002319734458408067,0.0,-1.6574323036823846,-0.0003601090075603791,0.0,0.01774310982389804,0.0005586259873929638,0.0,0.26614566669815876,0.00027312019851630324,0.0,-0.3693414567120531,0.032791171143542366,0.0,-0.031865683377212045,-0.032811414831472735,0.0,0.02938503049801028,-0.033990085419076374,0.0,174.382119877
1508285256.274824,1.6110450608008482,2.4116168104751274e-05,0.0,-1.6574323036823846,0.0025178807764272455,0.0,0.01774310982389804,-0.004522022005034738,0.0,0.2662308878530413,-5.445159205199711e-05,0.0,-0.3693414567120531,-0.006314151288626167,0.0,-0.031865683377212045,-0.006335144116135952,0.0,0.029487775359891433,0.04152535729081744,0.0,174.40211956
1508285256.2948272,1.6110450608008482,7.717173793520398e-09,0.0,-1.6574323036823846,-0.012468862002215097,0.0,0.01774310982389804,-0.02095045916116813,0.0,0.2662308878530413,0.04106705025557735,0.0,-0.3693414567120531,0.032756454809938815,0.0,-0.031865683377212045,-0.03019331501561065,0.0,0.02938503049801028,1.3288114333061567e-05,0.0,174.422122907
1508285256.314824,1.6110450608008482,2.3376642129945202e-05,0.0,-1.6574323036823846,0.009983539795420765,0.0,0.01774310982389804,-0.018284239016016463,0.0,0.26614566669815876,-0.006798548506917219,0.0,-0.36942052788668645,0.007882467287019723,0.0,-0.03178661220257875,-0.005385116052041535,0.0,0.02938503049801028,-0.008212348013979234,0.0,174.442119913
1508285256.3348277,1.6110815841529407,0.014612149297612296,0.0,-1.6574323036823846,0.004433946585026327,0.0,0.01774310982389804,-0.0001519073429669391,0.0,0.2662308878530413,0.00021613005689119375,0.0,-0.3693414567120531,0.006074723746525029,0.0,-0.031865683377212045,-0.006073924594125574,0.0,0.029487775359891433,0.05096545872220986,0.0,174.46212344
