left_wam/base_yaw_joint_pos,left_wam/base_yaw_joint_vel,left_wam/base_yaw_joint_eff,left_wam/shoulder_pitch_joint_pos,left_wam/shoulder_pitch_joint_vel,left_wam/shoulder_pitch_joint_eff,left_wam/shoulder_yaw_joint_pos,left_wam/shoulder_yaw_joint_vel,left_wam/shoulder_yaw_joint_eff,left_wam/elbow_pitch_joint_pos,left_wam/elbow_pitch_joint_vel,left_wam/elbow_pitch_joint_eff,left_wam/wrist_yaw_joint_pos,left_wam/wrist_yaw_joint_vel,left_wam/wrist_yaw_joint_eff,left_wam/wrist_pitch_joint_pos,left_wam/wrist_pitch_joint_vel,left_wam/wrist_pitch_joint_eff,left_wam/palm_yaw_joint_pos,left_wam/palm_yaw_joint_vel,left_wam/palm_yaw_joint_eff,header_from_controller_start
1508285161.653676,1.6110450608008482,-0.015332863316998594,0.0,-1.6574323036823846,0.013129592841053089,0.0,0.01774310982389804,-0.02205766556293353,0.0,0.2662308878530413,-0.0010792790151347058,0.0,-0.36918331436278656,2.0294496762823087e-06,0.0,-0.03186568337721202,2.029449679595566e-06,0.0,0.029487775359891433,0.04115719065101631,0.0,79.780971742
1508285161.673676,1.6110815841529407,0.014549966811518503,0.0,-1.6574323036823846,-0.00010012060254391446,0.0,0.01774310982389804,-0.03618544037595608,0.0,0.26614566669815876,0.00021817488335800243,0.0,-0.36918331436278656,6.494238964103381e-10,0.0,-0.03186568337721202,6.494238974705805e-10,0.0,0.02938503049801028,-0.04053676156001715,0.0,79.800971632
1508285161.6936753,1.6110450608008482,2.799645521373557e-05,0.0,-1.6574323036823846,0.0005036784715295657,0.0,0.01774310982389804,-0.04447179659964192,0.0,0.26614566669815876,-0.034141512869613616,0.0,-0.36926238553741986,2.0781564685130792e-13,0.0,-0.03178661220257875,2.078156471905855e-13,0.0,0.029487775359891433,0.04740027758529184,0.0,79.820971043
1508285161.713683,1.6110450608008482,8.958865668395372e-09,0.0,-1.6574323036823846,0.015223489014110466,0.0,0.01774310982389804,-0.018295267286796174,0.0,0.2662308878530413,0.02705644165909831,0.0,-0.36910424318815327,0.031691213000394076,0.0,-0.03194475455184531,-0.03169121300039394,0.0,0.029487775359891433,0.05098255375686797,0.0,79.840978613
1508285161.7336736,1.6110450608008482,0.002923822820948838,0.0,-1.657459453784825,-0.002168589693421239,0.0,0.017788721931414342,0.0036455551769576417,0.0,0.2662308878530413,0.0016373719269465764,0.0,-0.36918331436278656,1.0141188160126093e-05,0.0,-0.03186568337721202,-1.014118816012605e-05,0.0,0.02938503049801028,-0.0407368240946844,0.0,79.860969296
1508285161.753676,1.6110450608008482,-0.00011593364208759989,0.0,-1.6574323036823846,-8.7570216779806e-05,0.0,0.01774310982389804,0.00014711850136933958,0.0,0.2662308878530413,0.006794411928764739,0.0,-0.36910424318815327,0.025430051942485273,0.0,-0.03194475455184531,-0.025430051942485273,0.0,0.029487775359891433,0.04089281947661968,0.0,79.880971605
1508285161.7736812,1.6110450608008482,-3.709876546803192e-08,0.0,-1.6574323036823846,-0.010748508635031642,0.0,0.01774310982389804,-0.019869341293391702,0.0,0.2662308878530413,0.03548769612998896,0.0,-0.36918331436278656,8.137616621595278e-06,0.0,-0.03186568337721202,-8.137616621595278e-06,0.0,0.029487775359891433,0.04108463063123669,0.0,79.900976989
1508285161.7936764,1.6110450608008482,-0.014572179966676254,0.0,-1.6574323036823846,-0.0009754999133747104,0.0,0.01774310982389804,-0.03651999263694448,0.0,0.26614566669815876,0.00028401851296107014,0.0,-0.36918331436278656,0.0012637265156319772,0.0,-0.03186568337721202,-0.0012637265156319772,0.0,0.02938503049801028,0.008492436084759612,0.0,79.920972005
1508285161.8136744,1.6110450608008482,-4.6630975893363965e-06,0.0,-1.6574323036823846,0.002083662453136805,0.0,0.017834334038930866,0.033036216971675296,0.0,0.26614566669815876,-0.0341437592211443,0.0,-0.36918331436278656,4.0439248500223225e-07,0.0,-0.03186568337721202,-4.0439248500223225e-07,0.0,0.02938503049801028,0.009533195629383963,0.0,79.940970224
1508285161.8336754,1.6110450608008482,-1.4921912285876452e-09,0.0,-1.657459453784825,-0.01086145634870174,0.0,0.017788721931414342,0.01825891259375238,0.0,0.26614566669815876,-0.0354685861668272,0.0,-0.36918331436278656,0.0062590789299224485,0.0,-0.03186568337721202,-0.0062590789299224485,0.0,0.029487775359891433,0.032910193603030456,0.0,79.960971164
1508285161.8536782,1.6110450608008482,-4.775011931480459e-13,0.0,-1.6574323036823846,-0.0020765619049524383,0.0,0.01774310982389804,-0.0037089563932592197,0.0,0.26614566669815876,-0.035349813110002536,0.0,-0.36918331436278656,2.0029052575751814e-06,0.0,-0.03186568337721202,-2.0029052575751814e-06,0.0,0.02938503049801028,0.008248862371235998,0.0,79.980973863
1508285161.8736777,1.6110450608008482,-1.528003818073745e-16,0.0,-1.657459453784825,-0.013361206409764938,0.0,0.017788721931414342,0.013682502114268897,0.0,0.2662308878530413,0.041817151936234906,0.0,-0.36918331436278656,6.409296824240573e-10,0.0,-0.03186568337721202,-6.409296824240573e-10,0.0,0.029487775359891433,0.030760644326592833,0.0,80.000973414
1508285161.8936758,1.6110450608008482,0.0005839982531327474,0.0,-1.657459453784825,0.0018191014202354218,0.0,0.017788721931414342,-0.0030588906325004373,0.0,0.26614566669815876,-0.00020436789292333987,0.0,-0.36918331436278656,-0.002528652229857314,0.0,-0.03186568337721202,-2.050974983756981e-13,0.0,0.02938503049801028,-0.008599555987494798,0.0,80.020971499
1508285161.9136758,1.6110450608008482,1.8687944100247892e-07,0.0,-1.6574323036823846,0.0027120781395202835,0.0,0.01774310982389804,-0.04116944241675912,0.0,0.26614566669815876,0.00551280062599244,0.0,-0.36918331436278656,-8.091687135543397e-07,0.0,-0.03186568337721202,-6.563119948022332e-17,0.0,0.029487775359891433,0.03307693153572416,0.0,80.040971529
1508285161.9336805,1.6110450608008482,5.980142112079319e-11,0.0,-1.6574323036823846,0.010467368863566402,0.0,0.01774310982389804,-0.017538656776782596,0.0,0.26614566669815876,-0.00790239466784966,0.0,-0.36918331436278656,0.03174545740500384,0.0,-0.03186568337721202,-0.03174545766392668,0.0,0.029487775359891433,0.04126054300257172,0.0,80.060976286
1508285161.9536781,1.6110450608008482,1.9136454758653798e-14,0.0,-1.6574323036823846,0.008694803245691928,0.0,0.01774310982389804,-0.014607233890508936,0.0,0.26614566669815876,-0.0013689353826917435,0.0,-0.36918331436278656,0.007569607426437577,0.0,-0.03186568337721202,-0.007569607426517779,0.0,0.02938503049801028,-5.2731036592332355e-05,0.0,80.080973953
1508285161.9737294,1.6110450608008482,6.123665522769209e-18,0.0,-1.657459453784825,-0.01339273990483297,0.0,0.017788721931414342,0.02249977118670727,0.0,0.26614566669815876,0.001355279587455768,0.0,-0.36918331436278656,2.4222743764600218e-06,0.0,-0.03186568337721202,-2.422274376485687e-06,0.0,0.02938503049801028,-0.009860574577188414,0.0,80.101025036
1508285161.9936771,1.6110450608008482,1.9595729672861446e-21,0.0,-1.6574323036823846,0.008172512983194616,0.0,0.017834334038930866,0.013980024369308092,0.0,0.26614566669815876,0.007905873915780274,0.0,-0.36918331436278656,5.052566638974733e-05,0.0,-0.03186568337721202,5.052411613412864e-05,0.0,0.029487775359891433,0.008546325711207137,0.0,80.120972915
1508285162.0136795,1.6110450608008482,6.2706334953156555e-25,0.0,-1.6574323036823846,-0.0004475462670104464,0.0,0.01774310982389804,0.008000815307280822,0.0,0.2662308878530413,0.03423766335397943,0.0,-0.36918331436278656,1.616821324471913e-08,0.0,-0.03186568337721202,1.6167717162921148e-08,0.0,0.02938503049801028,0.001706292970296265,0.0,80.140975338
1508285162.0336788,1.6110450608008482,-0.014650571837406708,0.0,-1.6574323036823846,-0.00116446024603517,0.0,0.01774310982389804,0.003826212041544429,0.0,0.26614566669815876,-0.042462086048413505,0.0,-0.36918331436278656,5.173828238310116e-12,0.0,-0.03186568337721202,5.173669492134761e-12,0.0,0.029487775359891433,0.04252823634639222,0.0,80.160974468
1508285162.053684,1.6110450608008482,-4.68818298797014e-06,0.0,-1.657459453784825,0.00214512670343201,0.0,0.017788721931414342,-0.0033115141636079455,0.0,0.26614566669815876,-0.005442405016803975,0.0,-0.36918331436278656,1.6556250362592351e-15,0.0,-0.03186568337721202,1.6555742374831214e-15,0.0,0.029487775359891433,-0.006531515457795208,0.0,80.180979616
1508285162.0736806,1.6110450608008482,-1.500218556150443e-09,0.0,-1.6574323036823846,-0.0005210998675800086,0.0,0.01774310982389804,0.0008755400719111069,0.0,0.2662308878530413,-1.7415696053772703e-06,0.0,-0.36918331436278656,0.03151055050347965,0.0,-0.03186568337721202,-0.03151055050346859,0.0,0.02938503049801028,-0.042263413695641815,0.0,80.200976384
1508285162.0936787,1.6110450608008482,-4.800699379681413e-13,0.0,-1.657459453784825,-0.013038342237801015,0.0,0.017788721931414342,0.021904383974291616,0.0,0.2662308878530413,-0.005234055460494902,0.0,-0.36918331436278656,0.00026315964680787484,0.0,-0.03186568337721202,-0.00026315964680787127,0.0,0.02938503049801028,-0.039487075032428515,0.0,80.220974541
1508285162.1136808,1.6110450608008482,-0.00011686926539045714,0.0,-1.6574323036823846,-0.00016056403833257627,0.0,0.01774310982389804,-0.03668934303777845,0.0,0.2662308878530413,0.034252606923850425,0.0,-0.36918331436278656,0.033043728374301466,0.0,-0.03186568337721202,-0.033043728374289864,0.0,0.029487775359891433,0.03348782983638311,0.0,80.240976567
1508285162.1336803,1.6110450608008482,-3.739816492494624e-08,0.0,-1.657459453784825,-0.02127505041443568,0.0,0.017788721931414342,-0.0007708269262807597,0.0,0.26614566669815876,-0.001353001696891919,0.0,-0.36910424318815327,1.0573993079776458e-05,0.0,-0.03194475455184531,-1.0573993079772746e-05,0.0,0.029487775359891433,0.049343587290960625,0.0,80.260975985
1508285162.1536841,1.6110450608008482,-1.1967412775982784e-11,0.0,-1.6574323036823846,-0.010322021261807555,0.0,0.01774310982389804,-0.017679849411577263,0.0,0.26614566669815876,5.409952949688931e-05,0.0,-0.36918331436278656,-0.0003034288741037274,0.0,-0.03186568337721202,0.0003034288741037274,0.0,0.029487775359891433,0.04899580783151346,0.0,80.280979972
1508285162.173683,1.6110450608008482,0.000560899806145123,0.0,-1.657459453784825,-0.01123642593375812,0.0,0.017788721931414342,0.017056150697909635,0.0,0.26614566669815876,-0.005504529427023174,0.0,-0.36918331436278656,0.0012649825796671817,0.0,-0.03186568337721202,-0.0012649825796667376,0.0,0.02938503049801028,1.567865850608429e-05,0.0,80.300978712
1508285162.1936803,1.6110450608008482,1.7948793796643914e-07,0.0,-1.657459453784825,-0.013578375540684109,0.0,0.017788721931414342,0.015569208961056505,0.0,0.26614566669815876,-0.035846194035781404,0.0,-0.36918331436278656,4.0479442549349767e-07,0.0,-0.03186568337721202,-4.0479442549335553e-07,0.0,0.02938503049801028,0.006645018550684068,0.0,80.320975987
1508285162.213681,1.6110450608008482,5.743614014926047e-11,0.0,-1.6574323036823846,0.0137822335702609,0.0,0.01774310982389804,-0.014685368240785493,0.0,0.2662308878530413,0.001622329493889634,0.0,-0.36918331436278656,5.0651619378253554e-05,0.0,-0.03186568337721202,-5.0651619378253554e-05,0.0,0.02938503049801028,-0.008554360739337132,0.0,80.340976688
1508285162.2336814,1.6110450608008482,1.8379564847763334e-14,0.0,-1.6574323036823846,0.00298049726770335,0.0,0.01774310982389804,-0.003832015172414346,0.0,0.2662308878530413,0.03411585494198997,0.0,-0.36918331436278656,0.0012693324876202152,0.0,-0.03186568337721202,-0.0012693324876202152,0.0,0.029487775359891433,0.001646608606879216,0.0,80.360977114
1508285162.253684,1.6110450608008482,5.88146075128426e-18,0.0,-1.657459453784825,-0.006498257414732464,0.0,0.017788721931414342,0.018159474059788547,0.0,0.26614566669815876,-0.042217682109704946,0.0,-0.36918331436278656,5.0823067201605864e-05,0.0,-0.03186568337721202,-5.0823067201605864e-05,0.0,0.02938503049801028,0.0012552421967770373,0.0,80.38097966
1508285162.273684,1.6110450608008482,0.002927314783707323,0.0,-1.657459453784825,-0.013102573932570383,0.0,0.017788721931414342,0.0220146106122407,0.0,0.2662308878530413,0.0011327666132752573,0.0,-0.36918331436278656,1.6263381504513857e-08,0.0,-0.03186568337721202,-1.6263381504513857e-08,0.0,0.02938503049801028,-0.03468604731241158,0.0,80.400979853
1508285162.293681,1.6110450608008482,-0.014604239450415337,0.0,-1.6574051535799441,0.010400834104605865,0.0,0.017788721931414564,0.019005908182638306,0.0,0.26614566669815876,-0.008123978261579847,0.0,-0.36918331436278656,5.204282081444429e-12,0.0,-0.03186568337721202,-5.204282081444429e-12,0.0,0.029487775359891433,0.04271955857529038,0.0,80.420976594
1508285162.3136806,1.6110450608008482,-0.014526098417489622,0.0,-1.6574323036823846,-0.001821870746939429,0.0,0.01774310982389804,0.003072411892172801,0.0,0.2662308878530413,-0.008238846315608882,0.0,-0.36918331436278656,1.6653702660622152e-15,0.0,-0.03186568337721202,-1.6653702660622152e-15,0.0,0.02938503049801028,0.0004083254041886493,0.0,80.44097647
1508285162.3336835,1.6110450608008482,0.00011226272260123474,0.0,-1.657459453784825,-0.0025357344578996748,0.0,0.017788721931414342,-0.0030306120181504206,0.0,0.26614566669815876,-0.027090693372594538,0.0,-0.36926238553741986,-0.03302276353733026,0.0,-0.03178661220257875,0.03302276353731921,0.0,0.02938503049801028,-0.03410595998585603,0.0,80.460979109
1508285162.3536832,1.6110450608008482,3.5924071232395074e-08,0.0,-1.657459453784825,0.0017196388212100018,0.0,0.017788721931414342,-0.002891322133777277,0.0,0.26614566669815876,-0.03545823613304883,0.0,-0.36918331436278656,0.006309557423607515,0.0,-0.03186568337721202,-0.006309557423605301,0.0,0.029487775359891433,0.007872159898489363,0.0,80.480978979
1508285162.373684,1.6110450608008482,1.1495702794366409e-11,0.0,-1.6574323036823846,-0.00041641644693877523,0.0,0.01774310982389804,0.0006995778937389806,0.0,0.26614566669815876,-0.005691022456188662,0.0,-0.36918331436278656,0.0015200544001255684,0.0,-0.03186568337721202,-0.0015200544001255675,0.0,0.02938503049801028,-0.0020357184055500824,0.0,80.500979758
1508285162.3936872,1.6110450608008482,3.678624894197247e-15,0.0,-1.657459453784825,-0.012989189832155438,0.0,0.017788721931414342,0.01453463573037388,0.0,0.26614566669815876,-0.04099107197234335,0.0,-0.36926238553741986,4.864174080401814e-07,0.0,-0.03178661220257875,-4.864174080401811e-07,0.0,0.02938503049801028,-0.04088225324822976,0.0,80.520982922
1508285162.413686,1.6110450608008482,1.1771599661431179e-18,0.0,-1.6574323036823846,0.012995836648152584,0.0,0.01774310982389804,-0.02183530654999479,0.0,0.2662308878530413,-0.007920286145093802,0.0,-0.36918331436278656,0.02551537474121666,0.0,-0.03186568337721202,-0.0255153747412077,0.0,0.029487775359891433,-7.913516225779026e-05,0.0,80.540981689
1508285162.433686,1.6110450608008482,3.766911891657973e-22,0.0,-1.657459453784825,-0.010835413282866793,0.0,0.017788721931414342,0.025499324593237546,0.0,0.2662308878530413,-2.5344915664300142e-06,0.0,-0.36918331436278656,0.006585101741282029,0.0,-0.03186568337721202,-0.006585101741279717,0.0,0.02938503049801028,0.0003287820664801336,0.0,80.560981858
1508285162.4536843,1.6110450608008482,-0.0005859528253402201,0.0,-1.657459453784825,-0.011298576393570585,0.0,0.017788721931414342,0.02630499893735457,0.0,0.26614566669815876,-0.027574445530904594,0.0,-0.36926238553741986,0.006297488303604751,0.0,-0.03178661220257875,-0.00629748830360254,0.0,0.029487775359891433,0.0015830083340463096,0.0,80.580980096
1508285162.4736853,1.6110450608008482,-1.8750490410887024e-07,0.0,-1.657459453784825,-0.01300816795919883,0.0,0.017788721931414342,0.020397384866985332,0.0,0.26614566669815876,0.001571493650763821,0.0,-0.36910424318815327,0.03154466202931197,0.0,-0.03194475455184531,-0.03154466202931196,0.0,0.029487775359891433,0.049213983550806965,0.0,80.600980894
1508285162.4936852,1.6110450608008482,-2.3393433119184585e-05,0.0,-1.6574323036823846,0.003484890934845295,0.0,0.01774310982389804,6.49566877734174e-05,0.0,0.26614566669815876,0.006835802140468501,0.0,-0.36918331436278656,1.0094291849379821e-05,0.0,-0.03186568337721202,-1.0094291849379814e-05,0.0,0.02938503049801028,0.001588896653332202,0.0,80.620981044
1508285162.513685,1.6110450608008482,-7.48589859813906e-09,0.0,-1.6574323036823846,0.002365247245841966,0.0,0.01774310982389804,-0.002219976654438058,0.0,0.26614566669815876,0.006821186971331383,0.0,-0.36918331436278656,0.0012646306622005534,0.0,-0.03186568337721202,-0.0012646306622001097,0.0,0.029487775359891433,0.009864926628106669,0.0,80.640980828
1508285162.5336876,1.6110450608008482,-2.3954875514044963e-12,0.0,-1.6574051535799441,0.021640416604380434,0.0,0.017788721931414564,-0.0001178453224128587,0.0,0.2662308878530413,0.0002756274316564995,0.0,-0.36918331436278656,4.0468181190417665e-07,0.0,-0.03186568337721202,-4.0468181190403466e-07,0.0,0.02938503049801028,-0.03423062225284439,0.0,80.660983211
1508285162.5536861,1.6110450608008482,-7.665560164494378e-16,0.0,-1.6574051535799441,0.011242088182490301,0.0,0.017788721931414564,0.018875009822399022,0.0,0.26614566669815876,5.448453788842811e-05,0.0,-0.36918331436278656,1.2949817980933637e-10,0.0,-0.03186568337721202,-1.2949817980929095e-10,0.0,0.029487775359891433,0.04106362542382254,0.0,80.68098178
1508285162.573688,1.6110450608008482,-2.3368281905834018e-05,0.0,-1.657459453784825,-0.002291471879451769,0.0,0.017788721931414342,-0.0034994351315899173,0.0,0.26614566669815876,-0.02723212311180602,0.0,-0.36918331436278656,4.1439417538987594e-14,0.0,-0.03186568337721202,-4.1439417538973053e-14,0.0,0.029487775359891433,0.032910661973235715,0.0,80.70098368
1508285162.593688,1.6110450608008482,2.336916181023972e-05,0.0,-1.6574323036823846,-0.0025809476676193883,0.0,0.01774310982389804,-0.0029343943170295913,0.0,0.26614566669815876,-0.006853011662035753,0.0,-0.36918331436278656,0.0002530159353813922,0.0,-0.03186568337721202,0.0002530159353813656,0.0,0.029487775359891433,0.009840667532027983,0.0,80.720983753
1508285162.6136882,1.6110450608008482,-0.0005844085133794607,0.0,-1.6574323036823846,-0.002259868546486163,0.0,0.017834334038930866,0.04018041809024455,0.0,0.26614566669815876,0.007034164897516064,0.0,-0.36918331436278656,0.0012653114621870593,0.0,-0.03186568337721202,-0.0012651495319884153,0.0,0.029487775359891433,0.010196141711937792,0.0,80.740983999
1508285162.6336887,1.6110450608008482,2.309525637045274e-05,0.0,-1.6574051535799441,0.018997821224043622,0.0,0.017788721931414564,0.004448991121330336,0.0,0.2662308878530413,0.03919855645253014,0.0,-0.36926238553741986,-0.031256069630396094,0.0,-0.03178661220257875,0.0312560696822027,0.0,0.02938503049801028,-0.0003268828397602104,0.0,80.760984394
1508285162.6536872,1.6110450608008482,0.002841464228411718,0.0,-1.657459453784825,-0.010500489966566532,0.0,0.017788721931414342,0.017652435057027217,0.0,0.26614566669815876,-0.027436134952797397,0.0,-0.36918331436278656,-1.000194228172674e-05,0.0,-0.03186568337721202,1.0001942298304855e-05,0.0,0.02938503049801028,-0.031448719109064674,0.0,80.780982868
1508285162.6747794,1.6110450608008482,-0.00011532265407396885,0.0,-1.657459453784825,-0.0022787898783882985,0.0,0.017788721931414342,0.003828365298793244,0.0,0.26614566669815876,0.0013006309718054845,0.0,-0.36918331436278656,-3.2006215301525532e-09,0.0,-0.03186568337721202,3.2006215354575495e-09,0.0,0.02938503049801028,0.029168832151230138,0.0,80.802075204
1508285162.6936896,1.6110450608008482,-3.690324930366999e-08,0.0,-1.657459453784825,-0.0004350587794509516,0.0,0.017788721931414342,0.0010228363633655558,0.0,0.26614566669815876,4.1620191097775456e-07,0.0,-0.36918331436278656,-1.0241988896488159e-12,0.0,-0.03186568337721202,1.0241988913464147e-12,0.0,0.02938503049801028,-0.006559373195148162,0.0,80.820985339
1508285162.7137656,1.6110450608008482,-0.0005841374446970619,0.0,-1.657459453784825,-0.010842870308216675,0.0,0.017788721931414342,0.018216089745537244,0.0,0.26614566669815876,5.450663681038193e-05,0.0,-0.36918331436278656,0.0312752797781083,0.0,-0.03186568337721202,-0.03127527977809732,0.0,0.029487775359891433,-0.0016453523270395158,0.0,80.841061289
1508285162.7336876,1.6110450608008482,-0.00011748965996689938,0.0,-1.6574323036823846,0.0021438387339341607,0.0,0.01774310982389804,-0.003601643943427514,0.0,0.26614566669815876,5.454993216367405e-05,0.0,-0.36918331436278656,1.0008089528994645e-05,0.0,-0.03186568337721202,-1.0008089528991134e-05,0.0,0.02938503049801028,0.0003294610901594496,0.0,80.860983354
1508285162.7536874,1.6110450608008482,-0.00014020594573914077,0.0,-1.6574051535799441,0.010098536889779285,0.0,0.017788721931414564,0.018425870513960867,0.0,0.26614566669815876,1.7455978292375677e-08,0.0,-0.36918331436278656,0.00020269849336561745,0.0,-0.03186568337721202,-0.00020269849336554627,0.0,0.029487775359891433,0.00032895202169127224,0.0,80.880983185
1508285162.7736895,1.6110450608008482,0.00011704772544565633,0.0,-1.657459453784825,-0.010809899223471201,0.0,0.017788721931414342,0.02545997003523306,0.0,0.26614566669815876,-0.03530534117429411,0.0,-0.36910424318815327,0.03123841531898455,0.0,-0.03194475455184531,-0.03123841531898455,0.0,0.029487775359891433,0.04092052640815568,0.0,80.900985242
1508285162.7936904,1.6110815841529407,0.014526430815842773,0.0,-1.6574323036823846,0.010255800033900923,0.0,0.01774310982389804,-0.009874464548118139,0.0,0.26614566669815876,-0.02703715917518414,0.0,-0.36918331436278656,0.006383347569004631,0.0,-0.03186568337721202,0.006262926751266988,0.0,0.02938503049801028,-0.0490677749594278,0.0,80.920986209
1508285162.8136938,1.6110450608008482,-0.00013541936862469952,0.0,-1.6574323036823846,0.0005421990469274448,0.0,0.017834334038930866,0.037162547839561993,0.0,0.26614566669815876,0.0016284297979252814,0.0,-0.36926238553741986,-0.00606317005350699,0.0,-0.03178661220257875,0.006572525915427098,0.0,0.02938503049801028,0.0013014098156431527,0.0,80.940989591
1508285162.8336942,1.6110450608008482,-4.3334197959903796e-08,0.0,-1.6574323036823846,0.012916137638357576,0.0,0.01774310982389804,-0.014468353868737486,0.0,0.26614566669815876,-0.035701896425809954,0.0,-0.36918331436278656,4.853661511710813e-05,0.0,-0.03186568337721202,-4.8373621241275984e-05,0.0,0.02938503049801028,-0.04737003569998968,0.0,80.960989974
1508285162.8536878,1.6110450608008482,0.0029393109344580067,0.0,-1.6574323036823846,0.002189107674307641,0.0,0.01774310982389804,-0.003675381852940771,0.0,0.2662308878530413,0.0013580904537122181,0.0,-0.36918331436278656,1.5531716837474583e-08,0.0,-0.03186568337721202,-1.54795587972083e-08,0.0,0.029487775359891433,-0.008020801599089765,0.0,80.980983426
1508285162.8736916,1.6110450608008482,-0.0029155761606225127,0.0,-1.6574323036823846,0.014317064816829157,0.0,0.01774310982389804,-0.01821910684509791,0.0,0.2662308878530413,0.03430991824210621,0.0,-0.36918331436278656,0.006314108411426565,0.0,-0.03186568337721202,0.006314108401502957,0.0,0.02938503049801028,-0.043067061064775244,0.0,81.000987372
1508285162.8936915,1.6110450608008482,-9.329843713992029e-07,0.0,-1.6574323036823846,0.010928341376437807,0.0,0.01774310982389804,-0.01678827836806182,0.0,0.2662308878530413,-0.005392358161994838,0.0,-0.36918331436278656,-0.007377982807057429,0.0,-0.03186568337721202,0.007382023836434976,0.0,0.02938503049801028,0.00650062390181224,0.0,81.020987355
1508285162.9136899,1.6110450608008482,0.00011638339889980364,0.0,-1.657459453784825,-0.0004134675936394097,0.0,0.017788721931414342,0.0006951273926996862,0.0,0.26614566669815876,-0.03421853260635351,0.0,-0.36918331436278656,0.03149322727428838,0.0,-0.03186568337721202,-0.031493225981147926,0.0,0.029487775359891433,0.03467920135098644,0.0,81.040985525
1508285162.9336953,1.6110450608008482,0.0023597032502579527,0.0,-1.6574323036823846,0.008298747349910048,0.0,0.01774310982389804,-0.013941875646181679,0.0,0.26614566669815876,-0.007153470913779881,0.0,-0.36918331436278656,0.00031251469409190316,0.0,-0.03186568337721202,-0.00031251469367799206,0.0,0.02938503049801028,-0.04119298394325276,0.0,81.060991078
1508285162.9536898,1.6110450608008482,7.551050400825442e-07,0.0,-1.6574323036823846,0.0022594211583481507,0.0,0.01774310982389804,-0.0037377115549198595,0.0,0.2662308878530413,0.03270096340441676,0.0,-0.36926238553741986,1.000047021094089e-07,0.0,-0.03178661220257875,-1.0000470197695736e-07,0.0,0.02938503049801028,-0.007961041115694038,0.0,81.080985634
1508285162.9736931,1.6110450608008482,-0.00044510422207563884,0.0,-1.657459453784825,0.00043572660370799825,0.0,0.017788721931414342,-0.008026119303905203,0.0,0.26614566669815876,-0.040924738194118127,0.0,-0.36918331436278656,0.03160815290778166,0.0,-0.03186568337721202,-0.03160815290777057,0.0,0.02938503049801028,-0.03312142013016925,0.0,81.100988745
1508285162.9936912,1.6110450608008482,2.3290077819090096e-05,0.0,-1.6574323036823846,-6.932833491257132e-05,0.0,0.01774310982389804,0.0001726646053930602,0.0,0.2662308878530413,0.03255189998298264,0.0,-0.36918331436278656,0.007349812655878317,0.0,-0.03186568337721202,-0.0073498126558757355,0.0,0.02938503049801028,0.00031820853529040196,0.0,81.120986923
1508285163.0136893,1.6110450608008482,7.452824902108822e-09,0.0,-1.6574323036823846,-0.0020863777130608837,0.0,0.01774310982389804,-0.04021013878478307,0.0,0.26614566669815876,0.006776529600467801,0.0,-0.36918331436278656,2.3519400498810585e-06,0.0,-0.03186568337721202,-2.3519400498802326e-06,0.0,0.02938503049801028,-0.042322342332263264,0.0,81.140985103
1508285163.0336916,1.6110450608008482,0.0029213833973767297,0.0,-1.657459453784825,-0.013009887043815461,0.0,0.017788721931414342,0.02213411199905956,0.0,0.26614566669815876,5.67725700825706e-05,0.0,-0.36918331436278656,7.526208159619379e-10,0.0,-0.03186568337721202,-7.526208159616736e-10,0.0,0.029487775359891433,-0.00034188081443590595,0.0,81.16098732
1508285163.0536907,1.6110450608008482,9.348426871605524e-07,0.0,-1.657459453784825,-0.02168070401183257,0.0,0.017788721931414342,-0.00013845264683409834,0.0,0.26614566669815876,-0.04094496732235972,0.0,-0.36926238553741986,-0.039308177889405355,0.0,-0.03178661220257875,0.03930817788939156,0.0,0.02938503049801028,-0.04943025965500819,0.0,81.180986444
1508285163.0736942,1.6110450608008482,-2.3449025589858312e-05,0.0,-1.6574323036823846,0.011146128125121366,0.0,0.01774310982389804,-0.020196339930835625,0.0,0.26614566669815876,0.0016164234895062492,0.0,-0.36918331436278656,-1.25786169246097e-05,0.0,-0.03186568337721202,1.2578616924605284e-05,0.0,0.02938503049801028,0.008134483004623282,0.0,81.20098989
1508285163.0936925,1.6110450608008482,-7.50368818875465e-09,0.0,-1.657459453784825,-0.0221669505386785,0.0,0.017788721931414342,0.000751972567976654,0.0,0.2662308878530413,5.506925163381342e-05,0.0,-0.36918331436278656,-4.0251574158751e-09,0.0,-0.03186568337721202,4.0251574158736855e-09,0.0,0.029487775359891433,0.0003970230189133773,0.0,81.220988347
1508285163.1136954,1.6110450608008482,-2.4011802204014855e-12,0.0,-1.6574323036823846,0.010611409219836093,0.0,0.01774310982389804,-0.017547885751979134,0.0,0.2662308878530413,0.0328412744674908,0.0,-0.36918331436278656,0.03168364404448442,0.0,-0.03186568337721202,-0.03168364404447329,0.0,0.029487775359891433,-0.0016409751691473877,0.0,81.240991134
1508285163.1336977,1.6110450608008482,-7.683776705284747e-16,0.0,-1.6574323036823846,0.010914293938738944,0.0,0.01774310982389804,-0.016646992857008408,0.0,0.26614566669815876,0.007102886852903109,0.0,-0.36918331436278656,1.0138766094235003e-05,0.0,-0.03186568337721202,-1.0138766094231444e-05,0.0,0.02938503049801028,-0.0407652304950238,0.0,81.260993439
1508285163.1536925,1.6110450608008482,-2.458808545691116e-19,0.0,-1.6574323036823846,0.0004375634572680185,0.0,0.01774310982389804,-0.001026643020255275,0.0,0.2662308878530413,0.006791223571362334,0.0,-0.36926238553741986,-0.0379932151765468,0.0,-0.03178661220257875,0.03799321517653346,0.0,0.02938503049801028,-0.0002742940283555295,0.0,81.280988303
1508285163.173695,1.6110815841529407,0.014482361312138481,0.0,-1.6574051535799441,0.02025477429963165,0.0,0.017788721931414564,0.0038957826151354968,0.0,0.26614566669815876,0.0002749331721286931,0.0,-0.36926238553741986,-0.038625553213077646,0.0,-0.03178661220257875,0.03862555321306409,0.0,0.02938503049801028,0.00032875882005334745,0.0,81.300990795
1508285163.193694,1.6110450608008482,4.634355619884309e-06,0.0,-1.657459453784825,0.001976862188574796,0.0,0.017788721931414342,-0.0036595451655601044,0.0,0.26614566669815876,-0.04074001409047826,0.0,-0.36918331436278656,-6.316928970118034e-05,0.0,-0.03186568337721202,6.316928970115817e-05,0.0,0.029487775359891433,1.0520282241707108e-07,0.0,81.320989826
1508285163.2136924,1.6110450608008482,1.4829937983629773e-09,0.0,-1.657459453784825,-0.00041617061150135286,0.0,0.017788721931414342,-0.0063080268362959175,0.0,0.26614566669815876,-0.03413244315777208,0.0,-0.36918331436278656,0.0060229775264815984,0.0,-0.03186568337721202,-0.006022977526479485,0.0,0.02938503049801028,3.3664903173462705e-11,0.0,81.340988178
1508285163.2336957,1.6110450608008482,4.745580154761523e-13,0.0,-1.6574323036823846,0.0025620930517170795,0.0,0.01774310982389804,-0.002788708147841832,0.0,0.26614566669815876,0.0010799873915418173,0.0,-0.36918331436278656,1.9273528084741096e-06,0.0,-0.03186568337721202,-1.927352808473433e-06,0.0,0.02938503049801028,-0.040954448578518696,0.0,81.360991572
1508285163.2536962,1.6110450608008482,1.5185856495236858e-16,0.0,-1.657459453784825,-0.021322283239015784,0.0,0.017788721931414342,-0.000992843900616223,0.0,0.26614566669815876,0.0014173848587700265,0.0,-0.36918331436278656,0.0316571817692763,0.0,-0.03186568337721202,-0.03165718176926519,0.0,0.029487775359891433,0.04151666854393838,0.0,81.380991918
1508285163.2736945,1.6110450608008482,0.0005842766789983651,0.0,-1.6574323036823846,-0.01077367080765509,0.0,0.01774310982389804,-0.018321896725014365,0.0,0.2662308878530413,0.032651027912216704,0.0,-0.36910424318815327,0.031569406525036474,0.0,-0.03194475455184531,-0.03156940652503647,0.0,0.02938503049801028,-0.0016303597108052053,0.0,81.400990355
1508285163.2937,1.6110450608008482,1.8696853727947661e-07,0.0,-1.657459453784825,0.0018062827238770399,0.0,0.017788721931414342,-0.0027547534045624113,0.0,0.26614566669815876,-0.008111829700293425,0.0,-0.36918331436278656,-0.005058482802492336,0.0,-0.03186568337721202,0.005058482802492336,0.0,0.02938503049801028,-5.217151074576652e-07,0.0,81.420995597
1508285163.3136935,1.6110450608008482,0.00011695297255321193,0.0,-1.657459453784825,-0.012711660823826255,0.0,0.017788721931414342,0.021296960892108453,0.0,0.2662308878530413,0.035472486775891855,0.0,-0.36918331436278656,-0.001263239424146339,0.0,-0.03186568337721202,0.0012632394241458961,0.0,0.02938503049801028,-0.04113034473078337,0.0,81.440989195
1508285163.333695,1.6110450608008482,2.3428007495873015e-05,0.0,-1.657459453784825,-0.008668184555960894,0.0,0.017788721931414342,0.01456251068274783,0.0,0.26614566669815876,0.0002830099010495565,0.0,-0.36918331436278656,0.006325748248822961,0.0,-0.03186568337721202,-0.006325748248822961,0.0,0.02938503049801028,-0.00658970140887599,0.0,81.460990578
1508285163.3536935,1.6110450608008482,2.34204227500824e-05,0.0,-1.6574323036823846,-0.004357270553636463,0.0,0.017834334038930866,0.03661627215236164,0.0,0.26614566669815876,-0.005658958454045816,0.0,-0.36918331436278656,2.0242394396233456e-06,0.0,-0.03186568337721202,-2.0242394396233456e-06,0.0,0.02938503049801028,6.375485101357728e-05,0.0,81.480989188
1508285163.3737006,1.6110450608008482,7.49453528002636e-09,0.0,-1.6574323036823846,0.010816872697909208,0.0,0.01774310982389804,-0.018221236099740804,0.0,0.2662308878530413,0.0015793843605672899,0.0,-0.36918331436278656,5.0525539018567534e-05,0.0,-0.03186568337721202,-5.0525539018567534e-05,0.0,0.02938503049801028,-0.006573776249794329,0.0,81.500996361
1508285163.3936977,1.6110450608008482,-0.0006976542998354599,0.0,-1.657459453784825,-0.013048689132508885,0.0,0.017788721931414342,-0.02187427047521758,0.0,0.2662308878530413,0.005522944492058338,0.0,-0.36918331436278656,0.0012580476297149163,0.0,-0.03186568337721202,-0.0012580476297144748,0.0,0.02938503049801028,-2.1036083999341835e-06,0.0,81.520993382
1508285163.413695,1.6110450608008482,-2.3594316535881932e-05,0.0,-1.6574323036823846,0.010807414497333712,0.0,0.01774310982389804,-0.01852086228815394,0.0,0.26614566669815876,0.005456154006945229,0.0,-0.36918331436278656,4.0257524150877277e-07,0.0,-0.03186568337721202,-4.0257524150863147e-07,0.0,0.02938503049801028,-0.0012495628110608273,0.0,81.540990795
1508285163.4336982,1.6110450608008482,-7.55018129148221e-09,0.0,-1.6574323036823846,0.0018449702375418799,0.0,0.01774310982389804,-0.004268182000270901,0.0,0.26614566669815876,0.006819119783722517,0.0,-0.36918331436278656,1.2882407728280713e-10,0.0,-0.03186568337721202,-1.288240772827619e-10,0.0,0.029487775359891433,0.04119230598258521,0.0,81.560993946
1508285163.4536958,1.6110450608008482,-2.4160580132743046e-12,0.0,-1.6574051535799441,0.01510669118446479,0.0,0.017788721931414564,-0.0180192918915714,0.0,0.2662308878530413,0.03372117500559066,0.0,-0.36918331436278656,-0.006329170687919143,0.0,-0.03186568337721202,0.006329170687919143,0.0,0.02938503049801028,-0.001637151387571743,0.0,81.580991431
1508285163.473697,1.6110450608008482,-7.731385642477767e-16,0.0,-1.657459453784825,-0.0024279597160103577,0.0,0.017788721931414342,0.004372704558284483,0.0,0.2662308878530413,-0.006806583038438506,0.0,-0.36918331436278656,-2.025334620134124e-06,0.0,-0.03186568337721202,2.025334620134124e-06,0.0,0.029487775359891433,0.007824745951292034,0.0,81.600992578
1508285163.493699,1.6110450608008482,-2.4740434055928825e-19,0.0,-1.6574051535799441,0.012481236632863721,0.0,0.017788721931414564,0.013961038377494656,0.0,0.2662308878530413,0.032628666066849527,0.0,-0.36918331436278656,-6.48107078442919e-10,0.0,-0.03186568337721202,6.48107078442919e-10,0.0,0.02938503049801028,0.001974251290335542,0.0,81.620994758
1508285163.5136962,1.6110450608008482,0.0005844856726834723,0.0,-1.6574323036823846,-0.01089321014461238,0.0,0.01774310982389804,-0.018302809501689176,0.0,0.2662308878530413,-0.006808558341505041,0.0,-0.36918331436278656,-2.0739426510173382e-13,0.0,-0.03186568337721202,2.0739426510173382e-13,0.0,0.02938503049801028,-0.03295107905463771,0.0,81.64099192
1508285163.5336995,1.6110450608008482,1.8703541525871092e-07,0.0,-1.6574051535799441,0.01113524353861617,0.0,0.017788721931414564,0.01835700859003955,0.0,0.26614566669815876,-0.027710153053528544,0.0,-0.36918331436278656,-6.636616483255475e-17,0.0,-0.03186568337721202,6.636616483255475e-17,0.0,0.029487775359891433,-1.0544345297484056e-05,0.0,81.660995174
1508285163.5536978,1.6110450608008482,5.985133288278741e-11,0.0,-1.6574323036823846,-0.0018182339218965143,0.0,0.01774310982389804,-0.003054740719352184,0.0,0.26614566669815876,0.0010868385010707861,0.0,-0.36918331436278656,-2.1237172746417498e-20,0.0,-0.03186568337721202,2.1237172746417498e-20,0.0,0.029487775359891433,-0.001715232224088483,0.0,81.680993571
1508285163.5736966,1.6110450608008482,1.915242652249195e-14,0.0,-1.6574323036823846,0.00043411040712614386,0.0,0.01774310982389804,-0.0007898287242484265,0.0,0.26614566669815876,0.0010377130686234116,0.0,-0.36918331436278656,0.0012659851377277757,0.0,-0.03186568337721202,-0.0012659851377277757,0.0,0.02938503049801028,-0.030864821003169965,0.0,81.700992437
1508285163.5937002,1.6110450608008482,-0.000609807010104949,0.0,-1.6574323036823846,0.011405871501822026,0.0,0.01774310982389804,-0.018870022086981787,0.0,0.26614566669815876,-0.0010955698960712227,0.0,-0.36918331436278656,0.001270176999614968,0.0,-0.03186568337721202,-0.001270176999614968,0.0,0.029487775359891433,0.04946120755135349,0.0,81.720995828
1508285163.6136973,1.6110450608008482,-1.9513824323358344e-07,0.0,-1.6574323036823846,-0.002168774745256765,0.0,0.01774310982389804,-0.0036557066079498887,0.0,0.26614566669815876,0.0003256789487702604,0.0,-0.36926238553741986,0.00025237116247016974,0.0,-0.03178661220257875,-0.00025237116247008127,0.0,0.02938503049801028,1.5827586416433102e-05,0.0,81.740992997
1508285163.6336987,1.6110450608008482,-6.244423783474664e-11,0.0,-1.6574323036823846,0.010846444385119327,0.0,0.01774310982389804,-0.018224336523630914,0.0,0.2662308878530413,0.02722906688072913,0.0,-0.36918331436278656,0.001264708190799152,0.0,-0.03186568337721202,-0.0012647081907987082,0.0,0.02938503049801028,-0.032697032972015073,0.0,81.760994428
1508285163.6536982,1.6110450608008482,-1.99821561071189e-14,0.0,-1.657459453784825,-0.0005370453315235521,0.0,0.017788721931414342,0.000844130409719282,0.0,0.2662308878530413,0.03416887871135264,0.0,-0.36918331436278656,0.0012710887834376198,0.0,-0.03186568337721202,-0.0012710887834376193,0.0,0.029487775359891433,-0.001661586365369344,0.0,81.780994046
1508285163.6737013,1.6110450608008482,-0.002922079957556207,0.0,-1.657459453784825,-8.735991682282366e-05,0.0,0.017788721931414342,-8.805359998223533e-05,0.0,0.2662308878530413,0.006829120608824689,0.0,-0.36918331436278656,0.03806705872413514,0.0,-0.03186568337721202,-0.038067058724121784,0.0,0.02938503049801028,-5.317076369181895e-07,0.0,81.800996922
1508285163.6937015,1.6110450608008482,-9.35065586417985e-07,0.0,-1.657459453784825,-0.008247580844795599,0.0,0.017788721931414342,-0.02121119307624976,0.0,0.26614566669815876,0.0054568951881943705,0.0,-0.36918331436278656,1.2181458791723233e-05,0.0,-0.03186568337721202,-1.2181458791718957e-05,0.0,0.02938503049801028,0.006510375316373945,0.0,81.820997197
1508285163.7136986,1.6110450608008482,-2.992209876537549e-10,0.0,-1.657459453784825,-0.006495779406798176,0.0,0.017788721931414342,0.019684985456538556,0.0,0.26614566669815876,0.0010919411985845229,0.0,-0.36918331436278656,-0.0010115172286468141,0.0,-0.03186568337721202,0.0010115172286468141,0.0,0.02938503049801028,-0.0016407784770589267,0.0,81.840994411
1508285163.733702,1.6110450608008482,-9.575071604920149e-14,0.0,-1.657459453784825,-0.008772926987671186,0.0,0.017788721931414342,-0.021794584739846412,0.0,0.2662308878530413,0.02758560680676824,0.0,-0.36918331436278656,5.027950156310879e-05,0.0,-0.03186568337721202,-5.027950156310879e-05,0.0,0.02938503049801028,0.00032718839968397685,0.0,81.860997641
1508285163.7537024,1.6110450608008482,0.00011686926539027286,0.0,-1.6574323036823846,-0.008304204627273017,0.0,0.017834334038930866,0.013939353434084619,0.0,0.26614566669815876,-0.040880829205461815,0.0,-0.36926238553741986,-0.03181660883432717,0.0,-0.03178661220257875,0.031816608834316,0.0,0.02938503049801028,-0.041408081860346335,0.0,81.880998019
1508285163.7737007,1.6110815841529407,0.01752485661535731,0.0,-1.657459453784825,-0.0022614723853534107,0.0,0.017788721931414342,-0.003497461901834115,0.0,0.2662308878530413,-0.001650327354590607,0.0,-0.36918331436278656,-0.006334825778219086,0.0,-0.03186568337721202,0.006334825778216861,0.0,0.02938503049801028,-0.04280456301781244,0.0,81.900996513
1508285163.7937028,1.6110450608008482,0.0005898150017627589,0.0,-1.657459453784825,-0.012912898667526413,0.0,0.017788721931414342,0.021691304091058617,0.0,0.2662308878530413,0.03379477955989131,0.0,-0.36918331436278656,0.006297090501508297,0.0,-0.03186568337721202,-0.006297090501506087,0.0,0.029487775359891433,0.04092866193726915,0.0,81.920998676
1508285163.8136995,1.6110450608008482,-2.3266193825255434e-05,0.0,-1.6574051535799441,0.023373785651260276,0.0,0.017788721931414564,-0.004736489984285148,0.0,0.26614566669815876,-0.008144193343040349,0.0,-0.36918331436278656,2.0150689604826525e-06,0.0,-0.03186568337721202,-2.0150689604819453e-06,0.0,0.02938503049801028,-5.288455988037261e-05,0.0,81.940995203
1508285163.8337038,1.6110450608008482,0.0007241648480204531,0.0,-1.657459453784825,-0.0017295797869187623,0.0,0.017788721931414342,0.004375216082815922,0.0,0.26614566669815876,0.008229143239597907,0.0,-0.36910424318815327,0.025224881943580267,0.0,-0.03194475455184531,-0.025224881943580267,0.0,0.02938503049801028,0.00032902583345151433,0.0,81.96099951
1508285163.8537006,1.6110450608008482,2.351676463259813e-05,0.0,-1.657459453784825,-0.013812242038536354,0.0,0.017788721931414342,0.014727906566090274,0.0,0.2662308878530413,0.025891595687280847,0.0,-0.36918331436278656,0.0013235625328923933,0.0,-0.03186568337721202,-0.0013235625328923933,0.0,0.02938503049801028,0.0002509626508860443,0.0,81.980996266
1508285163.8737006,1.6110450608008482,7.525364682431394e-09,0.0,-1.6574323036823846,-0.0018315302173866398,0.0,0.01774310982389804,0.0027812323038968966,0.0,0.2662308878530413,0.03432020378768734,0.0,-0.36918331436278656,4.235400105255654e-07,0.0,-0.03186568337721202,-4.235400105255654e-07,0.0,0.02938503049801028,0.00763389124450796,0.0,82.000996374
1508285163.8937063,1.6110450608008482,2.408116698378043e-12,0.0,-1.657459453784825,-0.00815477749282114,0.0,0.017788721931414342,0.020998378344698705,0.0,0.2662308878530413,-0.006752684608688733,0.0,-0.36918331436278656,-0.00025232400639710486,0.0,-0.03186568337721202,0.00025232400639710486,0.0,0.02938503049801028,-0.04104953954752157,0.0,82.021002029
1508285163.9137022,1.6110450608008482,7.705973434809729e-16,0.0,-1.6574051535799441,0.026922705374304218,0.0,0.017788721931414564,-5.1842790159013655e-05,0.0,0.2662308878530413,-2.160859074780392e-06,0.0,-0.36918331436278656,-8.074368204707347e-08,0.0,-0.03186568337721202,8.074368204707347e-08,0.0,0.02938503049801028,0.00031449973597302865,0.0,82.040997923
1508285163.933704,1.6110450608008482,2.4659114991391104e-19,0.0,-1.6574051535799441,0.01314463589009144,0.0,0.017788721931414564,0.014432534114183892,0.0,0.26614566669815876,-6.914749039297247e-10,0.0,-0.36918331436278656,-0.03163830615978726,0.0,-0.03186568337721202,0.03163830615978726,0.0,0.02938503049801028,-0.04111062534792864,0.0,82.060999719
1508285163.9537048,1.6110450608008482,2.3276739490960497e-05,0.0,-1.6574323036823846,0.013198671883903248,0.0,0.01774310982389804,-0.021855187577168284,0.0,0.26614566669815876,-2.2127196925751166e-13,0.0,-0.36918331436278656,-1.0124257971131912e-05,0.0,-0.03186568337721202,1.0124257971131912e-05,0.0,0.02938503049801028,-0.031177679190936048,0.0,82.081000483
1508285163.9737012,1.6110450608008482,-0.000584129984331385,0.0,-1.6574323036823846,0.0005083096657334947,0.0,0.01774310982389804,0.0006051403900018117,0.0,0.26614566669815876,-0.006767114229356064,0.0,-0.36918331436278656,-3.2397625507622084e-09,0.0,-0.03186568337721202,3.2397625507622084e-09,0.0,0.02938503049801028,-0.0016532301849581682,0.0,82.10099706
1508285163.9937086,1.6110450608008482,-1.86921594986043e-07,0.0,-1.6574323036823846,-0.0107389830608461,0.0,0.01774310982389804,-0.01833331034842532,0.0,0.26614566669815876,-0.005461735844419941,0.0,-0.36926238553741986,-0.03152927335092367,0.0,-0.03178661220257875,0.0315292733509126,0.0,0.02938503049801028,-5.290336591866133e-07,0.0,82.121004394
1508285164.0137017,1.6110450608008482,-5.98149103955337e-11,0.0,-1.6574051535799441,0.010406307457168943,0.0,0.017788721931414564,0.017482478383782217,0.0,0.26614566669815876,-0.005183306831287754,0.0,-0.36918331436278656,-0.031591905251212166,0.0,-0.03186568337721202,-0.0315717265162565,0.0,0.029487775359891433,0.0423530193164226,0.0,82.140997298
1508285164.0337055,1.6110450608008482,-0.00011710657758235818,0.0,-1.6574051535799441,0.010870636067915069,0.0,0.017788721931414564,0.016803645222266853,0.0,0.26614566669815876,0.007963393536084357,0.0,-0.36918331436278656,-6.058623921461825e-05,0.0,-0.03186568337721202,4.037387704901058e-05,0.0,0.029487775359891433,0.0331137789534106,0.0,82.161001202
1508285164.053706,1.6110450608008482,-3.747410482635458e-08,0.0,-1.6574323036823846,0.01075513257956268,0.0,0.01774310982389804,-0.019516895174722538,0.0,0.26614566669815876,-0.0068083304718795324,0.0,-0.36918331436278656,-0.0015175732743184056,0.0,-0.03186568337721202,0.00151756680636198,0.0,0.02938503049801028,-0.04113623277700758,0.0,82.181001556
1508285164.073703,1.6110450608008482,-1.1991713544433453e-11,0.0,-1.6574323036823846,0.013083864007982634,0.0,0.01774310982389804,-0.021923171849768684,0.0,0.26614566669815876,-0.00027578684146844964,0.0,-0.36918331436278656,0.0012658016226531539,0.0,-0.03186568337721202,-0.0012658016247228997,0.0,0.02938503049801028,0.008537870459535054,0.0,82.200998819
1508285164.0937068,1.6110450608008482,-3.8373483342187006e-15,0.0,-1.657459453784825,-0.012524986730101655,0.0,0.017788721931414342,0.02104196637291693,0.0,0.2662308878530413,0.0002725741984102038,0.0,-0.36918331436278656,4.050565192490088e-07,0.0,-0.03186568337721202,-4.050565199113274e-07,0.0,0.02938503049801028,-0.0065738075799315,0.0,82.221002563
1508285164.1137042,1.6110450608008482,-0.0030395920753560715,0.0,-1.6574323036823846,0.0007641731469463299,0.0,0.01774310982389804,0.00012289090549745166,0.0,0.26614566669815876,-0.02584050521565518,0.0,-0.36918331436278656,1.2961808615968268e-10,0.0,-0.03186568337721202,-1.2961808637162462e-10,0.0,0.02938503049801028,-2.103618425578078e-06,0.0,82.240999882
1508285164.133707,1.6110450608008482,0.0005607079068928485,0.0,-1.6574323036823846,0.0027574199203791064,0.0,0.01774310982389804,-0.004632008762992564,0.0,0.2662308878530413,0.03547200595014162,0.0,-0.36910424318815327,0.033172949150804716,0.0,-0.03194475455184531,-0.033172949150804716,0.0,0.029487775359891433,0.04965543162890762,0.0,82.261002861
1508285164.153707,1.6110450608008482,1.7942653020571135e-07,0.0,-1.6574323036823846,0.0017395461290287142,0.0,0.01774310982389804,0.004376903186994663,0.0,0.2662308878530413,1.1351041904045308e-05,0.0,-0.36918331436278656,1.0615343728257497e-05,0.0,-0.03186568337721202,-1.0615343728257497e-05,0.0,0.029487775359891433,0.03416936761625252,0.0,82.281002764
1508285164.1737041,1.6110450608008482,-0.00011727461571260796,0.0,-1.657459453784825,-0.015328407368075121,0.0,0.017788721931414342,0.01845294625539438,0.0,0.26614566669815876,0.0016371192991896002,0.0,-0.36918331436278656,3.3969099930423957e-09,0.0,-0.03186568337721202,-3.3969099930423957e-09,0.0,0.029487775359891433,0.04124458425553232,0.0,82.300999807
1508285164.193709,1.6110450608008482,-0.00011748077983668976,0.0,-1.6574323036823846,-0.013080967587412394,0.0,0.01774310982389804,-0.014395191460922288,0.0,0.2662308878530413,0.033976101773591234,0.0,-0.36918331436278656,0.0013141404718616842,0.0,-0.03186568337721202,-0.0013141404718616842,0.0,0.029487775359891433,0.03972925278531253,0.0,82.321004541
1508285164.2137063,1.6110450608008482,-3.759384954774069e-08,0.0,-1.6574051535799441,0.011256909776934368,0.0,0.017788721931414564,-0.01746073752224246,0.0,0.26614566669815876,-0.006862627172970452,0.0,-0.36918331436278656,-0.001267227995064764,0.0,-0.03186568337721202,0.001267227995064319,0.0,0.02938503049801028,-0.001634465559959445,0.0,82.34100209
1508285164.233706,1.6110450608008482,-1.2030031855277007e-11,0.0,-1.6574051535799441,0.02172990730766796,0.0,0.017788721931414564,2.3962236774592376e-05,0.0,0.26614566669815876,-5.7406320825037624e-05,0.0,-0.36926238553741986,-0.006080186178918908,0.0,-0.03178661220257875,0.006080186178916773,0.0,0.02938503049801028,0.008161928165336658,0.0,82.361001624
1508285164.2537117,1.6110450608008482,-3.8496101936886385e-15,0.0,-1.6574323036823846,0.008677525183948317,0.0,0.01774310982389804,-0.013105096486513767,0.0,0.2662308878530413,0.034013868230036604,0.0,-0.36918331436278656,-0.0002041643959221389,0.0,-0.03186568337721202,0.0002041643959221382,0.0,0.029487775359891433,0.04107669149851263,0.0,82.381007377
1508285164.273708,1.6110450608008482,-0.00046658152553079833,0.0,-1.657459453784825,-1.4515990918609482e-05,0.0,0.017788721931414342,2.4858230270974758e-05,0.0,0.26614566669815876,-0.03518500338462464,0.0,-0.36918331436278656,-0.006329236020567062,0.0,-0.03186568337721202,0.006329236020564841,0.0,0.02938503049801028,-0.010184915179868637,0.0,82.401003789
1508285164.2937088,1.6110450608008482,-0.0029295632757285923,0.0,-1.657459453784825,-0.011396103589086999,0.0,0.017788721931414342,0.019145427071868136,0.0,0.26614566669815876,0.006551312598711695,0.0,-0.36918331436278656,-2.0253555265814576e-06,0.0,-0.03186568337721202,2.025355526580747e-06,0.0,0.029487775359891433,-0.006666709629080344,0.0,82.42100448
1508285164.313709,1.6110450608008482,-0.0005854231329317054,0.0,-1.657459453784825,-0.01297919522932195,0.0,0.017788721931414342,0.021805017110860997,0.0,0.2662308878530413,0.0013658963229608739,0.0,-0.36918331436278656,-0.037840012402125936,0.0,-0.03186568337721202,0.037840012402125936,0.0,0.029487775359891433,0.04058552308836498,0.0,82.441004831
1508285164.3337095,1.6110450608008482,2.3175377986220487e-05,0.0,-1.657459453784825,0.00043007271383357443,0.0,0.017788721931414342,-0.0007225211361987087,0.0,0.2662308878530413,0.0010906969675244342,0.0,-0.36918331436278656,-1.2108803968680285e-05,0.0,-0.03186568337721202,1.2108803968680285e-05,0.0,0.029487775359891433,-0.008566497254222706,0.0,82.461005122
1508285164.3537095,1.6110450608008482,7.416120955590549e-09,0.0,-1.657459453784825,-0.019569312569777692,0.0,0.017788721931414342,0.0036503075171543994,0.0,0.26614566669815876,0.006547726332428928,0.0,-0.36918331436278656,-0.0002535335788204219,0.0,-0.03186568337721202,0.0002535335788203329,0.0,0.02938503049801028,0.001312448091790484,0.0,82.481005203
1508285164.3737059,1.6110450608008482,2.373158705788973e-12,0.0,-1.6574323036823846,0.013023107577376816,0.0,0.01774310982389804,-0.023640231310213144,0.0,0.26614566669815876,-0.03440494735605254,0.0,-0.36918331436278656,-5.0642128408738186e-05,0.0,-0.03186568337721202,5.064212840873815e-05,0.0,0.029487775359891433,0.04108664905430596,0.0,82.501001644
1508285164.3937073,1.6110450608008482,7.594107858524706e-16,0.0,-1.657459453784825,-0.012892300151985225,0.0,0.017788721931414342,0.021716635754700953,0.0,0.26614566669815876,4.332861060315546e-05,0.0,-0.36918331436278656,-5.043308628665819e-05,0.0,-0.03186568337721202,5.0433086286640495e-05,0.0,0.029487775359891433,0.009750086194526303,0.0,82.521003079
1508285164.4137073,1.6110450608008482,-0.014608658173787948,0.0,-1.6574323036823846,-0.0022457611258642034,0.0,0.01774310982389804,-0.0020662291302127405,0.0,0.26614566669815876,-0.035450167458043455,0.0,-0.36918331436278656,0.031424653484755614,0.0,-0.03186568337721202,-0.03142465348474451,0.0,0.02938503049801028,-0.009532059094935008,0.0,82.541002875
1508285164.4337103,1.6110450608008482,-4.6747706156121375e-06,0.0,-1.657459453784825,-0.013030606569337296,0.0,0.017788721931414342,0.02334834317526239,0.0,0.26614566669815876,-0.005461020467353859,0.0,-0.36918331436278656,1.0055889115121787e-05,0.0,-0.03186568337721202,-1.0055889115118232e-05,0.0,0.02938503049801028,-0.04307093952124552,0.0,82.561006124
1508285164.4537091,1.6110450608008482,-0.0028958338398623355,0.0,-1.6574323036823846,0.00870270958385743,0.0,0.01774310982389804,-0.021911577131788543,0.0,0.2662308878530413,0.028581508703188614,0.0,-0.36918331436278656,0.0316269951405569,0.0,-0.03186568337721202,-0.031626995140545795,0.0,0.02938503049801028,-0.00040871314951822674,0.0,82.581004832
1508285164.473708,1.6110450608008482,0.00011643223517737958,0.0,-1.6574323036823846,0.0003358126334904953,0.0,0.01774310982389804,0.006698824904979581,0.0,0.2662308878530413,0.00022836640352194318,0.0,-0.36910424318815327,0.031625806439124035,0.0,-0.03194475455184531,-0.03162580643912403,0.0,0.02938503049801028,0.00990485171818665,0.0,82.601003742
1508285164.4937081,1.6110450608008482,-0.0028886376602447216,0.0,-1.6574051535799441,0.02599156142278855,0.0,0.017788721931414564,0.00014863688658233042,0.0,0.2662308878530413,0.034188827817409125,0.0,-0.36918331436278656,0.0012198014763737603,0.0,-0.03186568337721202,-0.0013209837279244561,0.0,0.02938503049801028,6.89075190632862e-05,0.0,82.621003768
1508285164.513711,1.6110450608008482,-2.420663114601248e-05,0.0,-1.657459453784825,-0.0019785178092981775,0.0,0.017788721931414342,0.003632392075570031,0.0,0.2662308878530413,-0.0002641483145372921,0.0,-0.36918331436278656,-0.0062964848323729065,0.0,-0.03186568337721202,0.0062964524540524095,0.0,0.02938503049801028,2.2050406100251563e-08,0.0,82.641006589
1508285164.5337083,1.6110450608008482,0.0005844779265615056,0.0,-1.657459453784825,-0.012986924047829404,0.0,0.017788721931414342,0.02175994130214154,0.0,0.26614566669815876,-0.027236713908287746,0.0,-0.36918331436278656,-2.0148751463593277e-06,0.0,-0.03186568337721202,2.0148647852967686e-06,0.0,0.029487775359891433,0.009797819991994076,0.0,82.661004092
1508285164.553789,1.6110450608008482,1.8703293649968158e-07,0.0,-1.6574323036823846,-0.001718052474704881,0.0,0.01774310982389804,0.004346869356395657,0.0,0.26614566669815876,-0.03400448372637177,0.0,-0.36918331436278656,-6.447600468349841e-10,0.0,-0.03186568337721202,6.447567312949653e-10,0.0,0.029487775359891433,0.03239789940980036,0.0,82.681084536
1508285164.5737119,1.6110815841529407,0.015182076402621677,0.0,-1.657459453784825,-0.013027339801669096,0.0,0.017788721931414342,0.02188636725232277,0.0,0.2662308878530413,0.005453920232311668,0.0,-0.36918331436278656,-0.0002540455635713008,0.0,-0.03186568337721202,0.0002540455635712106,0.0,0.029487775359891433,7.648350628584511e-05,0.0,82.701007589
1508285164.5937092,1.6110450608008482,0.002931473987909306,0.0,-1.6574323036823846,-0.0005402637402281642,0.0,0.01774310982389804,0.0009076419479829763,0.0,0.2662308878530413,0.006884847016944281,0.0,-0.36918331436278656,-8.129458034281616e-08,0.0,-0.03186568337721202,8.129458034278731e-08,0.0,0.02938503049801028,-0.008167416184786135,0.0,82.721005055
1508285164.6137094,1.6110450608008482,9.380716761309768e-07,0.0,-1.6574323036823846,-0.002190484720046878,0.0,0.017834334038930866,0.040137568910317285,0.0,0.26614566669815876,0.0015793586471999957,0.0,-0.36918331436278656,-0.031600623565711576,0.0,-0.03186568337721202,0.031600623565711576,0.0,0.02938503049801028,0.010121972277970084,0.0,82.741005096
1508285164.63371,1.6110450608008482,3.0018293636191223e-10,0.0,-1.657459453784825,-0.0046709686404541395,0.0,0.017788721931414342,-0.0008918006941102613,0.0,0.26614566669815876,-0.0002721895578105077,0.0,-0.36918331436278656,4.034663041058024e-05,0.0,-0.03186568337721202,-4.034663041058024e-05,0.0,0.02938503049801028,-0.04897458654005969,0.0,82.761005654
1508285164.6537132,1.6110450608008482,-2.3373852982002157e-05,0.0,-1.657459453784825,0.0005369828680355055,0.0,0.017788721931414342,-0.0009049264263515554,0.0,0.26614566669815876,0.006573973475237448,0.0,-0.36918331436278656,1.2910921731385663e-08,0.0,-0.03186568337721202,-1.2910921731385663e-08,0.0,0.02938503049801028,-0.03480950363398456,0.0,82.781009
1508285164.6737115,1.6110450608008482,-7.479632954240683e-09,0.0,-1.657459453784825,-0.010438291968242246,0.0,0.017788721931414342,0.010238708595880408,0.0,0.2662308878530413,0.0002758100554763718,0.0,-0.36918331436278656,4.131494954043408e-12,0.0,-0.03186568337721202,-4.131494954043408e-12,0.0,0.029487775359891433,0.04277792654611773,0.0,82.801007276
1508285164.6937103,1.6110450608008482,-2.3934825453570157e-12,0.0,-1.657459453784825,-0.012686878269584546,0.0,0.017788721931414342,0.021018918709960404,0.0,0.2662308878530413,-0.00027332371128225766,0.0,-0.36918331436278656,1.3220783852938892e-15,0.0,-0.03186568337721202,-1.3220783852938892e-15,0.0,0.02938503049801028,-0.03936474836193756,0.0,82.821005938
1508285164.71371,1.6110450608008482,-7.659144145142443e-16,0.0,-1.657459453784825,-0.0021937895424317595,0.0,0.017788721931414342,-0.003613869591082782,0.0,0.26614566669815876,0.008175111930815514,0.0,-0.36918331436278656,0.0015113155638773897,0.0,-0.03186568337721202,-0.0015113155638773897,0.0,0.02938503049801028,-0.03127689461852265,0.0,82.841005856
1508285164.7337112,1.6110450608008482,-2.450926126445579e-19,0.0,-1.6574323036823846,-0.011286175918251626,0.0,0.01774310982389804,-0.017679392608406876,0.0,0.26614566669815876,0.006485761508613169,0.0,-0.36918331436278656,4.836209804407641e-07,0.0,-0.03186568337721202,-4.836209804407641e-07,0.0,0.02938503049801028,0.0020245968552681593,0.0,82.861006947
1508285164.7537174,1.6110450608008482,-7.842963604625843e-23,0.0,-1.6574323036823846,0.013013863052884492,0.0,0.01774310982389804,-0.02187498381714847,0.0,0.2662308878530413,-0.001136561516438512,0.0,-0.36918331436278656,1.5475871374104435e-10,0.0,-0.03186568337721202,-1.5475871374104435e-10,0.0,0.029487775359891433,0.03941697827398957,0.0,82.881013215
1508285164.773715,1.6110450608008482,-2.509748353480267e-26,0.0,-1.657459453784825,-0.003926133447288664,0.0,0.017788721931414342,-0.0007069282248487786,0.0,0.26614566669815876,0.008129627670485378,0.0,-0.36918331436278656,0.0063299256886884024,0.0,-0.03186568337721202,-0.0063299256886884024,0.0,0.02938503049801028,-0.0016292703537558045,0.0,82.901010759
1508285164.7937114,1.6110450608008482,-8.031194731136844e-30,0.0,-1.6574323036823846,-0.010050505649839253,0.0,0.01774310982389804,-0.010980841411029806,0.0,0.2662308878530413,0.03420771447687109,0.0,-0.36918331436278656,2.0255762203802867e-06,0.0,-0.03186568337721202,-2.0255762203802867e-06,0.0,0.02938503049801028,0.0003282468281551123,0.0,82.921007262
1508285164.8137124,1.6110450608008482,-2.569982313963787e-33,0.0,-1.657459453784825,-0.011213808548029825,0.0,0.017788721931414342,0.018830254672242638,0.0,0.2662308878530413,-0.008441038247682353,0.0,-0.36918331436278656,6.481843905216912e-10,0.0,-0.03186568337721202,-6.481843905216912e-10,0.0,0.029487775359891433,0.0505783675544868,0.0,82.941008011
1508285164.8337126,1.6110450608008482,-8.22394340468411e-37,0.0,-1.6574323036823846,0.006642444163201354,0.0,0.017834334038930866,0.017038234350886337,0.0,0.2662308878530413,0.03481804343571254,0.0,-0.36918331436278656,-0.0063496191272138704,0.0,-0.03186568337721202,0.0063496191272138704,0.0,0.02938503049801028,0.009909724106656529,0.0,82.96100830500001
1508285164.8537147,1.6110450608008482,-2.6316618894989126e-40,0.0,-1.657459453784825,-0.020078271794049463,0.0,0.017788721931414342,-0.0029311071904542982,0.0,0.26614566669815876,-0.03430180233255612,0.0,-0.36918331436278656,-2.031878120708436e-06,0.0,-0.03186568337721202,2.031878120708436e-06,0.0,0.029487775359891433,0.04130598028076421,0.0,82.981010399
1508285164.8737159,1.6110450608008482,-0.015308439544033589,0.0,-1.657459453784825,-0.006172434516638938,0.0,0.017788721931414342,0.017657279688998235,0.0,0.26614566669815876,0.001680331636322166,0.0,-0.36918331436278656,-0.030357992470073775,0.0,-0.03186568337721202,0.032888453464248804,0.0,0.02938503049801028,-0.001565206179372185,0.0,83.001011614
1508285164.8937128,1.6110450608008482,-4.898700654090742e-06,0.0,-1.6574051535799441,-0.00045201303202443705,0.0,0.017788721931414564,0.0007617128519713445,0.0,0.26614566669815876,5.377061236230925e-07,0.0,-0.36910424318815327,0.025727974177439855,0.0,-0.03194475455184531,-0.02572716442992172,0.0,0.029487775359891433,0.04166316421620571,0.0,83.021008481
1508285164.9137166,1.6110450608008482,-0.002956766153539737,0.0,-1.657459453784825,-0.0004342155273778699,0.0,0.017788721931414342,0.008055898075252185,0.0,0.26614566669815876,-0.04096777509204159,0.0,-0.36918331436278656,8.232951736780743e-06,0.0,-0.03186568337721202,-8.23269261757494e-06,0.0,0.02938503049801028,-0.0015632414765660012,0.0,83.041012285
1508285164.933714,1.6110815841529407,0.014585108752696505,0.0,-1.6574323036823846,0.010859901367677668,0.0,0.017834334038930866,0.01818926086478648,0.0,0.26614566669815876,0.0016267258611199187,0.0,-0.36910424318815327,2.6345445557698343e-09,0.0,-0.03194475455184531,-2.6344616376239778e-09,0.0,0.029487775359891433,-5.002372725011198e-07,0.0,83.061009757
1508285164.9537168,1.6110450608008482,4.667234800862877e-06,0.0,-1.6574323036823846,0.008354020334372598,0.0,0.01774310982389804,-0.021317193692878017,0.0,0.2662308878530413,-0.001102859285016498,0.0,-0.36918331436278656,-0.031615685799836,0.0,-0.03186568337721202,0.03161568579983603,0.0,0.029487775359891433,0.03319469600055523,0.0,83.081012528
1508285164.973781,1.6110450608008482,1.4935151362761188e-09,0.0,-1.6574323036823846,0.000258179908900336,0.0,0.01774310982389804,-0.03569775153042173,0.0,0.2662308878530413,0.034300335739937855,0.0,-0.36910424318815327,0.0012512038041204657,0.0,-0.03194475455184531,-0.0012512038041204657,0.0,0.02938503049801028,-0.0016283344271779015,0.0,83.101076754
1508285164.9937143,1.6110450608008482,-0.015027620117347444,0.0,-1.6574323036823846,0.013186952855533786,0.0,0.01774310982389804,-0.022106939220595423,0.0,0.2662308878530413,0.02793015196717668,0.0,-0.36918331436278656,-5.021486891203372e-05,0.0,-0.03186568337721202,5.021486891203372e-05,0.0,0.029487775359891433,0.03365957039148379,0.0,83.121009945
1508285165.0137136,1.6110450608008482,-4.808838437551177e-06,0.0,-1.657459453784825,0.0016794393233304328,0.0,0.017788721931414342,0.0043153684681772435,0.0,0.26614566669815876,8.937648629496526e-06,0.0,-0.36918331436278656,-0.0014588863325217818,0.0,-0.03186568337721202,0.0014588863325217818,0.0,0.02938503049801028,-0.03949870532989138,0.0,83.141009316
1508285165.0337162,1.6110450608008482,0.00011689559570839441,0.0,-1.657459453784825,-0.0109112458189317,0.0,0.017788721931414342,0.018391358110033684,0.0,0.26614566669815876,0.001307477303262919,0.0,-0.36918331436278656,-4.6684362640696967e-07,0.0,-0.03186568337721202,4.6684362640696967e-07,0.0,0.029487775359891433,-1.2639585705565229e-05,0.0,83.161011952
1508285165.053721,1.6110450608008482,-0.0005835437049327403,0.0,-1.657459453784825,0.0008467705813734435,0.0,0.017788721931414342,-2.328428745084016e-05,0.0,0.26614566669815876,-0.005719909254562938,0.0,-0.36918331436278656,-1.4938996045023013e-10,0.0,-0.03186568337721202,1.4938996045023013e-10,0.0,0.02938503049801028,-0.03942007705109863,0.0,83.181016718
1508285165.0737183,1.6110450608008482,-1.8673398557847669e-07,0.0,-1.657459453784825,-0.0004519107480638965,0.0,0.017788721931414342,-0.0007010813610367448,0.0,0.26614566669815876,-0.03418704518970227,0.0,-0.36902517201352003,0.030452104379519104,0.0,-0.03202382572647858,-0.030452104379530144,0.0,0.02938503049801028,-0.01017491468547763,0.0,83.201013982
1508285165.0937154,1.6110815841529407,0.014608658114033073,0.0,-1.6574323036823846,0.0039034736632112027,0.0,0.01774310982389804,-0.0008793758100558614,0.0,0.2662308878530413,0.034294169125362955,0.0,-0.36918331436278656,-0.006183751886704581,0.0,-0.03186568337721202,0.006183751886704577,0.0,0.029487775359891433,0.04115830326365739,0.0,83.221011057
1508285165.1137164,1.6110450608008482,4.674770596490578e-06,0.0,-1.657459453784825,-0.010938806103038103,0.0,0.017788721931414342,0.016925184946981215,0.0,0.2662308878530413,-0.00031678740524923116,0.0,-0.36910424318815327,-0.00020456642747139877,0.0,-0.03194475455184531,0.00020456642747139877,0.0,0.029487775359891433,0.0013873287607459699,0.0,83.241012058
1508285165.133716,1.6110450608008482,0.000584138928814613,0.0,-1.6574323036823846,0.0004132942819104168,0.0,0.01774310982389804,-0.037174082040749325,0.0,0.26614566669815876,-0.027204107396400976,0.0,-0.36926238553741986,-0.031366533292457574,0.0,-0.03178661220257875,0.03136653329244647,0.0,0.02938503049801028,-0.04272903845333022,0.0,83.261011876
1508285165.1537192,1.6110450608008482,-0.00011671021007947374,0.0,-1.657459453784825,0.0025873661390186436,0.0,0.017788721931414342,-0.004358442478378427,0.0,0.26614566669815876,-6.299192939232492e-05,0.0,-0.3693414567120531,0.005046363505626243,0.0,-0.03170754102794546,-0.005046363505624915,0.0,0.029487775359891433,0.039405030499510246,0.0,83.281014992
1508285165.1737201,1.6110450608008482,-3.734726722543156e-08,0.0,-1.6574323036823846,0.0017356499460154803,0.0,0.01774310982389804,0.004379965282993769,0.0,0.2662308878530413,0.03370172069849484,0.0,-0.36910424318815327,0.007596950797225836,0.0,-0.03194475455184531,-0.007596950797225389,0.0,0.02938503049801028,-0.04280009997506751,0.0,83.301015802
1508285165.1937165,1.6110815841529407,0.017522733168738352,0.0,-1.6574323036823846,0.011286350970210657,0.0,0.01774310982389804,-0.01744659687072923,0.0,0.26614566669815876,1.0784550623518339e-05,0.0,-0.36918331436278656,-0.006325230202534743,0.0,-0.03186568337721202,0.006325230202534743,0.0,0.029487775359891433,0.032835703699443324,0.0,83.321012283
1508285165.2137172,1.6110450608008482,5.607274613996266e-06,0.0,-1.6574323036823846,0.00911751753195141,0.0,0.01774310982389804,-0.013848124332544589,0.0,0.26614566669815876,0.0013176081488645644,0.0,-0.36918331436278656,-5.2627260741086894e-05,0.0,-0.03186568337721202,5.262726074106912e-05,0.0,0.02938503049801028,0.010148940106215653,0.0,83.34101283
1508285165.2337174,1.6110450608008482,1.7943278764788032e-09,0.0,-1.657459453784825,0.0017498988647355175,0.0,0.017788721931414342,-0.0026475910297974396,0.0,0.2662308878530413,0.03387986245502032,0.0,-0.36918331436278656,-0.0062999669963893735,0.0,-0.03186568337721202,0.0062999669963893735,0.0,0.02938503049801028,-0.03121359896186897,0.0,83.361013092
1508285165.2537167,1.6110450608008482,5.741849204732164e-13,0.0,-1.6574051535799441,-0.0026047446335129877,0.0,0.017788721931414564,0.004376058303396011,0.0,0.26614566669815876,0.001319360558093491,0.0,-0.36918331436278656,0.012644258330828337,0.0,-0.03186568337721202,2.015989436625049e-06,0.0,0.02938503049801028,-0.041099409808679904,0.0,83.381012324
1508285165.2737195,1.6110450608008482,0.0024531119844315484,0.0,-1.6574323036823846,-8.335182827241551e-07,0.0,0.01774310982389804,-0.03629620099031634,0.0,0.2662308878530413,4.221953785899166e-07,0.0,-0.36918331436278656,4.046162665865064e-06,0.0,-0.03186568337721202,6.451166197200151e-10,0.0,0.02938503049801028,0.009586183455507415,0.0,83.401015231
1508285165.2937179,1.6110450608008482,7.849958350180945e-07,0.0,-1.6574323036823846,-0.0026751515495210773,0.0,0.01774310982389804,0.004191111414836479,0.0,0.2662308878530413,-0.006821439384141232,0.0,-0.36910424318815327,1.294772053076819e-09,0.0,-0.03194475455184531,2.0643731831040462e-13,0.0,0.02938503049801028,-0.05084171018364321,0.0,83.42101358
1508285165.3137183,1.6110450608008482,-0.0029227766011721192,0.0,-1.6574323036823846,-0.008692886337611845,0.0,0.01774310982389804,-0.021843054220336548,0.0,0.2662308878530413,-0.006821995516140683,0.0,-0.36918331436278656,4.1432705698458165e-13,0.0,-0.03186568337721202,6.605994185932941e-17,0.0,0.02938503049801028,0.0016254189771891432,0.0,83.441013998
1508285165.3337204,1.6110815841529407,0.014631574413076234,0.0,-1.6574323036823846,0.01078757477824605,0.0,0.01774310982389804,-0.018134763032782563,0.0,0.2662308878530413,0.027322153030867515,0.0,-0.36910424318815327,0.031729112083149935,0.0,-0.03194475455184531,-0.0317291120831498,0.0,0.02938503049801028,-0.00032836567383005247,0.0,83.461016208
1508285165.3537197,1.6110450608008482,0.000588889151458029,0.0,-1.657459453784825,0.0004550185260429429,0.0,0.017788721931414342,-0.0007644337735515091,0.0,0.26614566669815876,0.0065451098862184835,0.0,-0.36918331436278656,-0.03162953404458519,0.0,-0.03186568337721202,0.031629534044585204,0.0,0.029487775359891433,0.041046989593071424,0.0,83.481015459
1508285165.3737254,1.6110450608008482,-0.0005842972281550057,0.0,-1.6574323036823846,0.01089506267858484,0.0,0.01774310982389804,-0.01801163628650925,0.0,0.2662308878530413,0.04101334153307762,0.0,-0.36910424318815327,0.030454539185804076,0.0,-0.03194475455184531,-0.029948265916415102,0.0,0.02938503049801028,-0.032607694692092376,0.0,83.501021052
1508285165.3937192,1.6110450608008482,-1.8697511300960165e-07,0.0,-1.6574323036823846,0.0034844131779269154,0.0,0.01774310982389804,-5.7637235974487355e-06,0.0,0.26614566669815876,-0.008493099944654362,0.0,-0.36910424318815327,-0.00631716131362958,0.0,-0.03194475455184531,0.006317323321075784,0.0,0.029487775359891433,0.031301346981833844,0.0,83.521014958
1508285165.4137197,1.6110450608008482,-5.983203616307247e-11,0.0,-1.6574323036823846,-1.6260241398645627e-05,0.0,0.017834334038930866,0.037190493870839385,0.0,0.2662308878530413,0.03613069353000563,0.0,-0.36902517201352003,0.03347322087777539,0.0,-0.03202382572647858,-0.033473220825944755,0.0,0.02938503049801028,-0.033304537214270624,0.0,83.541015311
1508285165.4337225,1.6110450608008482,-1.9146251572183167e-14,0.0,-1.6574323036823846,-6.947929492036079e-05,0.0,0.01774310982389804,-0.027896865238989828,0.0,0.26614566669815876,-0.03434793720584017,0.0,-0.36918331436278656,-0.0012542174619975318,0.0,-0.03186568337721202,0.0012542174620136738,0.0,0.029487775359891433,-1.0657451908566586e-05,0.0,83.561018334
1508285165.4537222,1.6110815841529407,0.014716881345296534,0.0,-1.657459453784825,-0.010071449215697819,0.0,0.017788721931414342,0.01837021773569921,0.0,0.2662308878530413,-1.0991339905868843e-05,0.0,-0.36918331436278656,-4.013495878392097e-07,0.0,-0.03186568337721202,4.0134958784437513e-07,0.0,0.02938503049801028,0.0012487670825019927,0.0,83.581018046
1508285165.4737227,1.6110450608008482,0.0007052014052965707,0.0,-1.6574323036823846,0.011245055659717517,0.0,0.01774310982389804,-0.01714158691342164,0.0,0.26614566669815876,0.0068238777534238544,0.0,-0.36918331436278656,-1.2843186810854697e-10,0.0,-0.03186568337721202,1.284318681101999e-10,0.0,0.02938503049801028,-0.0426322589205426,0.0,83.601018404
1508285165.4937208,1.6110450608008482,0.0029233510888958983,0.0,-1.657459453784825,-6.867138859929395e-05,0.0,0.017788721931414342,0.00011592779504433705,0.0,0.26614566669815876,-0.008231605741965976,0.0,-0.36918331436278656,-4.1098197794734984e-14,0.0,-0.03186568337721202,4.109819779526392e-14,0.0,0.02938503049801028,-0.04978834353819182,0.0,83.621016613
1508285165.5137215,1.6110815841529407,0.014724194712331816,0.0,-1.657459453784825,-0.013013314654015168,0.0,0.017788721931414342,-0.014621294101307686,0.0,0.26614566669815876,-2.634113837429109e-06,0.0,-0.36910424318815327,0.006326906766169024,0.0,-0.03194475455184531,-0.006326906766169024,0.0,0.02938503049801028,-0.00034321794515145557,0.0,83.641017131
1508285165.533724,1.6110450608008482,-0.0034878743715593815,0.0,-1.6574323036823846,-0.003122919691226011,0.0,0.01774310982389804,-0.0034885940036793587,0.0,0.2662308878530413,0.03287360732454044,0.0,-0.36918331436278656,0.006293673536873702,0.0,-0.03186568337721202,-0.006293673536873702,0.0,0.029487775359891433,0.04253936082967244,0.0,83.66101968
1508285165.553724,1.6110815841529407,0.014580755667559269,0.0,-1.657459453784825,6.853259917028355e-05,0.0,0.017788721931414342,0.00017390443905178032,0.0,0.26614566669815876,-0.03979848595089634,0.0,-0.36926238553741986,2.0139755317995826e-06,0.0,-0.03178661220257875,-2.0139755317995826e-06,0.0,0.02938503049801028,-0.03943229508549481,0.0,83.681019765
1508285165.5737233,1.6110450608008482,4.665841813618962e-06,0.0,-1.6574323036823846,0.011679245512986706,0.0,0.01774310982389804,-0.018219812021028306,0.0,0.26614566669815876,-0.03394589614760328,0.0,-0.36926238553741986,6.444721701758657e-10,0.0,-0.03178661220257875,-6.444721701758657e-10,0.0,0.029487775359891433,0.04096357928797155,0.0,83.701019075
1508285165.593721,1.6110450608008482,2.3328075685589165e-05,0.0,-1.6574323036823846,0.013013698027823583,0.0,0.017834334038930866,0.014608057891249276,0.0,0.26614566669815876,0.005451631056419159,0.0,-0.36918331436278656,0.006328415867571731,0.0,-0.03186568337721202,-0.006328415867569509,0.0,0.029487775359891433,-0.008144396768960624,0.0,83.721016645
1508285165.6137218,1.6110450608008482,7.464984219388526e-09,0.0,-1.6574323036823846,0.0026065747594272775,0.0,0.01774310982389804,-0.004367368662731592,0.0,0.26614566669815876,-0.00021604791506180118,0.0,-0.36918331436278656,0.00020410055008786965,0.0,-0.03186568337721202,-0.00020410055008779796,0.0,0.02938503049801028,-0.03486216897277826,0.0,83.741017575
1508285165.6337237,1.6110450608008482,0.0005870053115489293,0.0,-1.6574323036823846,-0.003626016459583439,0.0,0.01774310982389804,-3.059490359389039e-05,0.0,0.2662308878530413,0.040600782937590695,0.0,-0.36918331436278656,0.0065269613657168,0.0,-0.03186568337721202,-0.006628191873975488,0.0,0.02938503049801028,-0.0476388420086748,0.0,83.76101958
1508285165.6537275,1.6110450608008482,0.0029212230799289195,0.0,-1.657459453784825,-0.019456806004072204,0.0,0.017788721931414342,0.0035020014731306456,0.0,0.26614566669815876,0.0057949076281330345,0.0,-0.36918331436278656,2.088627637029374e-06,0.0,-0.03186568337721202,-2.1210213996721536e-06,0.0,0.029487775359891433,0.049288230455657125,0.0,83.781023293
