left_wam/base_yaw_joint_pos,left_wam/base_yaw_joint_vel,left_wam/base_yaw_joint_eff,left_wam/shoulder_pitch_joint_pos,left_wam/shoulder_pitch_joint_vel,left_wam/shoulder_pitch_joint_eff,left_wam/shoulder_yaw_joint_pos,left_wam/shoulder_yaw_joint_vel,left_wam/shoulder_yaw_joint_eff,left_wam/elbow_pitch_joint_pos,left_wam/elbow_pitch_joint_vel,left_wam/elbow_pitch_joint_eff,left_wam/wrist_yaw_joint_pos,left_wam/wrist_yaw_joint_vel,left_wam/wrist_yaw_joint_eff,left_wam/wrist_pitch_joint_pos,left_wam/wrist_pitch_joint_vel,left_wam/wrist_pitch_joint_eff,left_wam/palm_yaw_joint_pos,left_wam/palm_yaw_joint_vel,left_wam/palm_yaw_joint_eff,header_from_controller_start
1508285124.1332202,1.6110450608008482,-1.4299024947896295e-11,0.0,-1.6574323036823846,0.01040294338018856,0.0,0.01774310982389804,-0.017765862983686508,0.0,0.2662308878530413,0.034507670959087834,0.0,-0.36926238553741986,-0.006339753241109398,0.0,-0.03178661220257875,0.006339753241107174,0.0,0.029487775359891433,-0.006262546489381546,0.0,42.260515892
1508285124.1532195,1.6110450608008482,-4.575687983326809e-15,0.0,-1.6574323036823846,0.004778205104877356,0.0,0.01774310982389804,-0.0007420278040814482,0.0,0.26614566669815876,1.1042454706908094e-05,0.0,-0.36918331436278656,-2.028721037155005e-06,0.0,-0.03186568337721202,2.028721037154293e-06,0.0,0.02938503049801028,-2.004014876602092e-06,0.0,42.280515208
1508285124.1732216,1.6110450608008482,-0.0005823332545493341,0.0,-1.6574323036823846,0.002084355956599985,0.0,0.01774310982389804,0.0034989068405886703,0.0,0.2662308878530413,0.033969443382326096,0.0,-0.36918331436278656,0.00030313070741341727,0.0,-0.03186568337721202,-0.00030313070741341727,0.0,0.02938503049801028,-0.0019664771661510295,0.0,42.300517426
1508285124.1932213,1.6110450608008482,0.002911825852952392,0.0,-1.6574323036823846,-0.002684993903824115,0.0,0.01774310982389804,0.002820881720142177,0.0,0.26614566669815876,0.00680556535427389,0.0,-0.36918331436278656,0.0013159005435153578,0.0,-0.03186568337721202,-0.0013159005435148961,0.0,0.02938503049801028,-0.0013171473536331682,0.0,42.320516998
1508285124.2132194,1.6110450608008482,9.317842729447644e-07,0.0,-1.6574323036823846,-0.01074882522298913,0.0,0.01774310982389804,-0.018113785981587506,0.0,0.26614566669815876,0.0013110216131839694,0.0,-0.36918331436278656,-0.006352999295908895,0.0,-0.03186568337721202,-0.006353841472254515,0.0,0.029487775359891433,0.03942278189724794,0.0,42.340515116
1508285124.2332187,1.6110450608008482,2.981709673423243e-10,0.0,-1.6574323036823846,-0.0021761233019439944,0.0,0.01774310982389804,-0.003655899822055223,0.0,0.26614566669815876,0.006765699692414082,0.0,-0.36910424318815327,-2.032959774690844e-06,0.0,-0.03178661220257875,-2.0332292711214423e-06,0.0,0.02938503049801028,-0.03113724574525025,0.0,42.360514372
1508285124.2532225,1.6110450608008482,9.541470954954368e-14,0.0,-1.657459453784825,-0.011368816976104592,0.0,0.017788721931414342,0.01763685604942133,0.0,0.26614566669815876,-0.008181935535484935,0.0,-0.36918331436278656,0.000253015284834251,0.0,-0.03186568337721202,-0.00025301658601465684,0.0,0.02938503049801028,-7.58825702893521e-05,0.0,42.38051817
1508285124.2732205,1.6110450608008482,3.0532707055853936e-17,0.0,-1.6574051535799441,0.011239554358946491,0.0,0.017788721931414564,0.017440552457550152,0.0,0.2662308878530413,0.042121362753453434,0.0,-0.36918331436278656,8.096489114696024e-08,0.0,-0.03186568337721202,-8.09653075246901e-08,0.0,0.02938503049801028,0.00203146830021962,0.0,42.400516364
1508285124.2932205,1.6110450608008482,9.770466257873248e-21,0.0,-1.6574323036823846,3.596657394862873e-06,0.0,0.01774310982389804,0.007338145966975845,0.0,0.26614566669815876,-0.02724541246612311,0.0,-0.36918331436278656,0.00025349945047754434,0.0,-0.03186568337721202,-0.0002534994504776776,0.0,0.02938503049801028,-0.03325853506783185,0.0,42.420516246
1508285124.3132224,1.6110450608008482,3.1265492025194356e-24,0.0,-1.6574323036823846,0.011625804083621766,0.0,0.01774310982389804,-0.018070323210472892,0.0,0.26614566669815876,-0.0010999802497928003,0.0,-0.36926238553741986,-5.035373064310126e-05,0.0,-0.03178661220257875,5.035373064308351e-05,0.0,0.029487775359891433,-0.0019807125465420915,0.0,42.440518063
1508285124.3332193,1.6110450608008482,1.0004957448062183e-27,0.0,-1.657459453784825,0.0022623069084583454,0.0,0.017788721931414342,-0.00350895848777326,0.0,0.26614566669815876,0.001361823757882282,0.0,-0.36918331436278656,0.0012638582954726156,0.0,-0.03186568337721202,-0.001263858295472172,0.0,0.02938503049801028,-0.0016429086791953668,0.0,42.460515095
1508285124.3532226,1.6110450608008482,-0.0029213833949918258,0.0,-1.6574323036823846,-1.6665825876756872e-05,0.0,0.01774310982389804,2.8091895584698777e-05,0.0,0.26614566669815876,0.0003282037406493465,0.0,-0.36918331436278656,-0.00025306471771162836,0.0,-0.03186568337721202,-0.0002538735870206417,0.0,0.02938503049801028,-0.043105988977599916,0.0,42.480518233
1508285124.3732216,1.6110450608008482,-9.348426863973833e-07,0.0,-1.6574323036823846,0.013025395523889418,0.0,0.01774310982389804,-0.01451854632032542,0.0,0.26614566669815876,-0.0339508979746336,0.0,-0.36918331436278656,0.0002530556539849522,0.0,-0.031707541027945485,0.0002530553951466844,0.0,0.02938503049801028,-0.041012075297619355,0.0,42.500517326
1508285124.3932219,1.6110450608008482,-2.9914965964716226e-10,0.0,-1.6574051535799441,0.008760857359289826,0.0,0.017788721931414564,0.014415084254553949,0.0,0.2662308878530413,-0.00164323985119898,0.0,-0.36926238553741986,8.097780927518463e-08,0.0,-0.03178661220257875,8.097772644693892e-08,0.0,0.02938503049801028,-0.041079776411333,0.0,42.520517522
1508285124.4132218,1.6110450608008482,-9.572789108709182e-14,0.0,-1.6574323036823846,7.238513472542088e-05,0.0,0.01774310982389804,-0.00011228419694251584,0.0,0.26614566669815876,-0.00032770174858838536,0.0,-0.36918331436278656,0.0015084593741531637,0.0,-0.03186568337721202,-0.0015084593223268627,0.0,0.029487775359891433,0.05123084883361026,0.0,42.540517634
1508285124.433222,1.6110450608008482,-3.0632925147869347e-17,0.0,-1.657459453784825,-0.009366269496146168,0.0,0.017788721931414342,0.01456173103923691,0.0,0.26614566669815876,0.00032600962140734235,0.0,-0.36918331436278656,-0.006322654453136081,0.0,-0.03186568337721202,-0.006323619867116735,0.0,0.02938503049801028,-0.04073867657044701,0.0,42.560517875
1508285124.4532225,1.6110450608008482,-9.80253604731818e-21,0.0,-1.6574323036823846,-0.010854195462087834,0.0,0.01774310982389804,-0.01828380586475731,0.0,0.26614566669815876,-0.0002726231396266318,0.0,-0.36918331436278656,-0.02558608991827655,0.0,-0.03186568337721202,0.025075950911659064,0.0,0.02938503049801028,-1.3036376502543027e-05,0.0,42.580518226
1508285124.4732215,1.6110450608008482,-3.136811535141814e-24,0.0,-1.6574323036823846,-0.010407360986538841,0.0,0.01774310982389804,-0.017484357311468617,0.0,0.26614566669815876,0.00027121707240433093,0.0,-0.36918331436278656,-8.187548773848488e-06,0.0,-0.03186568337721202,8.024304291730891e-06,0.0,0.029487775359891433,0.04969710778630962,0.0,42.600517213
1508285124.4932287,1.6110450608008482,-0.0029068319122368853,0.0,-1.6574051535799441,0.004753958871302845,0.0,0.017788721931414564,0.0007262583756910992,0.0,0.2662308878530413,0.028509974804141195,0.0,-0.36918331436278656,-2.6200156076315134e-09,0.0,-0.03186568337721202,2.5677773733538824e-09,0.0,0.02938503049801028,-0.006776283800229183,0.0,42.620524337
1508285124.5132232,1.6110450608008482,-9.301862119158023e-07,0.0,-1.6574051535799441,0.008343612615638141,0.0,0.017788721931414564,0.02127896049062563,0.0,0.26614566669815876,0.0013510037393174197,0.0,-0.36918331436278656,0.005101537587823716,0.0,-0.03186568337721202,0.005101537589482019,0.0,0.02938503049801028,6.315694174367289e-05,0.0,42.640518961
1508285124.5332224,1.6110450608008482,-2.9765958781305644e-10,0.0,-1.6574323036823846,-0.0017339755857306172,0.0,0.01774310982389804,0.004383367129807853,0.0,0.26614566669815876,-0.034019712273452136,0.0,-0.36918331436278656,-0.031614053308650955,0.0,-0.03186568337721202,0.03161731829270769,0.0,0.02938503049801028,2.0210221357975302e-08,0.0,42.660518244
1508285124.553226,1.6110450608008482,-9.525106810017795e-14,0.0,-1.6574323036823846,0.010496621863104233,0.0,0.01774310982389804,-0.01904767225516411,0.0,0.26614566669815876,-0.033736032012328054,0.0,-0.36926238553741986,-0.03155438415123765,0.0,-0.03178661220257875,0.03155438519602148,0.0,0.02938503049801028,-0.031077808734481967,0.0,42.680521717
1508285124.5732238,1.6110450608008482,-3.048034179205691e-17,0.0,-1.6574323036823846,0.004830058277558938,0.0,0.01774310982389804,-0.001022219418317451,0.0,0.26614566669815876,-6.512082013170521e-05,0.0,-0.36918331436278656,0.0012436242048178463,0.0,-0.03186568337721202,-0.0012436242044830757,0.0,0.02938503049801028,-7.544089464097309e-05,0.0,42.700519532
1508285124.5932257,1.6110450608008482,-9.753709373458202e-21,0.0,-1.6574323036823846,0.011319631452662618,0.0,0.01774310982389804,-0.01749135707201837,0.0,0.26614566669815876,-0.0013685527584839216,0.0,-0.36918331436278656,3.979597455417103e-07,0.0,-0.03186568337721202,-3.979597454345837e-07,0.0,0.02938503049801028,-6.579345991476934e-05,0.0,42.720521381
1508285124.613224,1.6110450608008482,-3.121186999506621e-24,0.0,-1.6574323036823846,-0.0020990536844468018,0.0,0.01774310982389804,0.0038176189458272577,0.0,0.26614566669815876,0.0013694051512451804,0.0,-0.36918331436278656,0.006325398511881594,0.0,-0.03186568337721202,-0.006325398511879373,0.0,0.02938503049801028,-2.1053907172726166e-08,0.0,42.740519713
1508285124.633223,1.6110450608008482,-9.987798398421176e-28,0.0,-1.6574051535799441,0.01962568908129218,0.0,0.017788721931414564,0.0034128728630096914,0.0,0.26614566669815876,0.0013439377786403455,0.0,-0.36918331436278656,-0.006165312814347387,0.0,-0.03186568337721202,0.006165312814345223,0.0,0.02938503049801028,-0.040978788564215086,0.0,42.760518772
1508285124.6532366,1.6110450608008482,-3.1960954874947723e-31,0.0,-1.6574323036823846,0.0017780134018890166,0.0,0.01774310982389804,-0.002975415410871382,0.0,0.26614566669815876,0.005507164666686879,0.0,-0.36918331436278656,0.03806841153840844,0.0,-0.03186568337721202,-0.038068411538395075,0.0,0.02938503049801028,-0.04090546282281675,0.0,42.780532313
1508285124.6732635,1.6110450608008482,0.002919295698425609,0.0,-1.6574051535799441,0.016942442657697846,0.0,0.017788721931414564,0.0007870123638509596,0.0,0.26614566669815876,0.006813452255692344,0.0,-0.36918331436278656,0.0012773532088585155,0.0,-0.03186568337721202,-0.0012773532088580675,0.0,0.02938503049801028,-0.00040743233809166144,0.0,42.80055922
1508285124.6932237,1.6110450608008482,9.34174623496194e-07,0.0,-1.657459453784825,-0.008673651416530873,0.0,0.017788721931414342,0.014639903418038797,0.0,0.26614566669815876,2.1803047218215476e-06,0.0,-0.36918331436278656,-0.001217460039064827,0.0,-0.03186568337721202,0.0012174600390648452,0.0,0.029487775359891433,0.04107141455065599,0.0,42.820519444
1508285124.713225,1.6110450608008482,2.9893587951878174e-10,0.0,-1.6574323036823846,-0.011026660628697327,0.0,0.01774310982389804,-0.018515415908980537,0.0,0.26614566669815876,-0.006817373116742784,0.0,-0.36918331436278656,-0.006325787971746976,0.0,-0.03186568337721202,0.006325787971744755,0.0,0.029487775359891433,0.04140356940758819,0.0,42.84052059
1508285124.7332249,1.6110450608008482,9.565948144601006e-14,0.0,-1.6574323036823846,0.0047279264140796485,0.0,0.01774310982389804,0.0008147645875195219,0.0,0.26614566669815876,5.2092176241398756e-05,0.0,-0.36918331436278656,-0.031598884468811504,0.0,-0.03186568337721202,0.031598884468811504,0.0,0.029487775359891433,0.0003420565319424843,0.0,42.860520686
1508285124.7532263,1.6110450608008482,0.00011703667988056731,0.0,-1.6574323036823846,0.010839787019069088,0.0,0.01774310982389804,-0.010941738556623917,0.0,0.26614566669815876,0.00027310225588455346,0.0,-0.36918331436278656,-0.00031409924203647265,0.0,-0.03186568337721202,-0.00019265751620961,0.0,0.02938503049801028,-0.04081774605723618,0.0,42.880521893
1508285124.7732253,1.6110450608008482,3.74517375617815e-08,0.0,-1.6574323036823846,-0.003098669662037386,0.0,0.01774310982389804,0.0035172231675943584,0.0,0.26614566669815876,8.739272188305701e-08,0.0,-0.36918331436278656,0.0012630217697912202,0.0,-0.03186568337721202,-0.0012631839319538589,0.0,0.02938503049801028,-0.04141141455827632,0.0,42.900521106
1508285124.793227,1.6110450608008482,1.1984556019770069e-11,0.0,-1.6574323036823846,-0.00900787001795826,0.0,0.01774310982389804,-0.020944021968979796,0.0,0.26614566669815876,-0.0010924398865690208,0.0,-0.36918331436278656,4.0416696633319e-07,0.0,-0.03186568337721202,-4.042188582252344e-07,0.0,0.02938503049801028,-0.0019223281279955667,0.0,42.920522793
1508285124.813227,1.6110450608008482,3.835057926326418e-15,0.0,-1.657459453784825,-0.010807036528510077,0.0,0.017788721931414342,0.018144250949407772,0.0,0.26614566669815876,-0.0010908334020719192,0.0,-0.36918331436278656,-0.006325398255201046,0.0,-0.03186568337721202,-0.0063253985138822895,0.0,0.02938503049801028,0.006249147056850035,0.0,42.940522752
1508285124.8332276,1.6110450608008482,1.2272185364244526e-18,0.0,-1.6574051535799441,0.009101385319253908,0.0,0.017788721931414564,0.013843619309634882,0.0,0.26614566669815876,-5.454565416020019e-05,0.0,-0.36918331436278656,0.00025051015952019026,0.0,-0.03186568337721202,-0.0002545584144862969,0.0,0.02938503049801028,-0.0019686130682438946,0.0,42.960523314
1508285124.8532279,1.6110450608008482,3.9270993165582435e-22,0.0,-1.6574323036823846,0.0020632757317703226,0.0,0.01774310982389804,-0.0022874527125828987,0.0,0.26614566669815876,0.0002713834182312886,0.0,-0.36918331436278656,0.03160070370294835,0.0,-0.03186568337721202,-0.03160070499837886,0.0,0.029487775359891433,0.04918542752402661,0.0,42.980523562
1508285124.8732278,1.6110450608008482,1.2566717812986365e-25,0.0,-1.6574323036823846,0.01086278336892091,0.0,0.01774310982389804,-0.01824907298918947,0.0,0.26614566669815876,-5.453027458379722e-05,0.0,-0.36918331436278656,-0.031624421605660244,0.0,-0.03186568337721202,0.03162442160524571,0.0,0.02938503049801028,0.00980726129895921,0.0,43.000523467
1508285124.8932278,1.6110450608008482,4.021349700155632e-29,0.0,-1.6574323036823846,-0.010674564162836554,0.0,0.01774310982389804,-0.018294942999934737,0.0,0.26614566669815876,-0.0067428099312928135,0.0,-0.36918331436278656,-0.00505315048243608,0.0,-0.03186568337721202,0.005053150482434178,0.0,0.029487775359891433,0.039099178075102096,0.0,43.02052363
1508285124.9132333,1.6110450608008482,0.0005809529908504719,0.0,-1.6574051535799441,0.010379269542977458,0.0,0.017788721931414564,-0.017797839789922793,0.0,0.26614566669815876,-0.0014120851580958554,0.0,-0.36918331436278656,-0.0075900311567822214,0.0,-0.03186568337721202,0.0075900311567822214,0.0,0.029487775359891433,0.043031313689902796,0.0,43.040528964
1508285124.9332259,1.6110450608008482,-0.014575460315298293,0.0,-1.6574323036823846,-0.009001012758683374,0.0,0.01774310982389804,-0.01542395716556651,0.0,0.26614566669815876,0.0013571967720215667,0.0,-0.36918331436278656,0.0010050109984321518,0.0,-0.03186568337721202,-0.0010050109984317982,0.0,0.02938503049801028,-0.040989387464640765,0.0,43.060521676
1508285124.9532266,1.6110450608008482,-4.664147300895448e-06,0.0,-1.657459453784825,-0.010804728764720384,0.0,0.017788721931414342,0.018433492189782744,0.0,0.26614566669815876,0.001091245803759269,0.0,-0.36918331436278656,0.0314087461756625,0.0,-0.03186568337721202,-0.031408746175651384,0.0,0.02938503049801028,-0.04121898412325055,0.0,43.080522234
1508285124.9732282,1.6110450608008482,-1.4925271362865417e-09,0.0,-1.6574323036823846,-2.1019079780749003e-05,0.0,0.01774310982389804,3.540210757364493e-05,0.0,0.26614566669815876,-0.00032786019392790707,0.0,-0.36918331436278656,-0.0012550288781306828,0.0,-0.03186568337721202,0.0012550288781302422,0.0,0.029487775359891433,0.0427757216865903,0.0,43.100523932
1508285124.993229,1.6110450608008482,-4.776086836116928e-13,0.0,-1.657459453784825,0.0003483907461905133,0.0,0.017788721931414342,-0.0005852955960274086,0.0,0.26614566669815876,5.4343209388034334e-05,0.0,-0.36918331436278656,-4.0160924100181806e-07,0.0,-0.03186568337721202,4.0160924100167703e-07,0.0,0.02938503049801028,0.0003424172398875619,0.0,43.120524593
1508285125.0132349,1.6110450608008482,-1.5283477875574156e-16,0.0,-1.6574323036823846,-0.01180924666948228,0.0,0.01774310982389804,-0.01808782679388189,0.0,0.26614566669815876,1.7389827004170966e-08,0.0,-0.36918331436278656,-0.006335972313334028,0.0,-0.03186568337721202,0.0063359723133318046,0.0,0.02938503049801028,-0.05055642494414108,0.0,43.140530466
1508285125.0332284,1.6110450608008482,-4.890712920183724e-20,0.0,-1.6574323036823846,8.280830646978103e-05,0.0,0.01774310982389804,-0.0013165427893809618,0.0,0.26614566669815876,5.564744641334703e-12,0.0,-0.36918331436278656,-0.00025420176347653727,0.0,-0.03186568337721202,0.00025420176347644804,0.0,0.02938503049801028,4.9622645081276665e-05,0.0,43.160524016
1508285125.0532274,1.6110450608008482,-1.5650281344587897e-23,0.0,-1.6574323036823846,0.00034743826710185115,0.0,0.017834334038930866,0.03584745263762322,0.0,0.2662308878530413,0.02719637719368583,0.0,-0.36918331436278656,0.006344223658766597,0.0,-0.03186568337721202,0.006344386347892994,0.0,0.029487775359891433,0.03971773467589386,0.0,43.180523078
1508285125.0732307,1.6110450608008482,0.0005824716417295962,0.0,-1.6574323036823846,-0.002083346250827144,0.0,0.01774310982389804,-0.0052355426435312285,0.0,0.26614566669815876,8.702840701979455e-06,0.0,-0.36926238553741986,0.0063229077034302125,0.0,-0.03178661220257875,-0.006318847348225862,0.0,0.02938503049801028,-0.03917706843076197,0.0,43.200526448
1508285125.0932305,1.6110450608008482,1.8639092535347057e-07,0.0,-1.6574323036823846,0.00953925411667204,0.0,0.01774310982389804,-0.014570243500898623,0.0,0.26614566669815876,0.0002723730619864843,0.0,-0.36918331436278656,-0.0012621521799067834,0.0,-0.03186568337721202,0.0012621534792204487,0.0,0.02938503049801028,-0.0019835795211480497,0.0,43.220526229
1508285125.113232,1.6110450608008482,5.964509611311051e-11,0.0,-1.6574323036823846,0.0008709875534640509,0.0,0.01774310982389804,-4.6624779167383906e-06,0.0,0.2662308878530413,0.03363836215618381,0.0,-0.36918331436278656,-5.103121563649415e-05,0.0,-0.03186568337721202,5.10312160522745e-05,0.0,0.02938503049801028,-0.008183552888760439,0.0,43.24052773
1508285125.1332288,1.6110450608008482,1.9086430756195342e-14,0.0,-1.6574323036823846,8.689685399020063e-05,0.0,0.01774310982389804,-0.00014551975774358117,0.0,0.2662308878530413,0.032785097448740884,0.0,-0.36918331436278656,-1.632998900367811e-08,0.0,-0.03186568337721202,1.632998913672782e-08,0.0,0.029487775359891433,0.04936169432793472,0.0,43.260524547
1508285125.153231,1.6110450608008482,6.1076578419825024e-18,0.0,-1.6574323036823846,-8.69936870850034e-05,0.0,0.01774310982389804,0.00014614933672539674,0.0,0.26614566669815876,-0.00020831492168212995,0.0,-0.36926238553741986,0.004867509819028457,0.0,-0.03178661220257875,-0.004867509819026748,0.0,0.02938503049801028,1.5795742184939094e-05,0.0,43.280526678
1508285125.1732295,1.6110450608008482,1.9544505094343986e-21,0.0,-1.6574323036823846,-0.0009547770067681076,0.0,0.01774310982389804,-0.0001458008424637912,0.0,0.26614566669815876,-0.04083463340554435,0.0,-0.36918331436278656,1.5576031420891048e-06,0.0,-0.03186568337721202,-1.5576031420885576e-06,0.0,0.02938503049801028,-0.04099827632650902,0.0,43.300525167
1508285125.1932318,1.6110450608008482,6.254241630190068e-25,0.0,-1.6574323036823846,-3.055286421657941e-07,0.0,0.01774310982389804,-4.665626958841314e-08,0.0,0.26614566669815876,4.1471907825748145e-05,0.0,-0.36926238553741986,4.98433005468513e-10,0.0,-0.03178661220257875,-4.984330054683379e-10,0.0,0.02938503049801028,-0.040721791498537434,0.0,43.320527582
1508285125.2132318,1.6110450608008482,2.0013573216608196e-28,0.0,-1.6574323036823846,0.0008513292290975363,0.0,0.01774310982389804,-2.911404864496349e-05,0.0,0.26614566669815876,1.3271010504239394e-08,0.0,-0.36918331436278656,-0.0012144580642722352,0.0,-0.03186568337721202,0.0012144580642718089,0.0,0.02938503049801028,-0.040975004733872715,0.0,43.340527522
1508285125.2332308,1.6110450608008482,6.404343429314616e-32,0.0,-1.657459453784825,-0.008191036711829339,0.0,0.017788721931414342,0.021353724992849384,0.0,0.26614566669815876,0.0013652649583966307,0.0,-0.36926238553741986,0.001215994978224025,0.0,-0.03178661220257875,-0.0012159949782235982,0.0,0.02938503049801028,-0.006523824083464061,0.0,43.36052657
1508285125.2532327,1.6110450608008482,2.049389897380675e-35,0.0,-1.6574323036823846,-0.0008191179530699916,0.0,0.01774310982389804,-0.00013908394398810003,0.0,0.26614566669815876,-0.03553545000127277,0.0,-0.36918331436278656,0.02515682372158004,0.0,-0.03186568337721202,-0.02515682372157121,0.0,0.029487775359891433,0.042775461263013397,0.0,43.380528342
1508285125.2732327,1.6110450608008482,-0.014520383106624063,0.0,-1.6574323036823846,0.0021644195173554023,0.0,0.01774310982389804,-0.0036367045045630126,0.0,0.2662308878530413,0.00026125861156789024,0.0,-0.36918331436278656,0.03017461485701243,0.0,-0.03186568337721202,-0.03017461485700184,0.0,0.02938503049801028,-0.04902586998112492,0.0,43.400528319
1508285125.293233,1.6110450608008482,-4.646522594119694e-06,0.0,-1.6574323036823846,-0.008333520826175243,0.0,0.017834334038930866,0.014000295009334862,0.0,0.26614566669815876,-0.03410304634914629,0.0,-0.36926238553741986,-0.03067018854966325,0.0,-0.03178661220257875,0.03067018854965248,0.0,0.02938503049801028,0.008244661432788403,0.0,43.420528615
1508285125.3132343,1.6110450608008482,-1.4868872301183004e-09,0.0,-1.6574323036823846,0.004341146677231186,0.0,0.01774310982389804,0.00029379736474894713,0.0,0.2662308878530413,0.03539446830856908,0.0,-0.36918331436278656,4.077666543968608e-05,0.0,-0.03186568337721202,-4.077666543967175e-05,0.0,0.029487775359891433,0.04762060210672743,0.0,43.440529938
1508285125.3332317,1.6110450608008482,0.002920339173119027,0.0,-1.6574323036823846,-0.0003288498417411298,0.0,0.01774310982389804,0.0006133242887763992,0.0,0.26614566669815876,0.0013744760077002301,0.0,-0.36918331436278656,1.304853294069953e-08,0.0,-0.03186568337721202,-1.3048532940694945e-08,0.0,0.029487775359891433,-5.056995862798244e-05,0.0,43.4605273
1508285125.3532336,1.6110450608008482,9.345085353980875e-07,0.0,-1.6574323036823846,-0.0004298758493014019,0.0,0.01774310982389804,-0.000721817351059477,0.0,0.26614566669815876,-0.006848775608317014,0.0,-0.36918331436278656,4.175530541023845e-12,0.0,-0.03186568337721202,-4.175530541022377e-12,0.0,0.02938503049801028,-0.00032913746938825105,0.0,43.480529284
1508285125.3732338,1.6110815841529407,0.014594740494339517,0.0,-1.6574323036823846,-0.00041669454644904276,0.0,0.01774310982389804,-0.03721141579795053,0.0,0.26614566669815876,-0.006826072878847285,0.0,-0.36926238553741986,-0.006331436230503343,0.0,-0.03178661220257875,0.006331436230501121,0.0,0.02938503049801028,-0.0016419891107936856,0.0,43.500529402
1508285125.3932343,1.6110450608008482,4.67031695818864e-06,0.0,-1.657459453784825,-0.013203462321346292,0.0,0.017788721931414342,0.021818788777662166,0.0,0.26614566669815876,-0.03948292762581186,0.0,-0.36918331436278656,0.0002516551501484282,0.0,-0.03186568337721202,-0.000251655150148607,0.0,0.02938503049801028,-0.032853810287611154,0.0,43.520530022
1508285125.4132347,1.6110450608008482,1.4945014266203633e-09,0.0,-1.6574051535799441,0.010833346461555114,0.0,0.017788721931414564,0.01792206819638152,0.0,0.2662308878530413,0.03514586807016308,0.0,-0.36918331436278656,0.0002531869787196416,0.0,-0.03186568337721202,-0.00025318697871964165,0.0,0.02938503049801028,0.010158157481533292,0.0,43.540530397
1508285125.4332337,1.6110450608008482,-2.3379426429098427e-05,0.0,-1.6574323036823846,-0.00223592979876082,0.0,0.01774310982389804,-0.041406666475938214,0.0,0.26614566669815876,-0.040771919923880226,0.0,-0.36926238553741986,8.101983319028522e-08,0.0,-0.03178661220257875,-8.101983319028525e-08,0.0,0.02938503049801028,-0.00820910165578173,0.0,43.560529467
1508285125.4532347,1.6110450608008482,-7.481416457311488e-09,0.0,-1.6574323036823846,-0.00045118351245842234,0.0,0.01774310982389804,-0.037160524949880966,0.0,0.26614566669815876,4.149847816545476e-05,0.0,-0.36926238553741986,-0.025248792760609214,0.0,-0.03178661220257875,0.025248792760600353,0.0,0.02938503049801028,-0.03287659870921088,0.0,43.580530336
1508285125.4732351,1.6110450608008482,-2.3940532663396736e-12,0.0,-1.6574051535799441,-0.001713073376627454,0.0,0.017788721931414564,0.002924018747604898,0.0,0.26614566669815876,0.0053767070784823375,0.0,-0.36918331436278656,-0.00626199507888877,0.0,-0.03186568337721202,0.006261995078886572,0.0,0.02938503049801028,-7.606320134627461e-05,0.0,43.600530748
1508285125.4932392,1.6110450608008482,-0.00011631465978950212,0.0,-1.6574323036823846,-8.70121783678855e-05,0.0,0.01774310982389804,0.00014619499173252942,0.0,0.26614566669815876,-0.001304742920917619,0.0,-0.36910424318815327,0.03286882047216419,0.0,-0.03194475455184531,-0.032868820472163746,0.0,0.02938503049801028,-0.007940028323821643,0.0,43.62053498
1508285125.513235,1.6110450608008482,-3.7220691132640645e-08,0.0,-1.6574323036823846,0.0025297998747630737,0.0,0.01774310982389804,-0.004250057767087468,0.0,0.26614566669815876,0.00684961828647415,0.0,-0.36918331436278656,1.051802255109253e-05,0.0,-0.03186568337721202,-1.0518022551092387e-05,0.0,0.02938503049801028,-0.05090812228656821,0.0,43.640530756
1508285125.533234,1.6110450608008482,-1.1910621162444994e-11,0.0,-1.657459453784825,-0.02253268528906649,0.0,0.017788721931414342,0.00011546764487742117,0.0,0.26614566669815876,-0.039136622099587064,0.0,-0.36910424318815327,0.03271168961482634,0.0,-0.03194475455184531,-0.03271168961482634,0.0,0.02938503049801028,-0.03956414284166239,0.0,43.660529536
1508285125.553234,1.6110450608008482,-2.3379426911150278e-05,0.0,-1.6574051535799441,0.021335409742760186,0.0,0.017788721931414564,-0.006564841896585223,0.0,0.2662308878530413,-0.006825836672293173,0.0,-0.36918331436278656,-0.005048491399670012,0.0,-0.03186568337721202,0.005048491399670012,0.0,0.029487775359891433,-0.000341742542780384,0.0,43.680529874
1508285125.573238,1.6110450608008482,-7.48141661156808e-09,0.0,-1.6574323036823846,-0.013842792591336448,0.0,0.01774310982389804,-0.014520656941076867,0.0,0.26614566669815876,-0.0014186144473104787,0.0,-0.36918331436278656,0.0012622588914185271,0.0,-0.03186568337721202,-0.0012622588914180835,0.0,0.02938503049801028,-0.0012476558685627311,0.0,43.700533515000004
1508285125.5932376,1.6110450608008482,-2.3940533157017825e-12,0.0,-1.6574323036823846,-9.130596170713886e-05,0.0,0.01774310982389804,-0.00015059853393456824,0.0,0.26614566669815876,-0.006514391130465326,0.0,-0.36918331436278656,4.0392284525392817e-07,0.0,-0.03186568337721202,-4.0392284525378624e-07,0.0,0.02938503049801028,-0.0017059671529108447,0.0,43.720533374
1508285125.613242,1.6110450608008482,-7.660970610245696e-16,0.0,-1.657459453784825,-0.010686439522371334,0.0,0.017788721931414342,0.01824611728334395,0.0,0.26614566669815876,0.0013412142540124056,0.0,-0.36918331436278656,1.2925531048125688e-10,0.0,-0.03186568337721202,-1.2925531048121146e-10,0.0,0.02938503049801028,-0.04077144253672081,0.0,43.740537549
1508285125.6332366,1.6110450608008482,-2.45151059527862e-19,0.0,-1.6574323036823846,0.010904219126557339,0.0,0.01774310982389804,-0.018027134186304607,0.0,0.26614566669815876,-0.03538259228362332,0.0,-0.36918331436278656,0.03156678587027321,0.0,-0.03186568337721202,-0.031566785870262126,0.0,0.02938503049801028,-0.0003417366941790831,0.0,43.76053227
1508285125.6532378,1.6110450608008482,-7.844833904891577e-23,0.0,-1.657459453784825,-0.02394694055081574,0.0,0.017788721931414342,0.003664456247628387,0.0,0.26614566669815876,-0.03444424782006743,0.0,-0.36918331436278656,0.006068880346205786,0.0,-0.03186568337721202,-0.006068880346203655,0.0,0.029487775359891433,-0.007872869711381113,0.0,43.780533655
1508285125.6732423,1.6110450608008482,-2.5103468495653016e-26,0.0,-1.657459453784825,-0.010709904127172631,0.0,0.017788721931414342,0.025288962172752675,0.0,0.26614566669815876,-1.1022159302421564e-05,0.0,-0.36918331436278656,5.241286995747202e-05,0.0,-0.03186568337721202,-5.241286995745363e-05,0.0,0.02938503049801028,-0.0409642514016372,0.0,43.800538168
1508285125.6932359,1.6110450608008482,-8.033109918608956e-30,0.0,-1.6574323036823846,0.008665835877146682,0.0,0.01774310982389804,-0.014325335481362386,0.0,0.26614566669815876,0.0013566789288297829,0.0,-0.36918331436278656,1.6772118386391024e-08,0.0,-0.03186568337721202,-1.677211838638514e-08,0.0,0.029487775359891433,-0.00034168091988055706,0.0,43.820531491
1508285125.7132378,1.6110450608008482,-2.5705951739548637e-33,0.0,-1.6574323036823846,0.002071266301290858,0.0,0.01774310982389804,0.003763290961702909,0.0,0.2662308878530413,0.03568454747795451,0.0,-0.36918331436278656,0.0012124321146373867,0.0,-0.03186568337721202,-0.0012124321146369608,0.0,0.02938503049801028,-1.0933789436177814e-07,0.0,43.840533389
1508285125.7332451,1.6110450608008482,-8.225904556655554e-37,0.0,-1.6574323036823846,0.01032703985894049,0.0,0.01774310982389804,-0.01874674928743315,0.0,0.26614566669815876,-0.007033211091115705,0.0,-0.36918331436278656,-0.005069591505671714,0.0,-0.03186568337721202,0.005069591505671714,0.0,0.029487775359891433,0.0509213875623899,0.0,43.86054076
1508285125.753237,1.6110450608008482,-2.632289458129774e-40,0.0,-1.6574051535799441,0.013510469885442033,0.0,0.017788721931414564,0.013855335919686705,0.0,0.26614566669815876,-2.2506275491570234e-06,0.0,-0.36918331436278656,-1.6222692818149467e-06,0.0,-0.03186568337721202,1.6222692818149467e-06,0.0,0.02938503049801028,0.008255141734545977,0.0,43.880532678
1508285125.7732384,1.6110450608008482,-8.423326266015268e-44,0.0,-1.657459453784825,-0.000516944664722756,0.0,0.017788721931414342,-0.0005791825448809219,0.0,0.2662308878530413,-0.00027289084988870604,0.0,-0.36918331436278656,-5.191261701807824e-10,0.0,-0.03186568337721202,5.191261701807824e-10,0.0,0.02938503049801028,0.00039718784043139095,0.0,43.900534182
1508285125.7932382,1.6110450608008482,-2.695464405124883e-47,0.0,-1.6574323036823846,-0.010873138398900832,0.0,0.01774310982389804,-0.01826675407496339,0.0,0.2662308878530413,0.03380206374196342,0.0,-0.36918331436278656,0.0012941774606053877,0.0,-0.03186568337721202,-0.0012941774606049332,0.0,0.02938503049801028,-0.0395306564955822,0.0,43.920533961
1508285125.813239,1.6110450608008482,-8.625486096399617e-51,0.0,-1.6574051535799441,0.010784193041862615,0.0,0.017788721931414564,0.018351952728689135,0.0,0.26614566669815876,1.0816660397428282e-05,0.0,-0.36918331436278656,0.006381547839195939,0.0,-0.03186568337721202,-0.006381547839195938,0.0,0.02938503049801028,0.008543130565338945,0.0,43.940534901
1508285125.8332398,1.6110450608008482,-2.760155550847875e-54,0.0,-1.657459453784825,3.450941773396033e-06,0.0,0.017788721931414342,5.872624873180516e-06,0.0,0.26614566669815876,-0.03393315717076767,0.0,-0.36918331436278656,-0.0015139458036063289,0.0,-0.03186568337721202,-0.0010119981234603022,0.0,0.029487775359891433,0.031043326830038145,0.0,43.960535505
1508285125.8532376,1.6110450608008482,-8.83249776271319e-58,0.0,-1.6574323036823846,-0.010972360480206191,0.0,0.01774310982389804,-0.011117629539347355,0.0,0.26614566669815876,0.001571131168081431,0.0,-0.36918331436278656,-0.006291637554914559,0.0,-0.03186568337721202,-0.006391715452646831,0.0,0.029487775359891433,-0.00038395915617650317,0.0,43.980533276
1508285125.8732395,1.6110450608008482,0.00011678573762468804,0.0,-1.657459453784825,-0.01735171941340375,0.0,0.017788721931414342,0.00017141439041842095,0.0,0.26614566669815876,-5.391298391521451e-05,0.0,-0.36918331436278656,0.00025082177805680353,0.0,-0.03186568337721202,-0.00025488045101913434,0.0,0.029487775359891433,-0.006342552947839028,0.0,44.000535355
1508285125.893239,1.6110450608008482,3.737143603990013e-08,0.0,-1.6574323036823846,0.0003416004730918744,0.0,0.01774310982389804,-0.0008753787487290567,0.0,0.26614566669815876,-0.0013626798427991136,0.0,-0.36910424318815327,0.0636636267030305,0.0,-0.03178661220257875,-0.00030390615361501963,0.0,0.029487775359891433,0.008291670091071863,0.0,44.020534688
1508285125.9132407,1.6110450608008482,1.195885953276803e-11,0.0,-1.6574323036823846,0.008682343508974972,0.0,0.01774310982389804,-0.014586412918873196,0.0,0.26614566669815876,-0.034291781010050454,0.0,-0.36918331436278656,-0.0012391521361998607,0.0,-0.03186568337721202,0.0012594272467752316,0.0,0.02938503049801028,0.00033228598473062347,0.0,44.040536483
1508285125.9332411,1.6110450608008482,3.826835050485766e-15,0.0,-1.6574323036823846,0.010684697930920866,0.0,0.01774310982389804,-0.018242136193989365,0.0,0.26614566669815876,-1.0973369923216133e-05,0.0,-0.36926238553741986,-0.006296524559991097,0.0,-0.03178661220257875,0.006296531048024271,0.0,0.02938503049801028,-0.0016494369609923551,0.0,44.060536791
1508285125.953239,1.6110450608008482,1.2245872161554437e-18,0.0,-1.6574051535799441,0.00922209028700153,0.0,0.017788721931414564,0.02133056207303901,0.0,0.26614566669815876,-3.511478375429159e-09,0.0,-0.36918331436278656,-2.014887859197149e-06,0.0,-0.03186568337721202,2.0148899353677648e-06,0.0,0.02938503049801028,0.0016496076265482677,0.0,44.080534772
1508285125.973241,1.6110450608008482,3.9186790916974154e-22,0.0,-1.6574323036823846,2.9510688918404866e-06,0.0,0.01774310982389804,6.825779863372475e-06,0.0,0.26614566669815876,-0.033606689332679816,0.0,-0.36918331436278656,-6.44764114943087e-10,0.0,-0.03186568337721202,6.44764779317684e-10,0.0,0.02938503049801028,-0.008169816251261302,0.0,44.100536848
1508285125.9932408,1.6110450608008482,-2.3348803699910833e-05,0.0,-1.657459453784825,-0.023845432201544746,0.0,0.017788721931414342,0.003962070895633456,0.0,0.26614566669815876,0.0010799275726134131,0.0,-0.36926238553741986,-0.03159309779007279,0.0,-0.03178661220257875,0.03159309779006171,0.0,0.02938503049801028,-2.6143412004036134e-06,0.0,44.120536541
1508285126.0132415,1.6110450608008482,-7.471617183971458e-09,0.0,-1.6574323036823846,7.964104748230934e-05,0.0,0.01774310982389804,-0.000145348193836682,0.0,0.2662308878530413,0.03407096926879252,0.0,-0.36918331436278656,4.043916517096303e-05,0.0,-0.03186568337721202,-4.043916517094883e-05,0.0,0.02938503049801028,0.008552408567071429,0.0,44.140537215
1508285126.0332396,1.6110450608008482,-2.3909174988708636e-12,0.0,-1.6574323036823846,1.7406954558175426e-05,0.0,0.01774310982389804,-2.9247338706214486e-05,0.0,0.2662308878530413,0.035430235614480124,0.0,-0.36918331436278656,-5.060834928146409e-05,0.0,-0.03186568337721202,5.0608349281446336e-05,0.0,0.029487775359891433,0.008596144887982847,0.0,44.160535269
1508285126.053241,1.6110450608008482,-7.650935996386756e-16,0.0,-1.6574051535799441,0.010444039646573556,0.0,0.017788721931414564,0.017487576190911912,0.0,0.26614566669815876,-0.03408206380503237,0.0,-0.36926238553741986,-1.619467177006849e-08,0.0,-0.03178661220257875,1.6194671770062807e-08,0.0,0.02938503049801028,-0.040772224179031834,0.0,44.180536714
1508285126.0732424,1.6110450608008482,-2.448299518843759e-19,0.0,-1.657459453784825,-0.010886056328037361,0.0,0.017788721931414342,0.0180090339097625,0.0,0.26614566669815876,-1.0906260417610346e-05,0.0,-0.36918331436278656,-5.182294966421911e-12,0.0,-0.03186568337721202,5.182294966420093e-12,0.0,0.02938503049801028,-0.03925627635964096,0.0,44.200538082
1508285126.093241,1.6110815841529407,0.014617370398366782,0.0,-1.6574323036823846,-0.002280493620429532,0.0,0.01774310982389804,0.003538812414961992,0.0,0.2662308878530413,0.03274453151557118,0.0,-0.36918331436278656,0.025318192213010328,0.0,-0.03186568337721202,-0.025318192213001443,0.0,0.02938503049801028,-0.03126808794954353,0.0,44.220536614
1508285126.1132448,1.6110450608008482,4.677558527477365e-06,0.0,-1.6574323036823846,0.0026021469457627373,0.0,0.01774310982389804,-0.004371694250648394,0.0,0.2662308878530413,0.03409879656015762,0.0,-0.36926238553741986,0.0002612082705797574,0.0,-0.03178661220257875,-0.0002612082705796657,0.0,0.029487775359891433,-1.0005788143853915e-05,0.0,44.240540392
1508285126.1332517,1.6110450608008482,0.00011687076220903231,0.0,-1.6574323036823846,0.0021719629685574317,0.0,0.01774310982389804,-0.0036488926505311298,0.0,0.2662308878530413,0.0013734118871884615,0.0,-0.36918331436278656,8.358664658552228e-08,0.0,-0.03186568337721202,-8.358664658549294e-08,0.0,0.02938503049801028,6.556285983975844e-05,0.0,44.260547511
1508285126.1532419,1.6110450608008482,3.7398643906890296e-08,0.0,-1.657459453784825,-0.010882189527243648,0.0,0.017788721931414342,0.010968764453479454,0.0,0.26614566669815876,-0.0013708816670341196,0.0,-0.36918331436278656,0.03676163878943361,0.0,-0.03186568337721202,-0.0367616387894207,0.0,0.02938503049801028,-0.006254788495461476,0.0,44.280537575
1508285126.1732433,1.6110450608008482,1.1967566050204881e-11,0.0,-1.6574051535799441,0.010306435546554712,0.0,0.017788721931414564,0.019006317663933868,0.0,0.26614566669815876,0.006836494841995615,0.0,-0.36918331436278656,0.006304743272779541,0.0,-0.03186568337721202,-0.006304743272777326,0.0,0.029487775359891433,0.04097441451416134,0.0,44.300539062
1508285126.1932445,1.6110450608008482,3.829621136065558e-15,0.0,-1.6574323036823846,0.0004373172428584595,0.0,0.01774310982389804,0.0007352332174789902,0.0,0.26614566669815876,-0.001632650368708204,0.0,-0.36918331436278656,5.246435520710851e-05,0.0,-0.03186568337721202,-5.246435520709009e-05,0.0,0.02938503049801028,0.008299827144756997,0.0,44.320540155
1508285126.213244,1.6110450608008482,1.225478763540977e-18,0.0,-1.657459453784825,-0.011709754449601326,0.0,0.017788721931414342,0.01821816599754522,0.0,0.26614566669815876,-0.005461396077177435,0.0,-0.36918331436278656,0.0002038290068507846,0.0,-0.03186568337721202,-0.00020382900685071305,0.0,0.029487775359891433,0.006586428571818839,0.0,44.340539786
1508285126.2332444,1.6110450608008482,3.9215320433311224e-22,0.0,-1.6574051535799441,0.01117928542214849,0.0,0.017788721931414564,0.017392111528040616,0.0,0.26614566669815876,-0.006835471152777201,0.0,-0.36926238553741986,-5.034566848136049e-05,0.0,-0.03178661220257875,5.03456684813428e-05,0.0,0.02938503049801028,-0.041069437271861194,0.0,44.360540074
1508285126.2532556,1.6110450608008482,1.2548902538659578e-25,0.0,-1.6574323036823846,0.0025056713693978223,0.0,0.01774310982389804,0.004559035363319533,0.0,0.26614566669815876,5.224134200231243e-05,0.0,-0.36918331436278656,0.0003033198404234501,0.0,-0.03186568337721202,-0.00030331984042334363,0.0,0.02938503049801028,0.00038101166152805326,0.0,44.380551394
1508285126.2732449,1.6110450608008482,4.0156488123710604e-29,0.0,-1.6574323036823846,0.002519184533242874,0.0,0.01774310982389804,-0.004229418084964306,0.0,0.26614566669815876,-0.0070911910264952385,0.0,-0.36918331436278656,0.0012602197659314503,0.0,-0.03186568337721202,0.0012600256412331375,0.0,0.029487775359891433,-0.0018996193894577238,0.0,44.400540528
1508285126.2932463,1.6110450608008482,1.2850076199587378e-32,0.0,-1.6574323036823846,-0.01128369263152198,0.0,0.01774310982389804,-0.017500982113627498,0.0,0.26614566669815876,-0.03515049199918755,0.0,-0.36918331436278656,-0.0002524920807906398,0.0,-0.03186568337721202,0.0002532985593208437,0.0,0.02938503049801028,-6.655805479650801e-05,0.0,44.420542101
1508285126.313245,1.6110450608008482,4.112024383867956e-36,0.0,-1.6574323036823846,0.0004306152746648704,0.0,0.017834334038930866,0.03569209028205171,0.0,0.26614566669815876,-0.033986748037809225,0.0,-0.36918331436278656,-8.079746585300465e-08,0.0,-0.03186568337721202,8.105553898266991e-08,0.0,0.02938503049801028,0.008222123898991294,0.0,44.440540761
1508285126.3332455,1.6110450608008482,1.3158478028377445e-39,0.0,-1.6574323036823846,-0.00017425919112493263,0.0,0.01774310982389804,1.1421468889543391e-05,0.0,0.26614566669815876,0.006810563759871655,0.0,-0.36926238553741986,-5.023196720921551e-05,0.0,-0.03178661220257875,5.0231967291781294e-05,0.0,0.02938503049801028,2.631079647677212e-06,0.0,44.460541194
1508285126.3532443,1.6110450608008482,4.210712969080778e-43,0.0,-1.657459453784825,-0.011401681273298773,0.0,0.017788721931414342,0.019154707390489446,0.0,0.26614566669815876,-0.028674895175651947,0.0,-0.36926238553741986,-0.031687444145326926,0.0,-0.03178661220257875,0.03168744414531582,0.0,0.02938503049801028,-0.008244756975442077,0.0,44.480539973
1508285126.3732462,1.6110450608008482,1.3474281501058475e-46,0.0,-1.6574323036823846,0.0022602833892014563,0.0,0.01774310982389804,-0.0023393156518807722,0.0,0.26614566669815876,-9.175966456208613e-06,0.0,-0.36918331436278656,-1.0139982126504605e-05,0.0,-0.03186568337721202,1.013998212650105e-05,0.0,0.029487775359891433,-6.819659142806459e-05,0.0,44.500541896
1508285126.3932455,1.6110450608008482,4.311770080338706e-50,0.0,-1.6574323036823846,-0.00032930475565622557,0.0,0.01774310982389804,0.000553697751784909,0.0,0.26614566669815876,0.006806012644952145,0.0,-0.36910424318815327,0.03160814963098588,0.0,-0.03178661220257875,0.03160815612056334,0.0,0.02938503049801028,0.010178294870702556,0.0,44.520541135
1508285126.4132462,1.6110450608008482,1.3797664257083845e-53,0.0,-1.6574323036823846,-0.0013841775283265144,0.0,0.01774310982389804,-0.0037247178354670365,0.0,0.26614566669815876,-0.0013596734613409145,0.0,-0.36918331436278656,1.0114607881915469e-05,0.0,-0.03186568337721202,1.0114609958580259e-05,0.0,0.02938503049801028,-0.001638626732444856,0.0,44.540541814
1508285126.4332442,1.6110450608008482,4.415252562266826e-57,0.0,-1.6574323036823846,8.643333126884672e-05,0.0,0.01774310982389804,0.001311506021272493,0.0,0.26614566669815876,-4.3509550762909214e-07,0.0,-0.36918331436278656,-5.0389704491536364e-05,0.0,-0.03186568337721202,5.039617784124532e-05,0.0,0.02938503049801028,-0.009861611381410878,0.0,44.560539922
1508285126.453246,1.6110450608008482,-0.014508350114822672,0.0,-1.6574323036823846,-0.010784940568302114,0.0,0.01774310982389804,-0.01811830128456887,0.0,0.26614566669815876,-1.3923056244130936e-10,0.0,-0.36918331436278656,5.058103100169948e-05,0.0,-0.03186568337721202,-5.058102893020981e-05,0.0,0.02938503049801028,6.259008614751911e-05,0.0,44.58054182
1508285126.4732473,1.6110450608008482,-4.6426720367432505e-06,0.0,-1.6574323036823846,0.0026014916082348345,0.0,0.01774310982389804,-0.0043820955457498124,0.0,0.26614566669815876,0.005453247456765921,0.0,-0.36918331436278656,-0.0012634068390191204,0.0,-0.03186568337721202,0.0012634068390193392,0.0,0.02938503049801028,-0.03274077455413171,0.0,44.600543027
1508285126.4932487,1.6110450608008482,-1.4856550517578385e-09,0.0,-1.6574323036823846,0.0021000926654053493,0.0,0.017834334038930866,-0.003528154392921541,0.0,0.26614566669815876,0.0013597160454627798,0.0,-0.36918331436278656,0.0002529136095506698,0.0,-0.03186568337721202,-0.00025291360955066977,0.0,0.02938503049801028,-0.03282815588690387,0.0,44.62054436
1508285126.5132477,1.6110450608008482,-4.754096165625077e-13,0.0,-1.6574051535799441,0.01295753299781789,0.0,0.017788721931414564,0.02205963382656277,0.0,0.26614566669815876,-0.0054752488496777165,0.0,-0.36918331436278656,8.093235505621425e-08,0.0,-0.03186568337721202,-8.093235505621423e-08,0.0,0.02938503049801028,0.009467440171182393,0.0,44.640543418
1508285126.533248,1.6110450608008482,-1.521310773000023e-16,0.0,-1.6574323036823846,3.885141117385396e-05,0.0,0.01774310982389804,0.001470066237835911,0.0,0.26614566669815876,-0.001368485236026678,0.0,-0.36918331436278656,0.03165961432269633,0.0,-0.03186568337721202,-0.03165961432268522,0.0,0.02938503049801028,-0.049401683203834604,0.0,44.6605437
1508285126.5532463,1.6110450608008482,-4.868194473600068e-20,0.0,-1.6574323036823846,0.0017627457972209971,0.0,0.01774310982389804,0.004416003991143832,0.0,0.26614566669815876,0.006563735628267679,0.0,-0.36918331436278656,1.0131076583262816e-05,0.0,-0.03186568337721202,-1.0131076583259259e-05,0.0,0.029487775359891433,0.0016219802886149673,0.0,44.680542098000004
1508285126.5732481,1.6110450608008482,-1.55782223155202e-23,0.0,-1.6574051535799441,0.01115356663345392,0.0,0.017788721931414564,0.019029952475452278,0.0,0.26614566669815876,2.100395401045655e-06,0.0,-0.36918331436278656,3.2419445066440978e-09,0.0,-0.03186568337721202,-3.2419445066429596e-09,0.0,0.029487775359891433,0.0015787457581025784,0.0,44.700543859
1508285126.5932496,1.6110450608008482,-4.985031140966458e-27,0.0,-1.6574323036823846,-0.00044800761992767137,0.0,0.01774310982389804,0.000764737469498033,0.0,0.26614566669815876,-0.005458289069275737,0.0,-0.36918331436278656,0.03160062354073473,0.0,-0.03186568337721202,-0.03160062354072364,0.0,0.02938503049801028,-0.0016429439641940699,0.0,44.72054519
1508285126.6132514,1.6110450608008482,-1.595209965109265e-30,0.0,-1.6574323036823846,0.013064008084343435,0.0,0.01774310982389804,-0.021889069113462514,0.0,0.26614566669815876,-0.035383048816644204,0.0,-0.36918331436278656,0.0076037650325320155,0.0,-0.03186568337721202,-0.007603765032529347,0.0,0.02938503049801028,-0.008557254813697993,0.0,44.740547132
1508285126.633247,1.6110450608008482,-0.0001169110740948314,0.0,-1.6574323036823846,-0.002611439256208922,0.0,0.01774310982389804,0.004387230437117584,0.0,0.26614566669815876,4.30349854378062e-05,0.0,-0.36918331436278656,2.433204810410242e-06,0.0,-0.03186568337721202,-2.433204810409388e-06,0.0,0.02938503049801028,0.001973916864467572,0.0,44.760542663
1508285126.653247,1.6110450608008482,-3.7411543710346004e-08,0.0,-1.6574323036823846,-0.010790783140702302,0.0,0.01774310982389804,-0.018417899534218924,0.0,0.26614566669815876,5.457877911838324e-05,0.0,-0.36918331436278656,7.786255393312764e-10,0.0,-0.03186568337721202,-7.786255393310034e-10,0.0,0.029487775359891433,6.316533966296222e-07,0.0,44.780542908
1508285126.6732495,1.6110450608008482,-0.013948368252185385,0.0,-1.6574323036823846,8.345429650988074e-05,0.0,0.01774310982389804,-0.0001518978642718838,0.0,0.26614566669815876,0.006563341254629648,0.0,-0.36918331436278656,2.4916017258600815e-13,0.0,-0.03186568337721202,-2.491601725859208e-13,0.0,0.02938503049801028,0.006598743957209709,0.0,44.800545187
1508285126.6932502,1.6110450608008482,-4.463477840699319e-06,0.0,-1.6574323036823846,-0.0017558256054866935,0.0,0.01774310982389804,-0.002949876312819327,0.0,0.26614566669815876,0.006545608533358345,0.0,-0.36918331436278656,7.973125522752252e-17,0.0,-0.03186568337721202,-7.973125522749457e-17,0.0,0.02938503049801028,2.1115980663071043e-06,0.0,44.820545982
1508285126.7132475,1.6110450608008482,-1.4283129090237806e-09,0.0,-1.657459453784825,-0.0012746905148293094,0.0,0.017788721931414342,-0.0033584881031758834,0.0,0.26614566669815876,5.654271938076592e-05,0.0,-0.36926238553741986,-0.03159309778986647,0.0,-0.03178661220257875,0.03159309778985538,0.0,0.02938503049801028,-0.0003966210182620673,0.0,44.840543358
1508285126.733248,1.6110450608008482,-4.570601308876093e-13,0.0,-1.6574323036823846,0.010865105542215623,0.0,0.01774310982389804,-0.018255111454238967,0.0,0.26614566669815876,0.006546055416926344,0.0,-0.36918331436278656,-0.0012242968099066371,0.0,-0.03186568337721202,0.0012242968099062071,0.0,0.02938503049801028,0.008219077947982012,0.0,44.860543603
1508285126.7532496,1.6110450608008482,-1.462592418840348e-16,0.0,-1.6574323036823846,9.041528216973915e-05,0.0,0.01774310982389804,0.00014021475083493114,0.0,0.26614566669815876,-0.03538085529386529,0.0,-0.36918331436278656,-0.03288055433123691,0.0,-0.03186568337721202,-0.030350817270110544,0.0,0.02938503049801028,2.630104943354241e-06,0.0,44.880545309
1508285126.7732506,1.6110450608008482,0.0029276644390804365,0.0,-1.6574323036823846,0.0017245722394494758,0.0,0.01774310982389804,-0.002897183784016854,0.0,0.2662308878530413,-0.006842538898220987,0.0,-0.36918331436278656,-1.05217773859958e-05,0.0,-0.03186568337721202,-9.712261526435363e-06,0.0,0.02938503049801028,0.008301321525476265,0.0,44.900546421
1508285126.793252,1.6110450608008482,9.368526205057385e-07,0.0,-1.6574323036823846,0.0005211375719029314,0.0,0.01774310982389804,-0.035867299630312696,0.0,0.26614566669815876,-0.008118921483997435,0.0,-0.36918331436278656,-0.03639558192375662,0.0,-0.03186568337721202,-0.03690191531973551,0.0,0.029487775359891433,0.032844242337064004,0.0,44.920547688
1508285126.8132515,1.6110450608008482,2.9979283856183596e-10,0.0,-1.6574323036823846,-0.008580309694403668,0.0,0.01774310982389804,-0.014777985306622065,0.0,0.26614566669815876,-0.033807472279773154,0.0,-0.36910424318815327,0.03160780702352087,0.0,-0.03194475455184531,-0.03163126222263878,0.0,0.02938503049801028,0.0019125836299102676,0.0,44.940547302
1508285126.8332493,1.6110450608008482,9.59337083397874e-14,0.0,-1.657459453784825,-0.013034458396185986,0.0,0.017788721931414342,0.023402689532421337,0.0,0.2662308878530413,0.02859595236681751,0.0,-0.36918331436278656,-0.026532250122537526,0.0,-0.03186568337721202,-0.024028645147975862,0.0,0.02938503049801028,-0.04734718308086978,0.0,44.960544962
1508285126.8532498,1.6110450608008482,3.069878666873193e-17,0.0,-1.6574323036823846,-0.002183090582132838,0.0,0.01774310982389804,-0.003653090809380455,0.0,0.26614566669815876,0.0014271644581609628,0.0,-0.36926238553741986,-0.03163171263699972,0.0,-0.03178661220257875,0.031615533150502056,0.0,0.02938503049801028,0.008296346336905092,0.0,44.98054543
1508285126.8732538,1.6110450608008482,9.823611733994207e-21,0.0,-1.6574323036823846,0.010799036191418027,0.0,0.01774310982389804,-0.018144697730113124,0.0,0.26614566669815876,0.006834122474600519,0.0,-0.36918331436278656,0.030325653290270385,0.0,-0.03186568337721202,-0.030325658467695412,0.0,0.029487775359891433,0.03882896076881315,0.0,45.000549664
1508285126.8932521,1.6110450608008482,3.143555754878143e-24,0.0,-1.6574323036823846,2.077931917587219e-05,0.0,0.01774310982389804,-3.490995642376574e-05,0.0,0.26614566669815876,-0.006780420876033417,0.0,-0.36918331436278656,0.006302845462356934,0.0,-0.03186568337721202,-0.0063028454640115,0.0,0.029487775359891433,-0.0003164997635703766,0.0,45.020547884
1508285126.9132504,1.6110450608008482,1.0059378415610046e-27,0.0,-1.6574051535799441,0.02142849160323742,0.0,0.017788721931414564,0.0007293137562478476,0.0,0.26614566669815876,5.2220135913430214e-05,0.0,-0.36918331436278656,0.00020574976861878553,0.0,-0.03186568337721202,-0.00020574976861924347,0.0,0.02938503049801028,-0.050901450646281404,0.0,45.040546154
1508285126.9332507,1.6110450608008482,3.219001092995211e-31,0.0,-1.657459453784825,-0.0005126885256264807,0.0,0.017788721931414342,-0.0006388216682057608,0.0,0.26614566669815876,0.00021841305728750692,0.0,-0.36918331436278656,0.0010069023038389534,0.0,-0.03186568337721202,-0.0010069023038386,0.0,0.02938503049801028,-0.0003452134952232068,0.0,45.060546355
1508285126.953253,1.6110450608008482,1.0300803497584664e-34,0.0,-1.6574323036823846,0.00015618001976872795,0.0,0.01774310982389804,2.9041741835210247e-05,0.0,0.2662308878530413,0.028591291597530922,0.0,-0.36918331436278656,3.2220873722846474e-07,0.0,-0.03186568337721202,-3.2220873722835166e-07,0.0,0.02938503049801028,-0.04237068400639717,0.0,45.080548789
1508285126.973253,1.6110450608008482,-0.014539332473592015,0.0,-1.6574323036823846,0.01072139000286633,0.0,0.01774310982389804,-0.01801181644553695,0.0,0.26614566669815876,-0.04069665507365613,0.0,-0.36918331436278656,1.0310679591310861e-10,0.0,-0.03186568337721202,-1.0310679591307242e-10,0.0,0.029487775359891433,-7.93907321431161e-05,0.0,45.100548852
1508285126.9932537,1.6110450608008482,-4.6525863915494385e-06,0.0,-1.6574051535799441,0.021645779896397873,0.0,0.017788721931414564,-3.4884739386200046e-05,0.0,0.2662308878530413,-6.743220438093905e-05,0.0,-0.36918331436278656,3.2994174692194716e-14,0.0,-0.03186568337721202,-3.2994174692183136e-14,0.0,0.02938503049801028,0.008258408065091446,0.0,45.120549493
1508285127.0132527,1.6110450608008482,-2.3372555987579885e-05,0.0,-1.6574051535799441,0.012631846917186799,0.0,0.017788721931414564,0.0212098248548767,0.0,0.26614566669815876,-0.035526644014581304,0.0,-0.36910424318815327,0.031702573215354135,0.0,-0.03194475455184531,-0.031702573215354135,0.0,0.02938503049801028,-0.009789390589532411,0.0,45.140548566
1508285127.0332518,1.6110450608008482,-7.479217916025554e-09,0.0,-1.6574323036823846,0.008813799647981277,0.0,0.01774310982389804,-0.014793584427414488,0.0,0.26614566669815876,0.006532713590288272,0.0,-0.36918331436278656,0.0009743513151427395,0.0,-0.03186568337721202,-0.0009743513151427395,0.0,0.02938503049801028,0.008278911194677245,0.0,45.160547463
1508285127.053253,1.6110450608008482,-2.3933497331281747e-12,0.0,-1.6574323036823846,2.820415887354006e-06,0.0,0.01774310982389804,0.0002872047005819233,0.0,0.26614566669815876,2.090468348892245e-06,0.0,-0.36918331436278656,3.117924208456763e-07,0.0,-0.03186568337721202,-3.117924208456763e-07,0.0,0.029487775359891433,0.050884573105026296,0.0,45.1805487
1508285127.0732543,1.6110450608008482,0.0029130731217466227,0.0,-1.6574051535799441,0.011264892962707426,0.0,0.017788721931414564,0.01740285603514832,0.0,0.2662308878530413,0.032569638308289385,0.0,-0.36918331436278656,9.977357467061633e-11,0.0,-0.03186568337721202,-9.977357467061633e-11,0.0,0.029487775359891433,0.040931847760054076,0.0,45.200549964
1508285127.0932598,1.6110450608008482,9.321833989589181e-07,0.0,-1.6574323036823846,0.010556818322313458,0.0,0.01774310982389804,-0.017430853282904193,0.0,0.26614566669815876,0.0002840959243081303,0.0,-0.36918331436278656,3.1927543894597186e-14,0.0,-0.03186568337721202,-3.1927543894597186e-14,0.0,0.02938503049801028,-5.260062684618923e-05,0.0,45.220555487
1508285127.1132534,1.6110450608008482,2.982986876668535e-10,0.0,-1.6574323036823846,-0.007043426039823145,0.0,0.01774310982389804,-0.01914004900197743,0.0,0.26614566669815876,0.00131075778199954,0.0,-0.36910424318815327,-0.024161588496635134,0.0,-0.03194475455184531,0.03680936994053822,0.0,0.02938503049801028,-0.04947558578353818,0.0,45.240549148
1508285127.1332572,1.6110450608008482,9.5455580053393e-14,0.0,-1.657459453784825,-0.010884709014295432,0.0,0.017788721931414342,0.01833469209946354,0.0,0.26614566669815876,-0.006911489028653681,0.0,-0.36910424318815327,0.02411507654720675,0.0,-0.03194475455184531,-0.024111029257144704,0.0,0.02938503049801028,0.008317346143467812,0.0,45.260552766
1508285127.1532555,1.6110450608008482,3.054578561708573e-17,0.0,-1.6574323036823846,-9.0328318145966e-05,0.0,0.01774310982389804,0.00015176684980666515,0.0,0.26614566669815876,0.006870487889055038,0.0,-0.36910424318815327,-0.0012482303245657802,0.0,-0.03194475455184531,-0.0012636626784236138,0.0,0.02938503049801028,-6.30607507966421e-05,0.0,45.280551149
1508285127.1732574,1.6110450608008482,0.000584067834718966,0.0,-1.6574323036823846,-0.012987673503633904,0.0,0.01774310982389804,-0.014508495397766457,0.0,0.26614566669815876,2.1985561244976095e-06,0.0,-0.36918331436278656,0.006336329375450632,0.0,-0.03186568337721202,-0.006337133181211589,0.0,0.02938503049801028,0.010205733142877023,0.0,45.300553107
1508285127.1932576,1.6110450608008482,0.0001169587296441344,0.0,-1.657459453784825,-0.010370949244390198,0.0,0.017788721931414342,0.018870716538438366,0.0,0.2662308878530413,0.03248566066133784,0.0,-0.36918331436278656,2.0276254001442003e-06,0.0,-0.03186568337721202,-2.0278826179877065e-06,0.0,0.02938503049801028,-0.04087151723115234,0.0,45.320553315
1508285127.2132547,1.6110450608008482,3.742679348612296e-08,0.0,-1.657459453784825,-9.014322280819263e-05,0.0,0.017788721931414342,0.00015190361476120074,0.0,0.26614566669815876,-0.03416610090108966,0.0,-0.36918331436278656,-0.025382489342165956,0.0,-0.03186568337721202,0.025382489342083647,0.0,0.02938503049801028,-0.008235224083082799,0.0,45.340550308
1508285127.233255,1.6110450608008482,1.1976573915559332e-11,0.0,-1.6574323036823846,0.0005194447137457797,0.0,0.017834334038930866,0.03575503224338117,0.0,0.26614566669815876,0.006747879790041387,0.0,-0.36918331436278656,0.00024495387405726825,0.0,-0.03186568337721202,-0.0002449538740572946,0.0,0.02938503049801028,-2.6352717065864924e-06,0.0,45.360550618
1508285127.253257,1.6110450608008482,3.8325036529789825e-15,0.0,-1.6574323036823846,-0.0004359827979822042,0.0,0.01774310982389804,-0.04420279173383552,0.0,0.2662308878530413,0.03357420282617577,0.0,-0.36918331436278656,-0.000252997885407063,0.0,-0.03186568337721202,0.000252997885407063,0.0,0.02938503049801028,0.0003943962294074059,0.0,45.380552648
1508285127.2732568,1.6110450608008482,1.2264011689532729e-18,0.0,-1.6574323036823846,-0.0021079027391924386,0.0,0.01774310982389804,0.003468719572977966,0.0,0.26614566669815876,0.0016474987822334378,0.0,-0.36910424318815327,0.007556300769520492,0.0,-0.03194475455184531,-0.007556300769520048,0.0,0.02938503049801028,0.008239957663152421,0.0,45.400552604
1508285127.293262,1.6110450608008482,3.9244837406504685e-22,0.0,-1.6574323036823846,0.01091414124858136,0.0,0.017834334038930866,0.018104444496389895,0.0,0.2662308878530413,0.0328989076185447,0.0,-0.36910424318815327,0.031537396484265144,0.0,-0.03194475455184531,-0.031537396484265144,0.0,0.02938503049801028,-0.0019682107039248973,0.0,45.420557778
1508285127.3132596,1.6110450608008482,1.2558347970081485e-25,0.0,-1.6574051535799441,0.010433876925498315,0.0,0.017788721931414564,0.017528814403398513,0.0,0.26614566669815876,1.0527650437934293e-05,0.0,-0.36910424318815327,1.0091966874964836e-05,0.0,-0.03194475455184531,-1.0091966874964836e-05,0.0,0.02938503049801028,0.001313224904618507,0.0,45.440555347
1508285127.3332584,1.6110450608008482,4.018671350426071e-29,0.0,-1.6574323036823846,-0.010366985307548586,0.0,0.01774310982389804,-0.017416510679834116,0.0,0.26614566669815876,0.006789858400231216,0.0,-0.36918331436278656,-0.03173669955039102,0.0,-0.03186568337721202,0.03173669955039102,0.0,0.02938503049801028,-0.0016646584839641657,0.0,45.4605542
1508285127.353257,1.6110450608008482,1.285974832136341e-32,0.0,-1.6574323036823846,0.008659516117441576,0.0,0.01774310982389804,-0.022145274384664106,0.0,0.26614566669815876,0.0002749977943032898,0.0,-0.36910424318815327,0.030273056748736694,0.0,-0.03194475455184531,-0.03281017207495518,0.0,0.02938503049801028,0.007885829973587714,0.0,45.480552702
1508285127.3732603,1.6110815841529407,0.01455141693420887,0.0,-1.657459453784825,-0.013149392551549368,0.0,0.017788721931414342,0.01453436279070413,0.0,0.26614566669815876,0.0013445680774704016,0.0,-0.36918331436278656,9.687378159595732e-06,0.0,-0.03186568337721202,-1.0499255063985645e-05,0.0,0.029487775359891433,0.040937520869303384,0.0,45.500555957
1508285127.3932602,1.6110450608008482,4.6564534189468325e-06,0.0,-1.657459453784825,0.0017440382507918728,0.0,0.017788721931414342,0.004400523860520618,0.0,0.2662308878530413,4.30261784790528e-07,0.0,-0.36910424318815327,0.038166277311295994,0.0,-0.03194475455184531,-0.0381662775710966,0.0,0.02938503049801028,-0.041058444922326,0.0,45.52055605
1508285127.4132571,1.6110450608008482,1.4900650940629849e-09,0.0,-1.6574323036823846,0.000557226887498336,0.0,0.01774310982389804,0.006662975989854233,0.0,0.2662308878530413,0.03258392538804099,0.0,-0.36918331436278656,-0.0001905062805239227,0.0,-0.03186568337721202,0.0001905062804407865,0.0,0.02938503049801028,-0.007780582970028691,0.0,45.540552857
1508285127.4332604,1.6110450608008482,2.3343244937755493e-05,0.0,-1.6574323036823846,-0.0109156819772953,0.0,0.01774310982389804,-0.018336487168542987,0.0,0.2662308878530413,0.04106556781267277,0.0,-0.36918331436278656,-6.096200976765519e-08,0.0,-0.03186568337721202,6.096200974105161e-08,0.0,0.02938503049801028,0.0016411552581888562,0.0,45.560556049
1508285127.4532614,1.6110450608008482,7.46983838008175e-09,0.0,-1.6574323036823846,0.0129550395639088,0.0,0.01774310982389804,-0.02177617158859513,0.0,0.2662308878530413,0.006545085140696652,0.0,-0.36918331436278656,-1.950784312564964e-11,0.0,-0.03186568337721202,1.9507843117136492e-11,0.0,0.029487775359891433,0.04801329585218475,0.0,45.580557027
1508285127.4732616,1.6110450608008482,2.3903482816261578e-12,0.0,-1.6574323036823846,-0.01122494577387723,0.0,0.01774310982389804,-0.01746987755110071,0.0,0.26614566669815876,-0.006732122917498651,0.0,-0.36918331436278656,-6.242509800207878e-15,0.0,-0.03186568337721202,6.24250979748367e-15,0.0,0.02938503049801028,-0.00031348233946972215,0.0,45.600557203
1508285127.4932616,1.6110450608008482,7.649114501203697e-16,0.0,-1.657459453784825,-0.01315873151975102,0.0,0.017788721931414342,0.01471945534506685,0.0,0.2662308878530413,0.034290351261343666,0.0,-0.36918331436278656,-1.9976031360665185e-18,0.0,-0.03186568337721202,1.997603135194772e-18,0.0,0.02938503049801028,0.0016367165313917187,0.0,45.620557378
1508285127.5132585,1.6110450608008482,2.44771664038518e-19,0.0,-1.6574051535799441,0.012496125101332798,0.0,0.017788721931414564,0.02280816031645338,0.0,0.2662308878530413,0.034031817054000595,0.0,-0.36910424318815327,0.03141280482150217,0.0,-0.03194475455184531,-0.03141280482150217,0.0,0.02938503049801028,-0.0017015475819074906,0.0,45.640554164
1508285127.5332625,1.6110450608008482,-0.0029127042999383735,0.0,-1.6574323036823846,0.010785636639771508,0.0,0.01774310982389804,-0.01839638046179766,0.0,0.26614566669815876,-0.034157438728412266,0.0,-0.36918331436278656,-0.0010045411355690125,0.0,-0.03186568337721202,0.0010045411355690125,0.0,0.02938503049801028,-0.04119477894785628,0.0,45.660558117
1508285127.5532622,1.6110450608008482,-9.320653759802785e-07,0.0,-1.6574323036823846,0.0021748404303770855,0.0,0.017834334038930866,0.04011697864162094,0.0,0.26614566669815876,-0.035448926216554696,0.0,-0.36918331436278656,-0.03035107836116402,0.0,-0.03186568337721202,0.03035107836116402,0.0,0.02938503049801028,-0.006586783098707365,0.0,45.68055795
1508285127.5732622,1.6110450608008482,-2.982609203136888e-10,0.0,-1.657459453784825,-0.013518684458522669,0.0,0.017788721931414342,0.013641005273137202,0.0,0.26614566669815876,0.0012981631895286304,0.0,-0.36918331436278656,-6.0087346426335205e-05,0.0,-0.03186568337721202,6.0087346426335205e-05,0.0,0.02938503049801028,-0.008524034556750553,0.0,45.700558019
1508285127.5932627,1.6110450608008482,-9.544349450038033e-14,0.0,-1.657459453784825,-4.325979026727249e-06,0.0,0.017788721931414342,4.3651216874038995e-06,0.0,0.26614566669815876,0.0013661694165033867,0.0,-0.36910424318815327,-1.9227950856427243e-08,0.0,-0.03194475455184531,1.9227950856427243e-08,0.0,0.02938503049801028,-0.0003291998010335966,0.0,45.720558455
1508285127.6132634,1.6110450608008482,2.337106715990405e-05,0.0,-1.6574323036823846,-0.0022755881126832293,0.0,0.01774310982389804,-0.003472875111708015,0.0,0.2662308878530413,0.0013650506060753575,0.0,-0.36918331436278656,-0.006627353106813614,0.0,-0.03186568337721202,0.006627353106813614,0.0,0.02938503049801028,0.007888568110814951,0.0,45.740559147
1508285127.6332626,1.6110450608008482,7.478741491169287e-09,0.0,-1.6574323036823846,0.010899083562605535,0.0,0.01774310982389804,-0.016846959618118867,0.0,0.26614566669815876,0.0013697879218886554,0.0,-0.36918331436278656,0.0012684112007436315,0.0,-0.03186568337721202,0.001272652706731546,0.0,0.029487775359891433,0.041185299353336126,0.0,45.760558255
1508285127.6532598,1.6110450608008482,2.3931972771741695e-12,0.0,-1.6574323036823846,3.4877067400337674e-06,0.0,0.01774310982389804,-5.391027077798031e-06,0.0,0.26614566669815876,-0.007977670281583459,0.0,-0.36918331436278656,4.0589158423796164e-07,0.0,-0.03186568337721202,4.0724886615409436e-07,0.0,0.02938503049801028,0.006294502907958133,0.0,45.780555452
1508285127.6732605,1.6110450608008482,7.658231286957334e-16,0.0,-1.6574051535799441,0.013454187900867016,0.0,0.017788721931414564,0.022544875659514893,0.0,0.26614566669815876,0.006857762227297617,0.0,-0.36918331436278656,-0.006314859687782159,0.0,-0.03186568337721202,0.006314859947987103,0.0,0.02938503049801028,-0.0064971249979313235,0.0,45.800556126000004
1508285127.693262,1.6110450608008482,2.450634011826344e-19,0.0,-1.6574323036823846,-0.0013636171666277254,0.0,0.01774310982389804,0.003473248680637731,0.0,0.26614566669815876,-0.03381243396503829,0.0,-0.36918331436278656,-0.00504894710779573,0.0,-0.03186568337721202,0.0050489471078772235,0.0,0.02938503049801028,-0.048905618499308655,0.0,45.820557717
1508285127.7132628,1.6110450608008482,7.842028837844292e-23,0.0,-1.6574323036823846,-0.010971830066235472,0.0,0.01774310982389804,-0.018137782309008595,0.0,0.26614566669815876,0.008160153322357148,0.0,-0.36910424318815327,-0.0012703249768308536,0.0,-0.03194475455184531,0.0012703249768308796,0.0,0.029487775359891433,0.049706272725767095,0.0,45.840558483
1508285127.7332613,1.6110450608008482,2.5094492281101706e-26,0.0,-1.6574323036823846,0.003994319426646384,0.0,0.01774310982389804,0.0005771867286947718,0.0,0.2662308878530413,0.03404889588374564,0.0,-0.36926238553741986,0.0012633174076020727,0.0,-0.03178661220257875,-0.0012633174076016288,0.0,0.02938503049801028,-0.0003129405868701758,0.0,45.860557016
1508285127.7532613,1.6110450608008482,8.030237529952536e-30,0.0,-1.6574323036823846,1.8719967855047773e-05,0.0,0.01774310982389804,0.0073218673705181024,0.0,0.2662308878530413,0.03417514231892871,0.0,-0.36918331436278656,0.0002538734139366123,0.0,-0.03186568337721202,0.0002530648907957471,0.0,0.02938503049801028,0.001970554501875108,0.0,45.880556998
1508285127.7732623,1.6110450608008482,2.5696760095848088e-33,0.0,-1.6574323036823846,0.0017500135615705493,0.0,0.01774310982389804,0.0025857094487370547,0.0,0.26614566669815876,-0.0010733015209883378,0.0,-0.36918331436278656,8.123949245971584e-08,0.0,-0.03186568337721202,8.098076505463898e-08,0.0,0.02938503049801028,-0.00033563330759627967,0.0,45.900557968
1508285127.7932634,1.6110450608008482,8.22296323067138e-37,0.0,-1.657459453784825,-0.025939694199261724,0.0,0.017788721931414342,0.0001469361009066534,0.0,0.2662308878530413,0.03568856532927451,0.0,-0.36918331436278656,-0.006050319697744413,0.0,-0.03186568337721202,0.006050319749654895,0.0,0.029487775359891433,0.034178245782771496,0.0,45.920559081
1508285127.813262,1.6110450608008482,2.6313482338148382e-40,0.0,-1.6574323036823846,-0.0016581314499680092,0.0,0.01774310982389804,0.004232496866381164,0.0,0.26614566669815876,0.00028392039536320995,0.0,-0.36918331436278656,-0.007591962998143668,0.0,-0.03186568337721202,0.00759196299816028,0.0,0.02938503049801028,-0.00827440843936178,0.0,45.940557704
1508285127.8332613,1.6110450608008482,8.420314348207474e-44,0.0,-1.6574323036823846,0.015730025334654448,0.0,0.01774310982389804,-0.01878011713844563,0.0,0.26614566669815876,5.442904828360849e-05,0.0,-0.36918331436278656,-0.00020418679969010897,0.0,-0.03186568337721202,0.00020418679969011426,0.0,0.02938503049801028,-0.009536256059373457,0.0,45.960556879
1508285127.8532622,1.6110450608008482,0.0029266157234604673,0.0,-1.6574051535799441,0.010785053755095452,0.0,0.017788721931414564,0.01839612853735417,0.0,0.26614566669815876,1.74172954507547e-08,0.0,-0.36926238553741986,-0.03646728151445203,0.0,-0.03178661220257875,0.036568283212365174,0.0,0.02938503049801028,-0.04125798506278449,0.0,45.980557902
1508285127.873262,1.6110450608008482,9.365170315073487e-07,0.0,-1.6574323036823846,-0.010446869405170991,0.0,0.01774310982389804,-0.019008408533045123,0.0,0.2662308878530413,0.03552609806320674,0.0,-0.36918331436278656,-0.007554978725753265,0.0,-0.03186568337721202,-0.00753160734504024,0.0,0.02938503049801028,0.008146668406532833,0.0,46.000557631
1508285127.8932662,1.6110450608008482,0.00011612208902090622,0.0,-1.6574051535799441,0.013200221091231736,0.0,0.017788721931414564,0.013136475310279514,0.0,0.26614566669815876,-0.00680844430415753,0.0,-0.3693414567120531,-0.031676212954731796,0.0,-0.03170754102794546,0.03167138524721133,0.0,0.02938503049801028,-0.009851705611928524,0.0,46.020561985
1508285127.9132698,1.6110450608008482,3.715906848668995e-08,0.0,-1.6574323036823846,0.010505544119627735,0.0,0.01774310982389804,-0.018806821680793947,0.0,0.26614566669815876,-2.178702177330407e-06,0.0,-0.36918331436278656,-1.0136388145514164e-05,0.0,-0.03186568337721202,1.0134843279107615e-05,0.0,0.02938503049801028,-0.0015822427980603487,0.0,46.0405654
1508285127.93327,1.6110450608008482,1.189090191574077e-11,0.0,-1.6574323036823846,0.012692472732238206,0.0,0.01774310982389804,-0.015132879641517275,0.0,0.2662308878530413,-0.006546370256262831,0.0,-0.36910424318815327,-0.0010118257591557732,0.0,-0.03194475455184531,0.001011825758661416,0.0,0.02938503049801028,-0.009865120334092576,0.0,46.060565596
1508285127.9532669,1.6110450608008482,-0.0005820566773645495,0.0,-1.6574323036823846,-0.008842170647808697,0.0,0.01774310982389804,-0.013062490024694524,0.0,0.26614566669815876,-2.0948384820041038e-06,0.0,-0.36926238553741986,-0.030524810121023725,0.0,-0.03178661220257875,0.030524810121012852,0.0,0.029487775359891433,0.03104762170329104,0.0,46.080562664
1508285127.973264,1.6110450608008482,-1.8625813675665566e-07,0.0,-1.6574323036823846,0.00013637907365358543,0.0,0.01774310982389804,-4.179996807332991e-06,0.0,0.2662308878530413,0.03409093216783698,0.0,-0.36918331436278656,-0.00021248144714426306,0.0,-0.03186568337721202,0.00021248144714418842,0.0,0.02938503049801028,0.008229140105652908,0.0,46.100559665
1508285127.9932704,1.6110450608008482,-5.960260376212975e-11,0.0,-1.6574323036823846,-0.010910626675471132,0.0,0.01774310982389804,-0.01827152074646985,0.0,0.2662308878530413,0.03420375193539741,0.0,-0.36918331436278656,0.006324576469329014,0.0,-0.03186568337721202,-0.006324576469329014,0.0,0.02938503049801028,0.00033167608134448495,0.0,46.120566197
1508285128.013265,1.6110450608008482,2.3837011100772918e-05,0.0,-1.6574323036823846,-0.010450320217614606,0.0,0.01774310982389804,-0.01901897735382687,0.0,0.26614566669815876,1.0945200619327158e-05,0.0,-0.36918331436278656,0.006328930630639222,0.0,-0.03186568337721202,-0.006328930630637002,0.0,0.02938503049801028,0.00657409206905582,0.0,46.140560717
1508285128.033349,1.6110450608008482,0.0005846327127327929,0.0,-1.6574323036823846,0.0017288083690137313,0.0,0.01774310982389804,-0.002916098104462569,0.0,0.26614566669815876,0.0016365314103728074,0.0,-0.36918331436278656,-0.03163040588006742,0.0,-0.03186568337721202,0.0316304058800674,0.0,0.02938503049801028,0.006557134830609416,0.0,46.160644829
1508285128.0532641,1.6110450608008482,1.8708246807449351e-07,0.0,-1.6574323036823846,-0.011315257478479293,0.0,0.01774310982389804,-0.019011468205062203,0.0,0.26614566669815876,0.005213581921632708,0.0,-0.36918331436278656,-1.0121729881621564e-05,0.0,-0.03186568337721202,1.0121729881621556e-05,0.0,0.029487775359891433,0.04085420793526637,0.0,46.180559765
1508285128.0732672,1.6110450608008482,5.986638978383785e-11,0.0,-1.657459453784825,-0.012516538494499716,0.0,0.017788721931414342,0.02247475951305467,0.0,0.26614566669815876,-5.292270395029848e-05,0.0,-0.36926238553741986,-0.0316043909982506,0.0,-0.03178661220257875,0.03160439099823951,0.0,0.02938503049801028,-0.0016303758162973774,0.0,46.200562921
1508285128.093268,1.6110450608008482,-0.00291374306750122,0.0,-1.6574323036823846,-0.0018383519962316315,0.0,0.01774310982389804,0.003088890022139954,0.0,0.2662308878530413,0.03273913978236627,0.0,-0.36926238553741986,-0.031352455723807265,0.0,-0.03194475455184531,-0.031939251155796315,0.0,0.029487775359891433,0.0016488242820545888,0.0,46.220563732
1508285128.113267,1.6110450608008482,-9.323977816003895e-07,0.0,-1.6574323036823846,-0.008740662632555784,0.0,0.01774310982389804,-0.021747232297001127,0.0,0.26614566669815876,-4.37779032827718e-05,0.0,-0.36918331436278656,0.0012548961068468017,0.0,-0.03186568337721202,-0.0012751494530482748,0.0,0.029487775359891433,0.041361421076993865,0.0,46.240562672
1508285128.1332672,1.6110450608008482,-2.9836729011212433e-10,0.0,-1.6574051535799441,0.021655668672377372,0.0,0.017788721931414564,-6.9591142464744725e-06,0.0,0.26614566669815876,-0.00684036687822729,0.0,-0.36918331436278656,4.015667541909761e-07,0.0,-0.03186568337721202,-4.0804782497544753e-07,0.0,0.029487775359891433,0.0015901637901206815,0.0,46.260562895
