left_wam/base_yaw_joint_pos,left_wam/base_yaw_joint_vel,left_wam/base_yaw_joint_eff,left_wam/shoulder_pitch_joint_pos,left_wam/shoulder_pitch_joint_vel,left_wam/shoulder_pitch_joint_eff,left_wam/shoulder_yaw_joint_pos,left_wam/shoulder_yaw_joint_vel,left_wam/shoulder_yaw_joint_eff,left_wam/elbow_pitch_joint_pos,left_wam/elbow_pitch_joint_vel,left_wam/elbow_pitch_joint_eff,left_wam/wrist_yaw_joint_pos,left_wam/wrist_yaw_joint_vel,left_wam/wrist_yaw_joint_eff,left_wam/wrist_pitch_joint_pos,left_wam/wrist_pitch_joint_vel,left_wam/wrist_pitch_joint_eff,left_wam/palm_yaw_joint_pos,left_wam/palm_yaw_joint_vel,left_wam/palm_yaw_joint_eff,header_from_controller_start
1508285178.0138729,1.6110450608008482,-0.0022253118324593226,0.0,-1.657459453784825,-6.63654719076095e-05,0.0,0.017788721931414342,0.00011149383494613671,0.0,0.26614566669815876,-0.0013558661811707898,0.0,-0.36910424318815327,5.8878465564220125e-05,0.0,-0.03194475455184531,-5.887851741081805e-05,0.0,0.02938503049801028,-0.001703746487284145,0.0,96.141168674
1508285178.0338748,1.6110450608008482,0.0029248556591037317,0.0,-1.657459453784825,-0.010950596085200865,0.0,0.017788721931414342,0.018106077135230308,0.0,0.26614566669815876,-0.0326837311684539,0.0,-0.36918331436278656,1.8841108980550418e-08,0.0,-0.03186568337721202,-1.8841125571461753e-08,0.0,0.02938503049801028,-0.04104763986896298,0.0,96.161170367
1508285178.0538743,1.6110450608008482,2.4251441738600612e-05,0.0,-1.6574323036823846,0.010861209776241372,0.0,0.01774310982389804,-0.018246899675262336,0.0,0.26614566669815876,0.00026230118661195196,0.0,-0.36918331436278656,6.029154873776128e-12,0.0,-0.03186568337721202,-6.029160182867754e-12,0.0,0.029487775359891433,0.04307576926594774,0.0,96.181169973
1508285178.0738733,1.6110450608008482,-0.0029224206029560057,0.0,-1.6574323036823846,-0.002255670242733082,0.0,0.01774310982389804,0.0034981377736402757,0.0,0.2662308878530413,-0.008504991518824312,0.0,-0.36918331436278656,-0.001261172441010925,0.0,-0.03186568337721202,0.001261172441010925,0.0,0.02938503049801028,0.008169116986464569,0.0,96.20116899
1508285178.0938766,1.6110450608008482,-0.014156353260990583,0.0,-1.6574323036823846,0.010521889860386387,0.0,0.01774310982389804,-0.017676843178869528,0.0,0.26614566669815876,-0.0013655465449647947,0.0,-0.36918331436278656,-4.035751811234955e-07,0.0,-0.03186568337721202,4.035751811234955e-07,0.0,0.02938503049801028,-0.04904942613430725,0.0,96.221172279
1508285178.1138737,1.6110815841529407,0.014632716942199177,0.0,-1.657459453784825,-0.0003629238753340921,0.0,0.017788721931414342,-0.006669662670987048,0.0,0.2662308878530413,0.03409862630279441,0.0,-0.36918331436278656,-1.291440579595184e-10,0.0,-0.03186568337721202,1.291440579595184e-10,0.0,0.02938503049801028,-0.034313904932442005,0.0,96.241169546
1508285178.1338735,1.6110450608008482,-0.0005796638575300139,0.0,-1.657459453784825,-0.010832927261341005,0.0,0.017788721931414342,0.01819696263041684,0.0,0.26614566669815876,-0.0070790951066942095,0.0,-0.36918331436278656,-0.0254752181533775,0.0,-0.03186568337721202,0.0254752181533775,0.0,0.02938503049801028,-0.04008313982319875,0.0,96.261169189
1508285178.1538756,1.6110450608008482,-0.0006054500034578985,0.0,-1.657459453784825,-0.000522846948031926,0.0,0.017788721931414342,0.0008783808835560158,0.0,0.2662308878530413,0.040634398114547936,0.0,-0.36918331436278656,-8.15206980908079e-06,0.0,-0.03186568337721202,8.15206980908079e-06,0.0,0.029487775359891433,0.04142639347374776,0.0,96.28117129
1508285178.1738741,1.6110450608008482,0.0005837349441223338,0.0,-1.6574323036823846,0.013483767713856063,0.0,0.01774310982389804,-0.022652697684809483,0.0,0.26614566669815876,0.0013755032796858662,0.0,-0.36918331436278656,-0.0010139658495641754,0.0,-0.03186568337721202,0.0010139658495641754,0.0,0.02938503049801028,-0.04116129844887653,0.0,96.301169795
1508285178.1938777,1.6110450608008482,-0.017548265419560127,0.0,-1.6574323036823846,0.00863319854401913,0.0,0.01774310982389804,-0.01444560100202684,0.0,0.26614566669815876,-0.03548717141145181,0.0,-0.36918331436278656,-0.006329495157032228,0.0,-0.03186568337721202,0.006329495157030006,0.0,0.029487775359891433,0.04106326686109127,0.0,96.321173399
1508285178.2138743,1.6110450608008482,-5.615444934259235e-06,0.0,-1.657459453784825,-0.00820504902001563,0.0,0.017788721931414342,0.013784481444392356,0.0,0.26614566669815876,-0.0405987842020163,0.0,-0.36918331436278656,-0.0063281779238889375,0.0,-0.03186568337721202,0.0063281779238889375,0.0,0.02938503049801028,-0.009505920679078144,0.0,96.341170174
1508285178.233874,1.6110450608008482,2.337762996495992e-05,0.0,-1.657459453784825,-0.01303411134625642,0.0,0.017788721931414342,0.021897276062584896,0.0,0.2662308878530413,0.035202163063328656,0.0,-0.36918331436278656,-2.025016935644458e-06,0.0,-0.03186568337721202,2.025016935644458e-06,0.0,0.029487775359891433,-0.0017122603762824522,0.0,96.361169913
1508285178.253879,1.6110450608008482,7.480841588787167e-09,0.0,-1.657459453784825,-0.0020716455814798595,0.0,0.017788721931414342,0.0034803596489312158,0.0,0.26614566669815876,-0.001351235580108946,0.0,-0.36918331436278656,-6.480054194062259e-10,0.0,-0.03186568337721202,6.480054194062259e-10,0.0,0.02938503049801028,0.008219636819980997,0.0,96.381174849
1508285178.2738786,1.6110450608008482,-0.003501626308905201,0.0,-1.6574323036823846,0.012516188945219777,0.0,0.01774310982389804,-0.021027167654903964,0.0,0.26614566669815876,0.0014143188128985123,0.0,-0.36910424318815327,0.031144363802973602,0.0,-0.03194475455184531,-0.031144363802973602,0.0,0.029487775359891433,0.04047152899654927,0.0,96.401174409
1508285178.2938771,1.6110450608008482,-0.011722261689790004,0.0,-1.657459453784825,-0.013140853580541841,0.0,0.017788721931414342,0.022076602756315008,0.0,0.2662308878530413,-0.007091469618998721,0.0,-0.36918331436278656,9.966196416951542e-06,0.0,-0.03186568337721202,-9.966196416951542e-06,0.0,0.02938503049801028,0.009876195038548223,0.0,96.421172906
1508285178.3138757,1.6110815841529407,0.014143497500328115,0.0,-1.657459453784825,0.0020984505155436602,0.0,0.017788721931414342,-0.0035253918743938712,0.0,0.2662308878530413,0.04085718232505943,0.0,-0.36910424318815327,0.031634537020028046,0.0,-0.03194475455184531,-0.031634537020028046,0.0,0.029487775359891433,-0.0082180044711482,0.0,96.441171504
1508285178.3338788,1.6110450608008482,-0.00011281893625881256,0.0,-1.6574323036823846,0.011736065841800905,0.0,0.01774310982389804,-0.01825599883189004,0.0,0.2662308878530413,0.04123346293966593,0.0,-0.36926238553741986,-0.03163573038795543,0.0,-0.03178661220257875,0.03163573038794432,0.0,0.029487775359891433,0.00824311403512654,0.0,96.4611744
1508285178.3538806,1.6110815841529407,0.01526240165761562,0.0,-1.657459453784825,-0.0017305651126418595,0.0,0.017788721931414342,0.002907812653068362,0.0,0.26614566669815876,-0.00025872231993176437,0.0,-0.36910424318815327,0.006355563747015983,0.0,-0.03194475455184531,-0.006355563747015969,0.0,0.029487775359891433,0.04155733826806573,0.0,96.481176327
1508285178.373882,1.6110450608008482,4.883968530436993e-06,0.0,-1.6574323036823846,-0.0021983409657257195,0.0,0.01774310982389804,0.0036350695333375025,0.0,0.26614566669815876,-0.03394129877294633,0.0,-0.36918331436278656,-0.001263347572834762,0.0,-0.03186568337721202,0.001263347572834762,0.0,0.02938503049801028,-0.008303846725174447,0.0,96.501177776
1508285178.3938768,1.6110450608008482,-0.0005839966902628176,0.0,-1.657459453784825,1.6605758130145953e-05,0.0,0.017788721931414342,-2.791623833657699e-05,0.0,0.26614566669815876,-0.04322149233424062,0.0,-0.36910424318815327,-0.0015178066569012743,0.0,-0.03194475455184531,0.0015178066569012743,0.0,0.02938503049801028,-0.04184211160834228,0.0,96.521172488
1508285178.413877,1.6110450608008482,0.0035060317586910234,0.0,-1.657459453784825,-1.7336863739922967e-05,0.0,0.017788721931414342,-2.9143750282095436e-05,0.0,0.26614566669815876,-0.0002864608331152545,0.0,-0.36918331436278656,-5.0992555522579315e-05,0.0,-0.03186568337721202,5.0992555522579315e-05,0.0,0.02938503049801028,-0.040724895442536636,0.0,96.541172747
1508285178.4338794,1.6110815841529407,0.014556881699705891,0.0,-1.657459453784825,-0.0005379723957616864,0.0,0.017788721931414342,0.0009037736988851852,0.0,0.2662308878530413,0.0353798548636968,0.0,-0.36918331436278656,0.007582327151950184,0.0,-0.03186568337721202,-0.007582327151950184,0.0,0.02938503049801028,-0.047922326600584916,0.0,96.561175056
1508285178.4538808,1.6110450608008482,-0.015120815385464522,0.0,-1.6574323036823846,0.011174068636495543,0.0,0.01774310982389804,-0.018772408734802133,0.0,0.2662308878530413,0.026886133286079136,0.0,-0.36918331436278656,2.426344688624056e-06,0.0,-0.03186568337721202,-2.426344688624056e-06,0.0,0.02938503049801028,0.0013000119715807612,0.0,96.581176613
1508285178.4738781,1.6110450608008482,0.0005786035357912767,0.0,-1.657459453784825,-0.0081448542299285,0.0,0.017788721931414342,0.013683335731588309,0.0,0.26614566669815876,-0.0013527615630170957,0.0,-0.36918331436278656,-5.0404131713000214e-05,0.0,-0.03186568337721202,5.0404131713000214e-05,0.0,0.02938503049801028,0.00033016688679031366,0.0,96.601173783
1508285178.4938781,1.6110450608008482,0.000586698833054435,0.0,-1.657459453784825,-8.948262143148833e-05,0.0,0.017788721931414342,0.0001503305911468214,0.0,0.26614566669815876,-0.03270252465584798,0.0,-0.36918331436278656,-1.612932214816005e-08,0.0,-0.03186568337721202,1.612932214816005e-08,0.0,0.029487775359891433,0.04068227216178631,0.0,96.621173803
1508285178.5138783,1.6110450608008482,0.0029205269172214083,0.0,-1.6574323036823846,0.012866813919855837,0.0,0.017834334038930866,0.016068809063978576,0.0,0.2662308878530413,0.03405609995821666,0.0,-0.36918331436278656,-5.16138308741121e-12,0.0,-0.03186568337721202,5.16138308741121e-12,0.0,0.02938503049801028,-0.0015587067267837987,0.0,96.641173973
1508285178.53388,1.6110815841529407,0.011685074692388461,0.0,-1.657459453784825,-0.010325226825868174,0.0,0.017788721931414342,0.017416574635620206,0.0,0.2662308878530413,0.0326618986903999,0.0,-0.36910424318815327,-1.6516425879715857e-15,0.0,-0.03194475455184531,1.6516425879715857e-15,0.0,0.02938503049801028,-0.041081831976579296,0.0,96.66117575
1508285178.5538836,1.6110815841529407,0.010964695490271362,0.0,-1.657459453784825,0.004435769137092761,0.0,0.017788721931414342,0.000151664544568408,0.0,0.2662308878530413,6.514727577396045e-05,0.0,-0.36918331436278656,-5.285256281509068e-19,0.0,-0.03186568337721202,5.285256281509068e-19,0.0,0.029487775359891433,0.03912227930146539,0.0,96.681179372
1508285178.5739446,1.6110450608008482,3.5087025568868324e-06,0.0,-1.657459453784825,-0.0013140070385597865,0.0,0.017788721931414342,0.0036766493535457146,0.0,0.26614566669815876,-0.027304448789102032,0.0,-0.36918331436278656,-1.6912820100828999e-22,0.0,-0.03186568337721202,1.6912820100828999e-22,0.0,0.029487775359891433,-0.00826931357040084,0.0,96.701240278
1508285178.5938797,1.6110450608008482,-0.017572061402551898,0.0,-1.657459453784825,-0.010898928271844363,0.0,0.017788721931414342,0.018310643689324887,0.0,0.26614566669815876,-0.0342723840756129,0.0,-0.36918331436278656,0.0010146017717281583,0.0,-0.03186568337721202,-0.0010146017717278018,0.0,0.02938503049801028,-0.049435106064128265,0.0,96.721175406
1508285178.6138794,1.6110450608008482,0.0029168053037685457,0.0,-1.6574323036823846,-0.0018475885201658323,0.0,0.01774310982389804,0.004557054709107163,0.0,0.2662308878530413,-1.0967162904196118e-05,0.0,-0.36918331436278656,0.00025306945488588463,0.0,-0.03186568337721202,-0.0002530694548858845,0.0,0.02938503049801028,-0.001258303661102629,0.0,96.741175199
1508285178.6338804,1.6110450608008482,0.000611290670287317,0.0,-1.6574323036823846,0.01088881746615538,0.0,0.01774310982389804,-0.018292722445884323,0.0,0.26614566669815876,-3.5094921293427535e-09,0.0,-0.36910424318815327,0.03273197981533447,0.0,-0.03194475455184531,-0.03019213216436595,0.0,0.02938503049801028,0.0003939550229570865,0.0,96.761176051
1508285178.6539407,1.6110450608008482,-0.015073961710086,0.0,-1.6574323036823846,0.01094856880009725,0.0,0.01774310982389804,-0.01839356939129868,0.0,0.2662308878530413,5.4525989990622e-05,0.0,-0.36918331436278656,0.03188662203690685,0.0,-0.03186568337721202,0.031360635348262486,0.0,0.02938503049801028,-0.04141965071839772,0.0,96.781236456
1508285178.6738815,1.6110450608008482,-0.0035109018786737244,0.0,-1.6574323036823846,0.0022794713378689034,0.0,0.017834334038930866,0.03259559985638004,0.0,0.2662308878530413,0.006871234967959564,0.0,-0.36918331436278656,1.020371905181018e-05,0.0,-0.03186568337721202,1.0035403311443986e-05,0.0,0.02938503049801028,-0.00856036531982897,0.0,96.801177323
1508285178.693881,1.6110450608008482,2.2278260231841615e-05,0.0,-1.657459453784825,-0.0005030597559751668,0.0,0.017788721931414342,0.0008567952273877546,0.0,0.2662308878530413,0.0013656735580778055,0.0,-0.36910424318815327,0.030411002294025637,0.0,-0.03194475455184531,-0.03294115517132027,0.0,0.029487775359891433,0.00032575477374468745,0.0,96.821176692
1508285178.7138805,1.6110450608008482,-0.00011757697594104532,0.0,-1.657459453784825,0.000519977355120387,0.0,0.017788721931414342,-0.0008735569897677217,0.0,0.26614566669815876,-0.03995771335351535,0.0,-0.36918331436278656,-0.006185670620452902,0.0,-0.03186568337721202,0.006184860971532167,0.0,0.02938503049801028,-0.00033067488836835835,0.0,96.841176375
1508285178.7338824,1.6110450608008482,-0.002923511704305657,0.0,-1.6574323036823846,0.010350001500471773,0.0,0.01774310982389804,-0.017387977899383417,0.0,0.2662308878530413,0.005439301945275917,0.0,-0.36918331436278656,-0.007601682056296724,0.0,-0.03186568337721202,0.007601681797206401,0.0,0.02938503049801028,-0.00032883482491213086,0.0,96.86117805
1508285178.753885,1.6110450608008482,-0.014719486727519208,0.0,-1.657459453784825,-0.011285323795223217,0.0,0.017788721931414342,0.018959317130848377,0.0,0.2662308878530413,0.025958853751884184,0.0,-0.36918331436278656,0.0075255669102362345,0.0,-0.03186568337721202,-0.007525566910319144,0.0,0.029487775359891433,0.03326665011508917,0.0,96.881180638
1508285178.773885,1.6110450608008482,-0.013497488728548983,0.0,-1.6574323036823846,0.008280024332486258,0.0,0.01774310982389804,-0.013910421182349421,0.0,0.26614566669815876,-0.03283740240717365,0.0,-0.36918331436278656,-0.03047299214471997,0.0,-0.03186568337721202,0.030472992144719945,0.0,0.02938503049801028,-0.00025053606580120985,0.0,96.901180796
1508285178.793882,1.6110450608008482,-0.01466190003838657,0.0,-1.6574323036823846,0.01088126171392124,0.0,0.01774310982389804,-0.01828049379542919,0.0,0.26614566669815876,-0.034430022615800374,0.0,-0.36918331436278656,-0.025363891366214312,0.0,-0.03186568337721202,0.025363891366214312,0.0,0.02938503049801028,-0.008486626461504443,0.0,96.921177586
1508285178.8138962,1.6110450608008482,-4.691808012283697e-06,0.0,-1.657459453784825,-0.0004293000704235151,0.0,0.017788721931414342,0.0007212230971077613,0.0,0.2662308878530413,0.008166436751336685,0.0,-0.36918331436278656,-8.11644523718857e-06,0.0,-0.03186568337721202,8.11644523718857e-06,0.0,0.02938503049801028,-0.001969979686290182,0.0,96.941191854
1508285178.833884,1.6110450608008482,-1.5013785639307813e-09,0.0,-1.657459453784825,-0.010878270654119476,0.0,0.017788721931414342,0.016760929410430427,0.0,0.26614566669815876,-0.028685820068238003,0.0,-0.36910424318815327,-0.006325400981796951,0.0,-0.03194475455184531,0.006325400981796951,0.0,0.02938503049801028,-6.303934996128576e-07,0.0,96.961179639
1508285178.853886,1.6110450608008482,-0.014427653734216386,0.0,-1.6574323036823846,-0.0022007608498504395,0.0,0.01774310982389804,0.0036967883400453477,0.0,0.26614566669815876,-0.008217919293927173,0.0,-0.36910424318815327,-0.0013199561016253253,0.0,-0.03194475455184531,0.0013199561016253253,0.0,0.02938503049801028,-0.007920961265380626,0.0,96.981181618
1508285178.8738859,1.6110450608008482,-4.616849194949238e-06,0.0,-1.6574323036823846,0.008754024285690056,0.0,0.01774310982389804,-0.014706740131286398,0.0,0.2662308878530413,0.027206025086166496,0.0,-0.36910424318815327,-0.0012641462975471786,0.0,-0.03194475455184531,0.0012641462975471786,0.0,0.02938503049801028,0.00039048110071899513,0.0,97.001181605
1508285178.893883,1.6110450608008482,-1.4773917423837545e-09,0.0,-1.6574323036823846,0.009207424659940839,0.0,0.01774310982389804,-0.01546845152645582,0.0,0.26614566669815876,-0.03435053342125137,0.0,-0.36910424318815327,0.006089079871607979,0.0,-0.03194475455184531,-0.006089079871607979,0.0,0.029487775359891433,0.03311797883759078,0.0,97.021178769
1508285178.913927,1.6110815841529407,0.014619114089937242,0.0,-1.6574323036823846,0.01035042424684936,0.0,0.01774310982389804,-0.01738868811348574,0.0,0.26614566669815876,-0.040717615449167924,0.0,-0.36910424318815327,0.001211097609498385,0.0,-0.03194475455184531,-0.001211097609498385,0.0,0.029487775359891433,0.008226864391313373,0.0,97.0412228
1508285178.9338834,1.6110450608008482,4.678116508779912e-06,0.0,-1.657459453784825,-0.008267811427464125,0.0,0.017788721931414342,0.013889903530963857,0.0,0.26614566669815876,-0.04055587190057094,0.0,-0.36918331436278656,3.875512350394828e-07,0.0,-0.03186568337721202,-3.875512350394828e-07,0.0,0.02938503049801028,-0.04100831765999509,0.0,97.061179253
1508285178.953885,1.6110450608008482,0.00011687076238758631,0.0,-1.657459453784825,0.0020901795901837046,0.0,0.017788721931414342,-0.0035114967394637283,0.0,0.2662308878530413,0.027187412625314187,0.0,-0.36918331436278656,-0.0010114606961809155,0.0,-0.03186568337721202,0.0010114606961809155,0.0,0.029487775359891433,0.039320555236653135,0.0,97.081180859
1508285178.9738872,1.6110450608008482,-0.015157955335414544,0.0,-1.657459453784825,-0.012569219446977338,0.0,0.017788721931414342,0.022579440760271893,0.0,0.26614566669815876,0.00132080273344184,0.0,-0.36918331436278656,-3.2366742277789256e-07,0.0,-0.03186568337721202,3.2366742277789256e-07,0.0,0.02938503049801028,0.009554631887846776,0.0,97.101183029
1508285178.9938912,1.6110450608008482,1.8498257992578186e-05,0.0,-1.657459453784825,0.002167366876429326,0.0,0.017788721931414342,0.0036551538206139934,0.0,0.2662308878530413,0.03535830698198862,0.0,-0.36918331436278656,-1.035735752889255e-10,0.0,-0.03186568337721202,1.035735752889255e-10,0.0,0.029487775359891433,0.04111583532411951,0.0,97.12118698
1508285179.0139577,1.6110450608008482,-0.0005811536936927454,0.0,-1.657459453784825,-0.010505056817072434,0.0,0.017788721931414342,0.017650805287631584,0.0,0.26614566669815876,-0.0049832395728142635,0.0,-0.36918331436278656,-3.3143544092456124e-14,0.0,-0.03186568337721202,3.3143544092456124e-14,0.0,0.02938503049801028,-0.0002512405801250289,0.0,97.141253495
1508285179.033885,1.6110450608008482,0.0005838122839507657,0.0,-1.657459453784825,-0.02217614806351616,0.0,0.017788721931414342,0.0005842974911217917,0.0,0.26614566669815876,-0.0015914720739066955,0.0,-0.36918331436278656,-0.02518137954642228,0.0,-0.03186568337721202,0.02518137954642228,0.0,0.029487775359891433,-0.00027401658176696455,0.0,97.161180825
1508285179.0538852,1.6110450608008482,0.0029324043918870094,0.0,-1.657459453784825,0.0003401396025828234,0.0,0.017788721931414342,-0.0005247808988286118,0.0,0.26614566669815876,-0.008259558355485955,0.0,-0.36910424318815327,0.0014587049531103885,0.0,-0.03194475455184531,-0.0014587049531103885,0.0,0.02938503049801028,-0.04109121380378782,0.0,97.181180924
1508285179.0738883,1.6110450608008482,9.38369405403842e-07,0.0,-1.657459453784825,-0.009049209660346134,0.0,0.017788721931414342,0.01520266563234711,0.0,0.26614566669815876,0.006507442290802851,0.0,-0.36918331436278656,0.0012709987393228067,0.0,-0.03186568337721202,-0.0012709987393228067,0.0,0.02938503049801028,-0.04443686746693345,0.0,97.201184122
1508285179.093887,1.6110450608008482,-2.327920268651201e-05,0.0,-1.6574323036823846,0.01079352223886497,0.0,0.01774310982389804,-0.0184250651373388,0.0,0.26614566669815876,-0.026143183549299155,0.0,-0.36910424318815327,-0.006321223855559446,0.0,-0.03194475455184531,0.006321223855559446,0.0,0.029487775359891433,-0.00789968218924783,0.0,97.221182822
1508285179.113892,1.6110815841529407,0.015315905436811857,0.0,-1.6574051535799441,0.021819996971409943,0.0,0.017788721931414564,-0.00015224919886003505,0.0,0.2662308878530413,0.0002102391361661633,0.0,-0.36918331436278656,-0.0015181053733304393,0.0,-0.03186568337721202,0.0015181053733304393,0.0,0.029487775359891433,0.009785986298981843,0.0,97.241187741
1508285179.133886,1.6110815841529407,0.01502608124885828,0.0,-1.657459453784825,6.982399030851174e-06,0.0,0.017788721931414342,-4.8719743635211166e-08,0.0,0.26614566669815876,-0.03510363326935149,0.0,-0.36918331436278656,0.00630087592672463,0.0,-0.03186568337721202,-0.00630087592672463,0.0,0.02938503049801028,-0.006540803228731075,0.0,97.261181755
1508285179.1538856,1.6110450608008482,4.808345999634644e-06,0.0,-1.657459453784825,-0.004781923712325668,0.0,0.017788721931414342,0.000729933624564762,0.0,0.26614566669815876,-0.027275035075537288,0.0,-0.36918331436278656,-0.005063283235935129,0.0,-0.03186568337721202,0.005063283235935129,0.0,0.029487775359891433,-0.0016463260277453005,0.0,97.28118122
1508285179.1738896,1.6110450608008482,-0.000586441975720509,0.0,-1.657459453784825,0.002257161002822536,0.0,0.017788721931414342,-0.0037943622952753813,0.0,0.26614566669815876,-0.001105502010216238,0.0,-0.36918331436278656,-5.224757757442321e-05,0.0,-0.03186568337721202,-4.900707630342472e-05,0.0,0.029487775359891433,0.001255987699398243,0.0,97.30118535
1508285179.1938903,1.6110450608008482,-0.014539520135024245,0.0,-1.6574323036823846,0.0026930076465494627,0.0,0.01774310982389804,-0.004524247188069787,0.0,0.2662308878530413,-3.5376064326919577e-07,0.0,-0.36918331436278656,-0.0063216472943808544,0.0,-0.03186568337721202,0.006321614892891613,0.0,0.029487775359891433,0.04221843826166664,0.0,97.321186052
1508285179.21389,1.6110450608008482,-0.00014551349091848777,0.0,-1.657459453784825,0.00041603259746005733,0.0,0.017788721931414342,-0.0006989337743286724,0.0,0.26614566669815876,-0.027402234301406994,0.0,-0.36910424318815327,0.03149356530165244,0.0,-0.03194475455184531,-0.03149356531202092,0.0,0.02938503049801028,-0.04919645415581307,0.0,97.341185822
1508285179.2338867,1.6110450608008482,-4.656431709391604e-08,0.0,-1.657459453784825,-0.0021730688403035383,0.0,0.017788721931414342,0.003650750482490971,0.0,0.2662308878530413,0.000264839460740998,0.0,-0.36918331436278656,1.007794089652877e-05,0.0,-0.03186568337721202,-1.0077940899846681e-05,0.0,0.02938503049801028,0.0013637093535379251,0.0,97.361182474
1508285179.25389,1.6110450608008482,-1.4900581470053116e-11,0.0,-1.657459453784825,-0.0021837133970857214,0.0,0.017788721931414342,0.0036686333125642225,0.0,0.26614566669815876,-0.0343795804461113,0.0,-0.36918331436278656,-0.0012592223813204153,0.0,-0.03186568337721202,0.0012592223813204144,0.0,0.02938503049801028,-0.0328588428415028,0.0,97.381185752
1508285179.2738893,1.6110450608008482,-0.014579114135135284,0.0,-1.657459453784825,-0.0022755514825236567,0.0,0.017788721931414342,0.0038229210776387808,0.0,0.26614566669815876,-0.0408976241940604,0.0,-0.36918331436278656,0.031562627650705534,0.0,-0.03186568337721202,0.031563433553029575,0.0,0.029487775359891433,0.03929512042867886,0.0,97.401185125
1508285179.2939057,1.6110450608008482,-0.00012132598612810481,0.0,-1.6574323036823846,0.0025441153619762957,0.0,0.01774310982389804,-0.0028114501430460577,0.0,0.26614566669815876,-0.005486067005709487,0.0,-0.36918331436278656,-0.031446237733125576,0.0,-0.03186568337721202,0.03106225105668763,0.0,0.02938503049801028,0.009971275580248852,0.0,97.42120136
1508285179.3138914,1.6110450608008482,-0.0028009631268382327,0.0,-1.657459453784825,-0.010878171626241525,0.0,0.017788721931414342,0.018275770505914092,0.0,0.26614566669815876,-0.033021115386528306,0.0,-0.36918331436278656,-1.0062796074600172e-05,0.0,-0.03186568337721202,9.939920338140029e-06,0.0,0.02938503049801028,0.006929150979364971,0.0,97.441187067
1508285179.333889,1.6110815841529407,0.014140422562806775,0.0,-1.657459453784825,-2.077997084030227e-05,0.0,0.017788721931414342,3.491045135719158e-05,0.0,0.26614566669815876,-0.0011008591864736079,0.0,-0.36918331436278656,-3.2200947438720513e-09,0.0,-0.03186568337721202,3.1807745082048055e-09,0.0,0.02938503049801028,-0.04148764420220452,0.0,97.461184648
1508285179.3538888,1.6110450608008482,0.000144695930846794,0.0,-1.657459453784825,-0.00017377990016424953,0.0,0.017788721931414342,1.1171343723707056e-08,0.0,0.2662308878530413,0.03541430055999021,0.0,-0.36918331436278656,-1.0304303180390553e-12,0.0,-0.03186568337721202,1.0178478426255365e-12,0.0,0.029487775359891433,0.03938407799403895,0.0,97.481184418
1508285179.3738923,1.6110450608008482,4.630269787097403e-08,0.0,-1.6574323036823846,0.013124304674065015,0.0,0.01774310982389804,-0.02199055500906805,0.0,0.26614566669815876,0.001440570335253035,0.0,-0.36918331436278656,-0.00020263000713100957,0.0,-0.03186568337721202,0.00020263000713100556,0.0,0.029487775359891433,0.04139847768978695,0.0,97.501187959
1508285179.3938923,1.6110450608008482,0.0005857427961284038,0.0,-1.657459453784825,-0.011145309382361503,0.0,0.017788721931414342,0.018724111888901218,0.0,0.26614566669815876,-0.025776019282863,0.0,-0.36910424318815327,5.032211820577477e-05,0.0,-0.03194475455184531,5.045180141033859e-05,0.0,0.029487775359891433,0.0015955442171363202,0.0,97.521188092
1508285179.4138925,1.6110450608008482,0.0001408834263365022,0.0,-1.657459453784825,-0.002643282040875001,0.0,0.017788721931414342,0.004382208230690785,0.0,0.26614566669815876,-8.248326170516152e-06,0.0,-0.36918331436278656,-0.006579275903695213,0.0,-0.03186568337721202,0.00657930815134727,0.0,0.02938503049801028,-0.008548602951059867,0.0,97.541188265
1508285179.4338887,1.6110450608008482,-0.0027937981648328346,0.0,-1.657459453784825,0.00010336016537915189,0.0,0.017788721931414342,-0.00017366355174676347,0.0,0.26614566669815876,0.006791464992567407,0.0,-0.36910424318815327,0.0012577181608622826,0.0,-0.03194475455184531,-0.001257718150543034,0.0,0.02938503049801028,-0.04747411723972572,0.0,97.561184417
1508285179.4538908,1.6110450608008482,-8.940154127465061e-07,0.0,-1.6574323036823846,0.010393644916147984,0.0,0.01774310982389804,-0.01746129874108595,0.0,0.26614566669815876,0.008205852424621888,0.0,-0.36910424318815327,4.0246981147593e-07,0.0,-0.03194475455184531,-4.0246980817377047e-07,0.0,0.029487775359891433,0.0012999985903014448,0.0,97.581186565
1508285179.4738934,1.6110450608008482,0.0029217313486726566,0.0,-1.657459453784825,-0.002150919157653722,0.0,0.017788721931414342,-0.0036247142995382313,0.0,0.26614566669815876,-0.006814747941664416,0.0,-0.36910424318815327,-0.0012705318249474718,0.0,-0.03194475455184531,0.0012705318249474728,0.0,0.02938503049801028,0.001651341646066607,0.0,97.601189233
1508285179.4938936,1.6110450608008482,9.34954031575249e-07,0.0,-1.657459453784825,-0.01118468979314688,0.0,0.017788721931414342,0.018787936005666618,0.0,0.2662308878530413,0.027132904198620324,0.0,-0.36918331436278656,-0.03778677183679289,0.0,-0.03186568337721202,0.03778677183679289,0.0,0.029487775359891433,0.032780748629853196,0.0,97.621189458
1508285179.5138938,1.6110815841529407,0.014608658472973237,0.0,-1.657459453784825,-0.011400094364291916,0.0,0.017788721931414342,0.019152130672674118,0.0,0.26614566669815876,-0.02595732148024619,0.0,-0.36918331436278656,-0.006336736230379875,0.0,-0.03186568337721202,0.006336736230379875,0.0,0.02938503049801028,-0.03260413905074737,0.0,97.64118946
1508285179.533891,1.6110450608008482,-0.01513087959638554,0.0,-1.6574323036823846,0.008649167071722945,0.0,0.017834334038930866,0.021814429630862855,0.0,0.2662308878530413,-0.005438399998319662,0.0,-0.36918331436278656,-0.0012666551876208832,0.0,-0.03186568337721202,0.0012666551876208832,0.0,0.02938503049801028,-0.009843603462519793,0.0,97.661186588
1508285179.5538917,1.6110450608008482,-4.841881470843367e-06,0.0,-1.6574323036823846,0.010877857456896126,0.0,0.01774310982389804,-0.01826314424860908,0.0,0.26614566669815876,5.2623731895347226e-05,0.0,-0.36918331436278656,-4.053296600386822e-07,0.0,-0.03186568337721202,4.053296600386822e-07,0.0,0.02938503049801028,-0.0002664538574911004,0.0,97.681187477
1508285179.5738928,1.6110450608008482,2.3294548194680098e-05,0.0,-1.657459453784825,3.480914386206757e-06,0.0,0.017788721931414342,-5.844206159554899e-06,0.0,0.2662308878530413,0.027460627905551625,0.0,-0.36910424318815327,5.0434720761762853e-05,0.0,-0.03194475455184531,-5.0434720761762853e-05,0.0,0.029487775359891433,0.03271276694090861,0.0,97.701188637
1508285179.593895,1.6110450608008482,-0.01410284246814464,0.0,-1.657459453784825,-1.7326632491267006e-05,0.0,0.017788721931414342,2.910870256030451e-05,0.0,0.2662308878530413,0.03367533918873113,0.0,-0.36918331436278656,0.0012616368487601852,0.0,-0.03186568337721202,-0.0012616368487601852,0.0,0.02938503049801028,-0.008199928393122871,0.0,97.721190654
1508285179.613895,1.6110815841529407,-4.51290958980628e-06,0.0,-1.6574323036823846,-0.0026744656623927973,0.0,0.01774310982389804,0.004200354602891925,0.0,0.26614566669815876,-0.034145583115799794,0.0,-0.36918331436278656,0.000254145586542875,0.0,-0.03186568337721202,-0.000254145586542875,0.0,0.02938503049801028,-0.032634490776220326,0.0,97.741190689
1508285179.633891,1.6110450608008482,0.0006053571971469095,0.0,-1.657459453784825,0.0004317721021916419,0.0,0.017788721931414342,-0.0007254697818291944,0.0,0.26614566669815876,0.0016205544576008385,0.0,-0.36910424318815327,0.031612000216054946,0.0,-0.03194475455184531,-0.031612000216054946,0.0,0.02938503049801028,0.008210721816512143,0.0,97.761186835
1508285179.6538932,1.6110450608008482,1.9371430308701082e-07,0.0,-1.657459453784825,0.0003475500220266596,0.0,0.017788721931414342,-0.0005838832402418666,0.0,0.26614566669815876,-0.005477191770779505,0.0,-0.36918331436278656,-0.007652576477843216,0.0,-0.03186568337721202,0.007652576477843216,0.0,0.029487775359891433,0.00825034389351863,0.0,97.781188916
1508285179.6738942,1.6110450608008482,-2.324081195617247e-05,0.0,-1.6574323036823846,0.010429919840984486,0.0,0.01774310982389804,-0.017522240522541036,0.0,0.26614566669815876,0.0013674344887061212,0.0,-0.36910424318815327,0.007594083528044057,0.0,-0.03194475455184531,-0.007594083528044057,0.0,0.02938503049801028,-0.009540714893347594,0.0,97.801189925
1508285179.6938944,1.6110450608008482,-7.437059825975182e-09,0.0,-1.657459453784825,-0.010502087593333286,0.0,0.017788721931414342,0.02493238971159107,0.0,0.26614566669815876,-0.0002721598896449277,0.0,-0.36910424318815327,-0.006315437145070016,0.0,-0.03194475455184531,0.006315437145070016,0.0,0.02938503049801028,-6.862688480658654e-05,0.0,97.82119011
1508285179.7138934,1.6110450608008482,-2.3798591443120555e-12,0.0,-1.6574323036823846,0.010528504271010394,0.0,0.01774310982389804,-0.017685529680054064,0.0,0.2662308878530413,0.027323137025523362,0.0,-0.36918331436278656,-0.0012627424188091999,0.0,-0.03186568337721202,0.0012627424188091999,0.0,0.029487775359891433,-0.0019676750423266226,0.0,97.841189042
1508285179.7338932,1.6110450608008482,-7.61554926179857e-16,0.0,-1.657459453784825,7.275433724307684e-05,0.0,0.017788721931414342,-0.00012222636711880662,0.0,0.2662308878530413,0.03549846953692348,0.0,-0.36918331436278656,0.0015160947874021367,0.0,-0.03186568337721202,-0.0015160947874021367,0.0,0.02938503049801028,-0.0016429045071940178,0.0,97.86118887
1508285179.753894,1.6110450608008482,-2.4369757637755403e-19,0.0,-1.657459453784825,0.0021727069592605555,0.0,0.017788721931414342,-0.003650142522960824,0.0,0.26614566669815876,0.00028408697295729765,0.0,-0.36910424318815327,0.03907118790625263,0.0,-0.03194475455184531,-0.03907118790625263,0.0,0.029487775359891433,-0.0003293331191743581,0.0,97.881189753
1508285179.773897,1.6110450608008482,-7.79832244408172e-23,0.0,-1.6574323036823846,0.00822139329796837,0.0,0.01774310982389804,-0.013811921183828709,0.0,0.26614566669815876,-0.03567416066510389,0.0,-0.36918331436278656,0.0012774316728084208,0.0,-0.03186568337721202,-0.0012774316728084208,0.0,0.029487775359891433,0.040708370734895805,0.0,97.901192671
1508285179.7938974,1.6110450608008482,0.000606816049792686,0.0,-1.657459453784825,2.6308458553498753e-06,0.0,0.017788721931414342,-4.419814778825182e-06,0.0,0.2662308878530413,0.032780821411122846,0.0,-0.36918331436278656,4.0877813529869425e-07,0.0,-0.03186568337721202,-4.0877813529869425e-07,0.0,0.029487775359891433,0.0016543242179546665,0.0,97.921193035
1508285179.813894,1.6110450608008482,2.3465395647190625e-05,0.0,-1.6574323036823846,0.011297291383470895,0.0,0.01774310982389804,-0.018979422650636023,0.0,0.2662308878530413,0.03416791931527987,0.0,-0.36910424318815327,0.037967477852170986,0.0,-0.03194475455184531,-0.037967477852170986,0.0,0.029487775359891433,0.04105069335728471,0.0,97.941189837
1508285179.8338945,1.6110815841529407,0.014114027250940553,0.0,-1.6574323036823846,-0.0017611301258933815,0.0,0.01774310982389804,0.004413012854339345,0.0,0.26614566669815876,0.008480390754536486,0.0,-0.36918331436278656,-0.02439188819074762,0.0,-0.03186568337721202,0.02439188819074762,0.0,0.029487775359891433,0.039395328223917975,0.0,97.961190274
1508285179.8539846,1.6110450608008482,-0.002915474776943437,0.0,-1.6574323036823846,0.0004337142436901857,0.0,0.01774310982389804,-0.0007281735157972007,0.0,0.2662308878530413,0.027470043991590698,0.0,-0.36918331436278656,0.00024524069519650814,0.0,-0.03186568337721202,-0.00024524069519650814,0.0,0.029487775359891433,0.00789810810110043,0.0,97.981280231
1508285179.873898,1.6110450608008482,-0.002922316346920448,0.0,-1.657459453784825,-1.7507821923994855e-05,0.0,0.017788721931414342,-2.9879279157789017e-05,0.0,0.26614566669815876,-0.00031819453674638155,0.0,-0.36910424318815327,0.006324722940410123,0.0,-0.03194475455184531,-0.006324722940412343,0.0,0.02938503049801028,-0.03294174562088179,0.0,98.001193794
1508285179.893898,1.6110450608008482,-0.01746436427503373,0.0,-1.657459453784825,-0.01031308008581554,0.0,0.017788721931414342,-0.019077237620217298,0.0,0.26614566669815876,-0.03422695074479878,0.0,-0.36918331436278656,-0.030287279061613628,0.0,-0.03186568337721202,0.030287279061613628,0.0,0.02938503049801028,-0.00951527999997425,0.0,98.021193649
1508285179.9138956,1.6110450608008482,0.003032636207952984,0.0,-1.657459453784825,0.0021856507108063395,0.0,0.017788721931414342,-0.0036835370150486886,0.0,0.2662308878530413,0.032709336977871574,0.0,-0.36910424318815327,-0.0012701139494389019,0.0,-0.03194475455184531,0.0012701139494389019,0.0,0.029487775359891433,0.041083184181316595,0.0,98.041191298
1508285179.9338949,1.6110450608008482,9.704435865449537e-07,0.0,-1.657459453784825,-0.0005198761923389726,0.0,0.017788721931414342,0.0008733870387800579,0.0,0.26614566669815876,-0.00020823422019334488,0.0,-0.36918331436278656,-0.00020332508308619908,0.0,-0.03186568337721202,0.00020332508308619908,0.0,0.02938503049801028,0.0013249322721272066,0.0,98.061190487
1508285179.9539,1.6110450608008482,-0.014615626811689073,0.0,-1.6574323036823846,0.010864547606607088,0.0,0.01774310982389804,-0.0182524141360932,0.0,0.26614566669815876,0.0015869535159385786,0.0,-0.36910424318815327,-0.00632395578597388,0.0,-0.03194475455184531,0.00632395578597388,0.0,0.02938503049801028,4.2397832708070565e-07,0.0,98.081195784
1508285179.9739025,1.6110450608008482,-4.677000579740499e-06,0.0,-1.657459453784825,0.0020892840650288407,0.0,0.017788721931414342,-0.0035099922593341826,0.0,0.26614566669815876,-5.302295660354325e-05,0.0,-0.36918331436278656,-0.025396816784987297,0.0,-0.03186568337721202,0.025396816784987297,0.0,0.02938503049801028,1.3567306466582566e-10,0.0,98.101198178
1508285179.9939675,1.6110450608008482,-0.0007005352886793405,0.0,-1.657459453784825,-0.01043843613167701,0.0,0.017788721931414342,0.01747836131067328,0.0,0.2662308878530413,0.034074666617818127,0.0,-0.36910424318815327,-8.126981371195926e-06,0.0,-0.03194475455184531,8.126981371195926e-06,0.0,0.029487775359891433,0.001707418689664349,0.0,98.121263338
1508285180.0138967,1.6110450608008482,-0.0029226525347097396,0.0,-1.6574323036823846,-9.014413625884904e-05,0.0,0.01774310982389804,-0.0362887757336961,0.0,0.2662308878530413,-4.3798114266554155e-05,0.0,-0.36918331436278656,0.0015630813244549818,0.0,-0.03186568337721202,-0.0014615724444017404,0.0,0.02938503049801028,-0.04267828432508347,0.0,98.141192362
1508285180.033897,1.6110450608008482,0.0005828543590007641,0.0,-1.657459453784825,-0.011311465516108768,0.0,0.017788721931414342,0.018933214390762836,0.0,0.2662308878530413,0.027275320666834437,0.0,-0.36918331436278656,-0.005310604116287506,0.0,-0.03186568337721202,0.004803940327485767,0.0,0.029487775359891433,-0.0017216620352691829,0.0,98.161192658
1508285180.0538998,1.6110450608008482,1.865133948802443e-07,0.0,-1.657459453784825,0.0016444576680614633,0.0,0.017788721931414342,-0.003054367855541803,0.0,0.2662308878530413,0.035473283919822844,0.0,-0.36910424318815327,0.031634545857573165,0.0,-0.03194475455184531,-0.031634707989985585,0.0,0.02938503049801028,0.0013199065409791938,0.0,98.18119548600001
1508285180.0738988,1.6110450608008482,5.968428636167812e-11,0.0,-1.657459453784825,-0.011266167548082903,0.0,0.017788721931414342,0.010181723025605537,0.0,0.2662308878530413,-4.291584738248706e-05,0.0,-0.36918331436278656,-0.000945945248759883,0.0,-0.03186568337721202,0.000945945196877511,0.0,0.02938503049801028,-0.04093457503361872,0.0,98.201194532
1508285180.093905,1.6110815841529407,0.014610399787800106,0.0,-1.657459453784825,-3.605173615386525e-06,0.0,0.017788721931414342,3.2581513681937683e-06,0.0,0.26614566669815876,0.0012860832389227966,0.0,-0.36910424318815327,-3.0270247960316223e-07,0.0,-0.03194475455184531,3.027024630008032e-07,0.0,0.02938503049801028,-0.001958771024821605,0.0,98.221200631
1508285180.1139011,1.6110450608008482,0.00012167010923988315,0.0,-1.657459453784825,-1.1536555569236868e-09,0.0,0.017788721931414342,1.0426084378220048e-09,0.0,0.26614566669815876,-0.006870984623007083,0.0,-0.36918331436278656,-0.006073619192160992,0.0,-0.03186568337721202,0.006073619192160986,0.0,0.02938503049801028,-0.04117452357755589,0.0,98.241196814
1508285180.1339014,1.6110450608008482,3.893443495676257e-08,0.0,-1.657459453784825,0.002624964656598483,0.0,0.017788721931414342,-0.004409934379199424,0.0,0.2662308878530413,0.027191061894599505,0.0,-0.36910424318815327,-0.006279738135692672,0.0,-0.03194475455184531,0.006279738135692672,0.0,0.029487775359891433,0.04895589255814907,0.0,98.261197161
1508285180.153903,1.6110450608008482,1.2459019186164007e-11,0.0,-1.657459453784825,0.0005360941141576691,0.0,0.017788721931414342,-0.0008416016056837174,0.0,0.26614566669815876,-0.007066415071504735,0.0,-0.36918331436278656,-2.009516203421653e-06,0.0,-0.03186568337721202,2.009516203421653e-06,0.0,0.02938503049801028,0.006836650548197302,0.0,98.281198792
1508285180.1739018,1.6110450608008482,3.986886139572478e-15,0.0,-1.6574323036823846,0.013130192460012687,0.0,0.01774310982389804,-0.022058673207912445,0.0,0.26614566669815876,-0.007104671786746627,0.0,-0.36910424318815327,0.0012673451187857133,0.0,-0.03194475455184531,-0.0012673451187857133,0.0,0.02938503049801028,0.008630520793766363,0.0,98.301197581
1508285180.193902,1.6110815841529407,0.01470280276886341,0.0,-1.657459453784825,-0.008430443206335144,0.0,0.017788721931414342,0.013871290266684742,0.0,0.26614566669815876,-0.04115584844120025,0.0,-0.36926238553741986,-0.0319320227931048,0.0,-0.03178661220257875,0.031932022793093616,0.0,0.02938503049801028,0.010101553438198312,0.0,98.321197756
1508285180.2138991,1.6110450608008482,0.002933068897361713,0.0,-1.6574323036823846,0.013022777955744292,0.0,0.01774310982389804,-0.021878329374494316,0.0,0.26614566669815876,-1.3169871501184067e-05,0.0,-0.36918331436278656,-6.080937306937183e-05,0.0,-0.03186568337721202,6.080937306935048e-05,0.0,0.02938503049801028,-0.04935516299869088,0.0,98.34119498
1508285180.2339027,1.6110450608008482,-0.014588589206037023,0.0,-1.657459453784825,0.00035118518562931396,0.0,0.017788721931414342,-0.0005899903063542426,0.0,0.2662308878530413,0.03426130106794335,0.0,-0.36918331436278656,-1.9458999382198963e-08,0.0,-0.03186568337721202,1.945899938219213e-08,0.0,0.02938503049801028,-0.03474479991442796,0.0,98.361198361
1508285180.2539015,1.6110450608008482,-4.668348545931842e-06,0.0,-1.657459453784825,-0.010915307749364405,0.0,0.017788721931414342,0.01833769105397665,0.0,0.2662308878530413,-0.006746407506406198,0.0,-0.36918331436278656,-6.226879802303662e-12,0.0,-0.03186568337721202,6.226879802301475e-12,0.0,0.029487775359891433,0.04918002248768104,0.0,98.381197161
1508285180.273903,1.6110450608008482,0.0005845538766026224,0.0,-1.657459453784825,0.0005179926575320486,0.0,0.017788721931414342,-0.0008702264324713276,0.0,0.26614566669815876,-0.04109208814158015,0.0,-0.36926238553741986,-0.03144142102088053,0.0,-0.03194475455184531,-0.03154227873919037,0.0,0.029487775359891433,0.042515060672492916,0.0,98.401198516
1508285180.2939034,1.6110450608008482,-0.00011669614106173515,0.0,-1.657459453784825,-0.011141240830491679,0.0,0.017788721931414342,0.01871725809283845,0.0,0.26614566669815876,0.0067791247514312316,0.0,-0.36918331436278656,-0.0012792257380526734,0.0,-0.03186568337721202,0.0012590709541294507,0.0,0.02938503049801028,-0.008175339316785777,0.0,98.421199035
1508285180.3139005,1.6110450608008482,2.3314241547335082e-05,0.0,-1.657459453784825,0.00208990018329046,0.0,0.017788721931414342,-0.0035110273365477214,0.0,0.26614566669815876,-0.0055210385411348225,0.0,-0.36918331436278656,-0.025288401508111315,0.0,-0.03186568337721202,0.02528839505858046,0.0,0.02938503049801028,-0.006661540522446987,0.0,98.441196243
1508285180.3339007,1.6110450608008482,-0.014610392327223711,0.0,-1.6574323036823846,0.0017905116962973634,0.0,0.01774310982389804,-0.003067957087640002,0.0,0.2662308878530413,-0.00022145914181955994,0.0,-0.36918331436278656,-8.092288482595611e-06,0.0,-0.03186568337721202,8.09228641874574e-06,0.0,0.02938503049801028,-0.04103558876600376,0.0,98.461196369
1508285180.3539042,1.6110450608008482,-0.0005888823731905562,0.0,-1.657459453784825,-0.011381228127836339,0.0,0.017788721931414342,0.026444203877591697,0.0,0.26614566669815876,-0.0013632206447668704,0.0,-0.36910424318815327,-0.00121502567808693,0.0,-0.03194475455184531,0.0012150256780862694,0.0,0.029487775359891433,0.04083416231871104,0.0,98.481199915
1508285180.3739016,1.6110815841529407,0.011601883693435648,0.0,-1.657459453784825,-0.010870896247452319,0.0,0.017788721931414342,0.018265423442081152,0.0,0.26614566669815876,0.0068755357786773235,0.0,-0.36910424318815327,0.03124425122914073,0.0,-0.03194475455184531,-0.031244251229140735,0.0,0.029487775359891433,-0.0013671640027963373,0.0,98.501197282
1508285180.3939044,1.6110450608008482,-0.0005829414585867318,0.0,-1.6574323036823846,0.012561491423538863,0.0,0.01774310982389804,-0.02139510923272724,0.0,0.26614566669815876,0.0013163837885800975,0.0,-0.36910424318815327,-0.007562936301302651,0.0,-0.03194475455184531,0.007562936301302651,0.0,0.02938503049801028,-0.00819035430288738,0.0,98.521200096
1508285180.4139025,1.6110450608008482,-1.8654126674775395e-07,0.0,-1.657459453784825,-0.009005572371085107,0.0,0.017788721931414342,0.020963323651911663,0.0,0.26614566669815876,-0.0013635412882952054,0.0,-0.36910424318815327,0.039077631394102565,0.0,-0.03194475455184531,-0.039077631394102565,0.0,0.029487775359891433,0.036057229981214925,0.0,98.541198139
1508285180.4339008,1.6110815841529407,0.015180824759386362,0.0,-1.657459453784825,0.0005183240762807966,0.0,0.017788721931414342,-0.0008689163404638547,0.0,0.26614566669815876,-0.02860336139644891,0.0,-0.36910424318815327,0.030398700194680564,0.0,-0.03194475455184531,-0.030398700194680564,0.0,0.02938503049801028,0.006588862193812953,0.0,98.561196564
1508285180.4539034,1.6110450608008482,0.0001220064201853117,0.0,-1.6574323036823846,0.012939106339116836,0.0,0.01774310982389804,-0.021737667273230257,0.0,0.26614566669815876,-0.03433689349598123,0.0,-0.36918331436278656,9.72758406229777e-06,0.0,-0.03186568337721202,-9.72758406229777e-06,0.0,0.029487775359891433,0.04929684227536754,0.0,98.581199093
1508285180.4739032,1.6110815841529407,0.015251739204382402,0.0,-1.657459453784825,-0.011228932643293209,0.0,0.017788721931414342,0.01740436464033882,0.0,0.26614566669815876,0.0003169440513199237,0.0,-0.36918331436278656,-0.0063306777566385876,0.0,-0.03186568337721202,0.0063306777566385876,0.0,0.029487775359891433,-0.00985491907832077,0.0,98.601198857
1508285180.4939058,1.6110815841529407,-1.8554755211721002e-05,0.0,-1.6574323036823846,0.013360264222340495,0.0,0.01774310982389804,-0.02098372035108482,0.0,0.26614566669815876,0.006804497487455095,0.0,-0.36918331436278656,-2.025816882124346e-06,0.0,-0.03186568337721202,2.025816882124346e-06,0.0,0.02938503049801028,-0.007943713624822038,0.0,98.621201504
1508285180.5139034,1.6110450608008482,-0.0001397856671642427,0.0,-1.6574323036823846,0.010930364534630685,0.0,0.01774310982389804,-0.025660984930020725,0.0,0.2662308878530413,0.028569866076574215,0.0,-0.36918331436278656,-6.482614022797899e-10,0.0,-0.03186568337721202,6.482614022797899e-10,0.0,0.02938503049801028,-0.008550167831634337,0.0,98.641199162
1508285180.5339031,1.6110450608008482,-4.4731413492557614e-08,0.0,-1.6574323036823846,0.0005067969465421454,0.0,0.01774310982389804,-0.0008537530241642797,0.0,0.2662308878530413,0.03408382594230874,0.0,-0.36910424318815327,0.03131277450110299,0.0,-0.03194475455184531,-0.03131277450110299,0.0,0.02938503049801028,-0.009866958446330454,0.0,98.661198839
1508285180.5539033,1.6110450608008482,-1.431405231761842e-11,0.0,-1.657459453784825,-0.008236452375077549,0.0,0.017788721931414342,0.015296043298547963,0.0,0.26614566669815876,-0.0051913892204833905,0.0,-0.36910424318815327,0.03130336969927635,0.0,-0.03194475455184531,-0.03130336969927635,0.0,0.029487775359891433,0.04765442838773043,0.0,98.68119917
1508285180.5739121,1.6110450608008482,-0.0029210352382338044,0.0,-1.657459453784825,-0.011004134886440604,0.0,0.017788721931414342,0.01848738725630371,0.0,0.26614566669815876,0.006868730853952805,0.0,-0.36918331436278656,1.001707830376842e-05,0.0,-0.03186568337721202,-1.001707830376842e-05,0.0,0.029487775359891433,0.041187952441939145,0.0,98.70120793
1508285180.5939078,1.6110450608008482,-0.002915370722237164,0.0,-1.6574323036823846,0.0017472383627415192,0.0,0.01774310982389804,-0.002935356143753791,0.0,0.26614566669815876,-0.027028308287313597,0.0,-0.36910424318815327,0.02538350783673601,0.0,-0.03194475455184531,-0.02538350783673601,0.0,0.02938503049801028,-0.041102448732268204,0.0,98.721203586
1508285180.613908,1.6110450608008482,-9.329186311158914e-07,0.0,-1.6574323036823846,0.011292714104495376,0.0,0.01774310982389804,-0.01897173283279762,0.0,0.26614566669815876,0.0054442741092182575,0.0,-0.36910424318815327,0.0063312598826435655,0.0,-0.03194475455184531,-0.0063312598826435655,0.0,0.029487775359891433,-0.00987149871738846,0.0,98.741203754
1508285180.6339042,1.6110450608008482,-2.9853396195708494e-10,0.0,-1.6574323036823846,0.008667925145685393,0.0,0.01774310982389804,-0.021862300446863745,0.0,0.2662308878530413,-5.2757843176618576e-05,0.0,-0.36910424318815327,0.030350371442269902,0.0,-0.03194475455184531,-0.030350371442269902,0.0,0.029487775359891433,-0.010194628963934863,0.0,98.761199967
1508285180.6539063,1.6110450608008482,-9.553086782626707e-14,0.0,-1.657459453784825,-0.0017444496724345465,0.0,0.017788721931414342,0.002928335233872439,0.0,0.2662308878530413,0.034086852189691666,0.0,-0.36918331436278656,-0.056896931170496955,0.0,-0.03186568337721202,-0.006357052674814507,0.0,0.029487775359891433,-3.262281268459153e-06,0.0,98.781201986
1508285180.6739085,1.6110450608008482,-3.056987770440543e-17,0.0,-1.6574323036823846,0.011199412064232877,0.0,0.01774310982389804,-0.018814986374689174,0.0,0.2662308878530413,0.035493234021586176,0.0,-0.36918331436278656,-0.001281329299523231,0.0,-0.03186568337721202,0.0012610880246927314,0.0,0.029487775359891433,0.0082201836993714,0.0,98.801204151
1508285180.6939082,1.6110450608008482,-9.782360865409727e-21,0.0,-1.6574051535799441,0.023880870578341394,0.0,0.017788721931414564,-0.0036405217692686074,0.0,0.2662308878530413,0.035182048625666075,0.0,-0.36918331436278656,-0.03010254873399674,0.0,-0.03186568337721202,0.030102542256788795,0.0,0.029487775359891433,0.04102317635787203,0.0,98.821203862
1508285180.713905,1.6110450608008482,-0.00011642515940615796,0.0,-1.657459453784825,0.00035724476267978125,0.0,0.017788721931414342,0.0008769616525660563,0.0,0.26614566669815876,-0.008120449942203506,0.0,-0.36918331436278656,-0.0003124295909370124,0.0,-0.03186568337721202,0.0003124295888643059,0.0,0.02938503049801028,0.009948797145364164,0.0,98.841200805
1508285180.7339053,1.6110450608008482,-3.7256051009970504e-08,0.0,-1.657459453784825,0.001668064199899496,0.0,0.017788721931414342,-0.0028018712056580397,0.0,0.26614566669815876,-5.700134914615635e-05,0.0,-0.36918331436278656,-9.997746909984384e-08,0.0,-0.03186568337721202,9.997746843657779e-08,0.0,0.02938503049801028,-0.006243294470377016,0.0,98.861201032
1508285180.7539089,1.6110450608008482,-1.1921936323190547e-11,0.0,-1.657459453784825,-0.0026108637996254997,0.0,0.017788721931414342,-0.002935789848067151,0.0,0.26614566669815876,0.0002182613144004452,0.0,-0.36910424318815327,0.03798111519436247,0.0,-0.03194475455184531,-0.03798111519436247,0.0,0.02938503049801028,-0.0019666141074411478,0.0,98.881204692
1508285180.773906,1.6110450608008482,-3.815019623420972e-15,0.0,-1.6574323036823846,0.008683944024676156,0.0,0.01774310982389804,-0.014591348355541302,0.0,0.2662308878530413,0.026170140510638616,0.0,-0.36918331436278656,-3.825095128110459e-05,0.0,-0.03186568337721202,3.825095128110459e-05,0.0,0.02938503049801028,-0.04102136239158503,0.0,98.901201711
1508285180.7939086,1.6110450608008482,-0.0029106289851539516,0.0,-1.657459453784825,-0.0027008459134102033,0.0,0.017788721931414342,0.004537413960076542,0.0,0.26614566669815876,0.0013218144228087953,0.0,-0.36918331436278656,-0.00025323947508302933,0.0,-0.03186568337721202,0.00025323947508294043,0.0,0.02938503049801028,-0.05090203248516967,0.0,98.921204329
1508285180.813911,1.6110450608008482,-9.314012752492633e-07,0.0,-1.657459453784825,0.0022827900617237835,0.0,0.017788721931414342,-0.003776526604082909,0.0,0.2662308878530413,-5.427902696895714e-05,0.0,-0.36910424318815327,-0.006348180934689177,0.0,-0.03194475455184531,0.006348180934689177,0.0,0.02938503049801028,-1.6288650395254276e-05,0.0,98.941206797
1508285180.8339093,1.6110450608008482,2.33791288589308e-05,0.0,-1.6574051535799441,0.022126086260056008,0.0,0.017788721931414564,-0.0007595570298545732,0.0,0.26614566669815876,-0.027578729729692136,0.0,-0.36918331436278656,-0.031613950307366356,0.0,-0.03186568337721202,0.031613950307366356,0.0,0.029487775359891433,0.0013148685684507778,0.0,98.961205021
1508285180.8539102,1.6110450608008482,7.481321234857847e-09,0.0,-1.657459453784825,0.002064978806567175,0.0,0.017788721931414342,-0.003457507574053314,0.0,0.26614566669815876,0.006996274426226507,0.0,-0.36918331436278656,0.0015133698520515156,0.0,-0.03186568337721202,-0.0015133698520515156,0.0,0.029487775359891433,0.03972846161556456,0.0,98.981205817
1508285180.8739073,1.6110450608008482,0.00011699478370180992,0.0,-1.657459453784825,0.0026078293959182087,0.0,0.017788721931414342,0.002919063367944561,0.0,0.26614566669815876,-0.03957869713728768,0.0,-0.36910424318815327,0.03161240316781991,0.0,-0.03194475455184531,-0.03161240316781991,0.0,0.02938503049801028,-0.04764163759573465,0.0,99.001203028
1508285180.8939106,1.6110450608008482,3.743833078457914e-08,0.0,-1.657459453784825,-0.001788025694024754,0.0,0.017788721931414342,0.0030646375346455056,0.0,0.26614566669815876,-0.008134712167829421,0.0,-0.36918331436278656,1.011596901370236e-05,0.0,-0.03186568337721202,-1.011596901370236e-05,0.0,0.029487775359891433,0.041131888567459494,0.0,99.021206369
1508285180.9139109,1.6110450608008482,-2.3285019900965734e-05,0.0,-1.6574323036823846,0.012870371494691816,0.0,0.01774310982389804,-0.015490139623356002,0.0,0.2662308878530413,0.03406936462773708,0.0,-0.36910424318815327,0.031866305812091905,0.0,-0.03194475455184531,-0.031866305812091905,0.0,0.029487775359891433,0.008235307401910415,0.0,99.04120659
1508285180.9339068,1.6110450608008482,-0.0005844931238898406,0.0,-1.6574323036823846,0.0021939204680730077,0.0,0.01774310982389804,0.0036155174914427814,0.0,0.26614566669815876,0.005248147246481277,0.0,-0.36918331436278656,-0.0002932471040980162,0.0,-0.03186568337721202,0.0002932471040980162,0.0,0.029487775359891433,-0.0020358923706678086,0.0,99.06120243
1508285180.9539099,1.6110450608008482,0.00011671009673704967,0.0,-1.6574323036823846,0.009120748346660577,0.0,0.01774310982389804,-0.015320499110707009,0.0,0.26614566669815876,-0.0014206848994166984,0.0,-0.36918331436278656,0.0012690706442526805,0.0,-0.03186568337721202,-0.0012690706442526805,0.0,0.02938503049801028,0.008479749928719903,0.0,99.081205555
1508285180.97391,1.6110450608008482,3.734723095585586e-08,0.0,-1.657459453784825,-0.008654195032429202,0.0,0.017788721931414342,0.021904385119584056,0.0,0.26614566669815876,-0.0068267793899173534,0.0,-0.36926238553741986,-0.0063837261520938065,0.0,-0.03178661220257875,0.006383726152091583,0.0,0.02938503049801028,-0.03282416138488532,0.0,99.101205811
1508285180.9939108,1.6110815841529407,0.01462783880640171,0.0,-1.657459453784825,-0.010529480362122569,0.0,0.017788721931414342,0.019148946449308934,0.0,0.26614566669815876,0.0014135900630014582,0.0,-0.36918331436278656,4.859057313497734e-05,0.0,-0.03186568337721202,5.267615787235222e-05,0.0,0.029487775359891433,0.041073685288906224,0.0,99.121206542
1508285181.0139103,1.6110815841529407,0.013878362007989059,0.0,-1.657459453784825,-0.011167577432679718,0.0,0.017788721931414342,0.01870377707033634,0.0,0.26614566669815876,4.523488201604661e-07,0.0,-0.36918331436278656,-0.0002532116857952163,0.0,-0.03186568337721202,0.00025324409114913855,0.0,0.02938503049801028,0.0019197011851075944,0.0,99.141205969
1508285181.0339096,1.6110450608008482,4.441075842556494e-06,0.0,-1.657459453784825,-0.008278511797836991,0.0,0.017788721931414342,0.013615818557352284,0.0,0.2662308878530413,0.03416016555470243,0.0,-0.36918331436278656,0.00025305560695516546,0.0,-0.03186568337721202,-0.0002530555965854522,0.0,0.029487775359891433,0.03953881086193389,0.0,99.161205274
1508285181.053911,1.6110450608008482,1.4211442696180766e-09,0.0,-1.6574323036823846,8.451808264803832e-05,0.0,0.017834334038930866,0.036315476153735225,0.0,0.26614566669815876,0.0011025880314099639,0.0,-0.36910424318815327,0.005387468128883031,0.0,-0.03194475455184531,-0.005387468128879713,0.0,0.02938503049801028,-0.006592025537473241,0.0,99.18120660700001
1508285181.0739114,1.6110450608008482,4.547661662777839e-13,0.0,-1.657459453784825,-0.010748152428047731,0.0,0.017788721931414342,0.018068536901023426,0.0,0.2662308878530413,0.025814832371089426,0.0,-0.36918331436278656,0.0012643954246105158,0.0,-0.03186568337721202,-0.0012643954246105147,0.0,0.029487775359891433,0.041066645287059375,0.0,99.20120726
1508285181.093915,1.6110450608008482,0.0023338956592037475,0.0,-1.6574323036823846,-0.0026276410825226983,0.0,0.01774310982389804,0.002949677128417396,0.0,0.2662308878530413,0.00028183620165336533,0.0,-0.36918331436278656,4.046065358753646e-07,0.0,-0.03186568337721202,-4.0460653587536424e-07,0.0,0.02938503049801028,0.0004087796296562862,0.0,99.221210787
1508285181.1139166,1.6110450608008482,-0.014648073786894566,0.0,-1.6574323036823846,0.013227774644283489,0.0,0.01774310982389804,-0.01465524672265214,0.0,0.26614566669815876,0.005161493152965184,0.0,-0.36910424318815327,-0.006610863760932397,0.0,-0.03194475455184531,0.006610863760932397,0.0,0.02938503049801028,-0.008194652840008908,0.0,99.241212293
1508285181.133911,1.6110450608008482,-0.014697940716923411,0.0,-1.657459453784825,-0.010796822874435369,0.0,0.017788721931414342,0.018141058308581513,0.0,0.26614566669815876,-0.0013606863147908514,0.0,-0.36910424318815327,0.024167203773526904,0.0,-0.03194475455184531,-0.024167203773526904,0.0,0.02938503049801028,-0.0016450927421439664,0.0,99.261206652
1508285181.1539137,1.6110450608008482,-4.703341029415487e-06,0.0,-1.6574323036823846,0.0017307027906232517,0.0,0.01774310982389804,-0.0029075757964127577,0.0,0.26614566669815876,5.409707041916166e-05,0.0,-0.36918331436278656,-0.001564800921812551,0.0,-0.03186568337721202,0.001564800921812551,0.0,0.02938503049801028,0.0012536355891875615,0.0,99.281209412
1508285181.173912,1.6110450608008482,-0.0005861645251332549,0.0,-1.657459453784825,0.0003668673818202747,0.0,0.017788721931414342,0.0008477204549664997,0.0,0.2662308878530413,0.03414955387481023,0.0,-0.36910424318815327,0.03901798924849013,0.0,-0.03194475455184531,-0.03901798924849013,0.0,0.029487775359891433,0.0428209306336024,0.0,99.301207688
1508285181.1939142,1.6110450608008482,0.0005870990377264969,0.0,-1.657459453784825,0.000610250763752591,0.0,0.017788721931414342,-0.000733160314469845,0.0,0.2662308878530413,0.03299173958890123,0.0,-0.36918331436278656,-0.0063791990239583955,0.0,-0.03186568337721202,0.0063791990239583955,0.0,0.02938503049801028,-0.007033723023956889,0.0,99.321209998
1508285181.2139146,1.6110450608008482,-0.00011666746410760048,0.0,-1.6574323036823846,0.00010444059057547306,0.0,0.01774310982389804,-0.00017536648468179382,0.0,0.26614566669815876,-0.03374503447194914,0.0,-0.36918331436278656,0.006096201649818578,0.0,-0.03186568337721202,-0.006096201649818578,0.0,0.02938503049801028,0.00039224753640867104,0.0,99.341210264
1508285181.2339113,1.6110450608008482,-0.000584383660540032,0.0,-1.6574323036823846,0.010400241584074576,0.0,0.01774310982389804,-0.017472381091613483,0.0,0.26614566669815876,-0.03581686625025128,0.0,-0.36918331436278656,-0.0263916599532877,0.0,-0.03186568337721202,0.0263916599532877,0.0,0.02938503049801028,0.0015782363594485389,0.0,99.361207107
1508285181.2539124,1.6110450608008482,0.0005840200448744719,0.0,-1.657459453784825,-0.008787743033795394,0.0,0.017788721931414342,0.01447130946151053,0.0,0.26614566669815876,-0.0013746111750415685,0.0,-0.36918331436278656,-0.0007668898205378589,0.0,-0.03186568337721202,0.0012732234755744214,0.0,0.029487775359891433,0.001314989934984987,0.0,99.381208246
1508285181.2739127,1.6110450608008482,1.8688641435983078e-07,0.0,-1.657459453784825,0.002080149134518065,0.0,0.017788721931414342,-0.0034947390627435597,0.0,0.26614566669815876,-0.033752164079147856,0.0,-0.36918331436278656,0.0316192082049939,0.0,-0.03186568337721202,-0.031619046178213185,0.0,0.02938503049801028,0.0016442617701207661,0.0,99.401208485
1508285181.2939157,1.6110450608008482,5.980365259514579e-11,0.0,-1.657459453784825,-0.010744218695509023,0.0,0.017788721931414342,0.018050261820580945,0.0,0.26614566669815876,-0.028857852973035343,0.0,-0.36918331436278656,1.0118146625598036e-05,0.0,-0.03186568337721202,-1.0118094777028206e-05,0.0,0.02938503049801028,-0.04125363838749589,0.0,99.42121142
1508285181.3139155,1.6110450608008482,-0.002921731634738452,0.0,-1.6574323036823846,0.008612027076238003,0.0,0.01774310982389804,-0.014468185002105598,0.0,0.26614566669815876,4.507787919425035e-05,0.0,-0.36918331436278656,0.006072385686960016,0.0,-0.03186568337721202,-0.006072385686941293,0.0,0.02938503049801028,-0.04925315465591906,0.0,99.441211299
1508285181.3339152,1.6110450608008482,-9.454455937169817e-05,0.0,-1.657459453784825,-0.0003614191195718948,0.0,0.017788721931414342,-0.000850251196687252,0.0,0.26614566669815876,-0.03380587244034612,0.0,-0.36910424318815327,1.943163419827203e-06,0.0,-0.03194475455184531,-1.9431634198212114e-06,0.0,0.02938503049801028,0.0012967676356488605,0.0,99.461210888
1508285181.353915,1.6110450608008482,-3.025425899894338e-08,0.0,-1.657459453784825,-0.0017429833216206902,0.0,0.017788721931414342,0.0029277414551494955,0.0,0.2662308878530413,0.028923885056090393,0.0,-0.36918331436278656,-0.00025223356498680103,0.0,-0.03186568337721202,0.00025223356498680103,0.0,0.029487775359891433,0.04108664403656,0.0,99.481210811
1508285181.3739133,1.6110450608008482,-2.4015105023904358e-05,0.0,-1.657459453784825,-0.019546940171738483,0.0,0.017788721931414342,-0.0036448191019380644,0.0,0.26614566669815876,-4.677957924802988e-05,0.0,-0.36918331436278656,-0.005053162274450559,0.0,-0.03186568337721202,0.005053162274450559,0.0,0.02938503049801028,1.3147726091699186e-05,0.0,99.501209053
1508285181.3939183,1.6110450608008482,-7.684833607649386e-09,0.0,-1.657459453784825,0.0020720233841815578,0.0,0.017788721931414342,-0.0034926691188391853,0.0,0.26614566669815876,-0.00021845013848681427,0.0,-0.36918331436278656,-1.6170119278241774e-06,0.0,-0.03186568337721202,1.6170119278241774e-06,0.0,0.029487775359891433,0.009842568441060738,0.0,99.521214023
1508285181.4139168,1.6110450608008482,-2.459146754447801e-12,0.0,-1.6574323036823846,0.01035240464304495,0.0,0.01774310982389804,-0.017683818406977726,0.0,0.26614566669815876,-6.990404431578049e-08,0.0,-0.36926238553741986,-0.031608153393223974,0.0,-0.03178661220257875,0.03160815339321288,0.0,0.029487775359891433,0.041009307249220334,0.0,99.54121262
1508285181.433914,1.6110450608008482,-0.014598217203086803,0.0,-1.657459453784825,0.0022277808009761417,0.0,0.017788721931414342,0.003439259698212598,0.0,0.2662308878530413,0.03428116253516079,0.0,-0.36918331436278656,-0.0012809508454134503,0.0,-0.03186568337721202,0.0012809508454130001,0.0,0.02938503049801028,-0.041053529568918015,0.0,99.561209775
1508285181.4539168,1.6110450608008482,0.0006018716708162547,0.0,-1.6574323036823846,0.010852484970046868,0.0,0.01774310982389804,-0.01852414003111775,0.0,0.2662308878530413,0.03407347677924154,0.0,-0.36918331436278656,-0.0013135444513593644,0.0,-0.03186568337721202,0.0013135444513593644,0.0,0.029487775359891433,0.03280086315843254,0.0,99.581212525
1508285181.4739153,1.6110450608008482,-2.3189615884305077e-05,0.0,-1.6574323036823846,0.01067118171743744,0.0,0.01774310982389804,-0.01821952239376746,0.0,0.26614566669815876,-0.006811349729627904,0.0,-0.36918331436278656,-0.005060574138492419,0.0,-0.03186568337721202,0.005060574138492419,0.0,0.029487775359891433,0.051241806345440316,0.0,99.60121097
1508285181.4939141,1.6110815841529407,0.014483051773104915,0.0,-1.657459453784825,-0.013534473885990599,0.0,0.017788721931414342,0.015172497053651833,0.0,0.2662308878530413,0.027269690001801506,0.0,-0.36918331436278656,-1.619383724317572e-06,0.0,-0.03186568337721202,1.619383724317572e-06,0.0,0.02938503049801028,-0.04262919286119861,0.0,99.621209917
1508285181.5139182,1.6110815841529407,0.01167277399554387,0.0,-1.657459453784825,-0.009024043181039765,0.0,0.017788721931414342,0.013704494921569381,0.0,0.26614566669815876,6.325229191423597e-05,0.0,-0.36918331436278656,-0.03942957079343624,0.0,-0.03186568337721202,0.03942957079343624,0.0,0.02938503049801028,-1.3641341715583539e-05,0.0,99.641213828
1508285181.5339146,1.6110450608008482,-0.01401563269980302,0.0,-1.6574323036823846,-0.0005063682371413377,0.0,0.017834334038930866,0.03732516863729462,0.0,0.2662308878530413,-0.006541730751759785,0.0,-0.36918331436278656,-1.2617462653899584e-05,0.0,-0.03186568337721202,1.2617462653899584e-05,0.0,0.029487775359891433,0.040753926595250504,0.0,99.661210193
1508285181.553919,1.6110815841529407,0.014585042785620242,0.0,-1.6574323036823846,0.008663883406200215,0.0,0.01774310982389804,-0.01454363168229345,0.0,0.26614566669815876,-0.033717538604384055,0.0,-0.36910424318815327,0.03285019901816515,0.0,-0.03194475455184531,-0.03285019901816515,0.0,0.02938503049801028,-0.041094967555750664,0.0,99.681214768
1508285181.5739164,1.6110450608008482,4.667213691398473e-06,0.0,-1.6574323036823846,0.00877957514246836,0.0,0.01774310982389804,-0.014749661619819797,0.0,0.26614566669815876,0.007843403771902731,0.0,-0.36918331436278656,-0.00019180420283610998,0.0,-0.03186568337721202,0.00019180420283610998,0.0,0.029487775359891433,0.006169173047377079,0.0,99.70121227
1508285181.5939183,1.6110450608008482,0.0005932583417228653,0.0,-1.657459453784825,-0.019631448893780414,0.0,0.017788721931414342,-0.0034941496396443685,0.0,0.26614566669815876,-0.035510777868882654,0.0,-0.36918331436278656,-6.137734490755512e-08,0.0,-0.03186568337721202,6.137734490755512e-08,0.0,0.02938503049801028,-0.0329559264719402,0.0,99.721214056
1508285181.6139195,1.6110450608008482,0.002923663922342707,0.0,-1.657459453784825,-0.012895266916369793,0.0,0.017788721931414342,0.021934106365000098,0.0,0.26614566669815876,-0.04084054431653485,0.0,-0.36918331436278656,-1.9640750370417617e-11,0.0,-0.03186568337721202,1.9640750370417617e-11,0.0,0.02938503049801028,0.006917262959012754,0.0,99.741215119
1508285181.6339173,1.6110450608008482,9.355724551496651e-07,0.0,-1.6574323036823846,0.0005347189896549192,0.0,0.01774310982389804,-0.0008982402022912467,0.0,0.26614566669815876,-0.00137605631758786,0.0,-0.36918331436278656,-6.285040118533629e-15,0.0,-0.03186568337721202,6.285040118533629e-15,0.0,0.02938503049801028,-0.0003276951343546096,0.0,99.761213148
1508285181.65392,1.6110450608008482,2.993831856478925e-10,0.0,-1.6574323036823846,0.010844902391772725,0.0,0.01774310982389804,-0.018219410193052878,0.0,0.26614566669815876,-0.03404084686108858,0.0,-0.36918331436278656,0.001264928892678418,0.0,-0.03186568337721202,-0.001264928892678418,0.0,0.02938503049801028,-0.049355619202848235,0.0,99.781215587
1508285181.6739187,1.6110450608008482,9.580261940732548e-14,0.0,-1.657459453784825,-0.010806836786604034,0.0,0.017788721931414342,0.018155460094584505,0.0,0.26614566669815876,-0.034270318459157706,0.0,-0.36918331436278656,4.047772456570933e-07,0.0,-0.03186568337721202,-4.047772456570933e-07,0.0,0.02938503049801028,0.001592390682946918,0.0,99.801214545
1508285181.693917,1.6110450608008482,3.065683821034412e-17,0.0,-1.6574323036823846,0.013115931366607297,0.0,0.01774310982389804,-0.022034733496189046,0.0,0.2662308878530413,0.03464181399333038,0.0,-0.36910424318815327,0.03215206450656443,0.0,-0.03194475455184531,-0.03215206450656443,0.0,0.029487775359891433,0.043425597086378456,0.0,99.821212699
1508285181.7139204,1.6110450608008482,-2.3373853078060684e-05,0.0,-1.657459453784825,0.0022637466892479253,0.0,0.017788721931414342,-0.0038030890530163755,0.0,0.2662308878530413,0.006830898036015623,0.0,-0.36918331436278656,-0.025472585579807645,0.0,-0.03186568337721202,-0.025493162901082868,0.0,0.02938503049801028,-0.0013580047786173313,0.0,99.841216092
1508285181.7339184,1.6110450608008482,-0.00058428415863135,0.0,-1.6574323036823846,0.010422046239924633,0.0,0.01774310982389804,-0.017509012891480335,0.0,0.26614566669815876,-0.005443758788567603,0.0,-0.36918331436278656,-0.00632601847918453,0.0,-0.03186568337721202,-0.006326025063925119,0.0,0.02938503049801028,-4.3456152915754546e-07,0.0,99.861214051
1508285181.753921,1.6110450608008482,-1.8697093076203176e-07,0.0,-1.6574323036823846,0.010492524499719947,0.0,0.017834334038930866,0.018843175007534678,0.0,0.26614566669815876,-0.0013585853937812533,0.0,-0.36918331436278656,-5.2639580042691316e-05,0.0,-0.03186568337721202,4.859092610889622e-05,0.0,0.02938503049801028,-0.03944059259841113,0.0,99.881216796
1508285181.7739215,1.6110815841529407,0.01476530517148341,0.0,-1.657459453784825,-0.021603150314127288,0.0,0.017788721931414342,-0.0005743258631184282,0.0,0.26614566669815876,0.0015766966209522309,0.0,-0.36918331436278656,-0.001259989943273229,0.0,-0.03186568337721202,-0.0012599575495108178,0.0,0.029487775359891433,0.04191966338697077,0.0,99.901217169
1508285181.7939184,1.6110450608008482,0.00012160809595712265,0.0,-1.657459453784825,1.0394163899137247e-05,0.0,0.017788721931414342,2.8892223513683626e-05,0.0,0.26614566669815876,0.0003275572955119471,0.0,-0.36910424318815327,5.000171136145314e-05,0.0,-0.03178661220257875,-5.0808094559144035e-05,0.0,0.029487775359891433,0.008467615401875841,0.0,99.921214073
1508285181.8139217,1.6110450608008482,3.89145907062792e-08,0.0,-1.657459453784825,-0.002101888829434216,0.0,0.017788721931414342,0.00353118306695719,0.0,0.26614566669815876,-0.0003270771256011726,0.0,-0.36910424318815327,0.03158656403208019,0.0,-0.03194475455184531,-0.03209253584719409,0.0,0.029487775359891433,-0.0013777406500648922,0.0,99.941217425
1508285181.833919,1.6110450608008482,1.2452669026009332e-11,0.0,-1.6574051535799441,0.021724417319033965,0.0,0.017788721931414564,3.01990833243228e-05,0.0,0.2662308878530413,0.04088643463908205,0.0,-0.36918331436278656,-0.03165085115861459,0.0,-0.03186568337721202,0.03165068924763375,0.0,0.02938503049801028,-0.03976051873751069,0.0,99.961214801
1508285181.8539224,1.6110450608008482,-0.014608658173783963,0.0,-1.657459453784825,-0.0021896056720989224,0.0,0.017788721931414342,0.0036902210144907147,0.0,0.2662308878530413,6.762915162560264e-05,0.0,-0.36918331436278656,0.0002429479982760047,0.0,-0.03186568337721202,-0.00024294805008751857,0.0,0.029487775359891433,-0.009903490326235305,0.0,99.981217994
1508285181.873922,1.6110450608008482,1.8704656291728017e-05,0.0,-1.657459453784825,-7.006738150716543e-07,0.0,0.017788721931414342,1.1808707246370273e-06,0.0,0.26614566669815876,-0.00027352110136830924,0.0,-0.36918331436278656,0.00025388028812979243,0.0,-0.03186568337721202,-0.00025388028814637205,0.0,0.029487775359891433,-0.00033295942959989767,0.0,100.001217924
1508285181.8939195,1.6110450608008482,5.985490013352959e-09,0.0,-1.6574323036823846,0.01289409871098519,0.0,0.01774310982389804,-0.021954028617304475,0.0,0.26614566669815876,0.00027267245383341937,0.0,-0.36918331436278656,-5.052797819130794e-05,0.0,-0.03186568337721202,5.052797819128487e-05,0.0,0.029487775359891433,0.010152951942310105,0.0,100.02121521
1508285181.9139228,1.6110450608008482,0.00011689713645205123,0.0,-1.657459453784825,4.126111587515256e-06,0.0,0.017788721931414342,-7.0252891575374245e-06,0.0,0.26614566669815876,8.725518522669411e-08,0.0,-0.36918331436278656,-1.6168953021218522e-08,0.0,-0.03186568337721202,1.616895302121114e-08,0.0,0.02938503049801028,-0.03936831568811171,0.0,100.041218532
1508285181.9339204,1.6110450608008482,0.003038638307231557,0.0,-1.6574323036823846,0.008147237935968324,0.0,0.01774310982389804,-0.013687340381964931,0.0,0.2662308878530413,-0.00021818842103018196,0.0,-0.36918331436278656,-5.174064966789921e-12,0.0,-0.03186568337721202,5.1740649667875585e-12,0.0,0.02938503049801028,-0.007903034533059738,0.0,100.061216021
1508285181.9539204,1.6110450608008482,0.00011786949879500853,0.0,-1.657459453784825,-0.013119319981685421,0.0,0.017788721931414342,0.022040426361450018,0.0,0.26614566669815876,-0.00021853030035427347,0.0,-0.36918331436278656,-1.6557007893727733e-15,0.0,-0.03186568337721202,1.6557007893720171e-15,0.0,0.02938503049801028,-0.04298749715231122,0.0,100.081216
1508285181.973924,1.6110450608008482,3.771823961440268e-08,0.0,-1.657459453784825,0.0021757641677661787,0.0,0.017788721931414342,-0.0036552786262167383,0.0,0.2662308878530413,0.00021826696886082585,0.0,-0.36918331436278656,0.006348859421854478,0.0,-0.03186568337721202,-0.006348859421854478,0.0,0.02938503049801028,-0.04119740984012096,0.0,100.101219646
1508285181.99392,1.6110450608008482,1.2069836676608847e-11,0.0,-1.657459453784825,-0.002230120075124819,0.0,0.017788721931414342,0.0037465964212793513,0.0,0.26614566669815876,0.005425109965695347,0.0,-0.36910424318815327,0.03192584769076023,0.0,-0.03194475455184531,-0.03192584769076023,0.0,0.02938503049801028,-0.008203099981555323,0.0,100.121215849
1508285182.0139222,1.6110450608008482,-2.3351584308612488e-05,0.0,-1.6574323036823846,0.008172386898720733,0.0,0.01774310982389804,-0.013671265400779557,0.0,0.26614566669815876,5.622306525151111e-05,0.0,-0.36918331436278656,-0.005103672020894852,0.0,-0.03186568337721202,0.005103672020894852,0.0,0.029487775359891433,0.00032720475986819446,0.0,100.141217894
