left_wam/base_yaw_joint_pos,left_wam/base_yaw_joint_vel,left_wam/base_yaw_joint_eff,left_wam/shoulder_pitch_joint_pos,left_wam/shoulder_pitch_joint_vel,left_wam/shoulder_pitch_joint_eff,left_wam/shoulder_yaw_joint_pos,left_wam/shoulder_yaw_joint_vel,left_wam/shoulder_yaw_joint_eff,left_wam/elbow_pitch_joint_pos,left_wam/elbow_pitch_joint_vel,left_wam/elbow_pitch_joint_eff,left_wam/wrist_yaw_joint_pos,left_wam/wrist_yaw_joint_vel,left_wam/wrist_yaw_joint_eff,left_wam/wrist_pitch_joint_pos,left_wam/wrist_pitch_joint_vel,left_wam/wrist_pitch_joint_eff,left_wam/palm_yaw_joint_pos,left_wam/palm_yaw_joint_vel,left_wam/palm_yaw_joint_eff,header_from_controller_start
1508285133.493356,1.6110450608008482,-0.014717429268544406,0.0,-1.657459453784825,-0.008663901156305935,0.0,0.017788721931414342,0.014553012457365948,0.0,0.26614566669815876,1.7400407373120522e-08,0.0,-0.36918331436278656,-7.739601608604231e-10,0.0,-0.03186568337721202,-5.265974613751083e-10,0.0,0.02938503049801028,-0.0013138962376703061,0.0,51.62065161
1508285133.5133307,1.6110450608008482,-4.709577365934205e-06,0.0,-1.6574323036823846,0.0004464324491962198,0.0,0.01774310982389804,-0.006521785300229656,0.0,0.26614566669815876,5.568130359398562e-12,0.0,-0.36918331436278656,-0.001257882352928945,0.0,-0.03186568337721202,0.001257882352512325,0.0,0.02938503049801028,6.502892162047341e-05,0.0,51.640626355
1508285133.5333323,1.6110450608008482,-0.002922429870482119,0.0,-1.6574323036823846,-0.002623620374040182,0.0,0.01774310982389804,0.0029477002956642974,0.0,0.26614566669815876,0.0013621757515639976,0.0,-0.36918331436278656,0.0012634718863134841,0.0,-0.03186568337721202,0.001264276931018782,0.0,0.029487775359891433,0.04312330545437612,0.0,51.66062806
1508285133.5533423,1.6110450608008482,-9.35177558554277e-07,0.0,-1.657459453784825,-0.013101472157640704,0.0,0.017788721931414342,0.016200407748587997,0.0,0.26614566669815876,-0.00027196681359202915,0.0,-0.36918331436278656,-0.00025234047131531126,0.0,-0.03186568337721202,-0.0002523402137009168,0.0,0.02938503049801028,-5.195418118826246e-05,0.0,51.68063817
1508285133.573332,1.6110450608008482,-2.992568187373683e-10,0.0,-1.6574323036823846,-0.001826511743096205,0.0,0.01774310982389804,-0.0027658237626381785,0.0,0.26614566669815876,5.445196113517287e-05,0.0,-0.36918331436278656,-8.074895082089951e-08,0.0,-0.03186568337721202,-8.074886838429328e-08,0.0,0.029487775359891433,0.04109110949314367,0.0,51.700627736
1508285133.5933359,1.6110450608008482,-9.576218199595777e-14,0.0,-1.6574323036823846,-0.0005227970008877223,0.0,0.01774310982389804,0.0008764307229536718,0.0,0.2662308878530413,0.027466240330477378,0.0,-0.36918331436278656,0.00025398473925718727,0.0,-0.03186568337721202,-0.00025398479093640026,0.0,0.02938503049801028,0.008557485230113796,0.0,51.720631613
1508285133.6133325,1.6110450608008482,-3.0643898238706446e-17,0.0,-1.6574051535799441,0.010264416828320785,0.0,0.017788721931414564,0.017478424947227754,0.0,0.26614566669815876,0.008159124618368362,0.0,-0.36918331436278656,0.0002529464981228034,0.0,-0.03186568337721202,-0.00025294649813934074,0.0,0.029487775359891433,0.0015872813562061814,0.0,51.740628119
1508285133.6333325,1.6110450608008482,-9.806047436386052e-21,0.0,-1.6574051535799441,0.02010140418925481,0.0,0.017788721931414564,-0.0042298512477433065,0.0,0.26614566669815876,0.006823236910258276,0.0,-0.36918331436278656,8.094287939929699e-08,0.0,-0.03186568337721202,-8.094287940458895e-08,0.0,0.02938503049801028,-0.0017120541581758797,0.0,51.760628284
1508285133.653337,1.6110450608008482,-3.137935179643533e-24,0.0,-1.6574323036823846,-0.012491727729858971,0.0,0.01774310982389804,-0.01399886858813864,0.0,0.2662308878530413,0.03945089024406975,0.0,-0.36918331436278656,0.00025322726068034083,0.0,-0.03186568337721202,-0.00025322726068034083,0.0,0.02938503049801028,-0.0015778360775659279,0.0,51.780632817
1508285133.6733365,1.6110450608008482,-1.0041392574859295e-27,0.0,-1.6574323036823846,-0.00045584925048562105,0.0,0.017834334038930866,0.035659265080802555,0.0,0.26614566669815876,-0.032322363986360826,0.0,-0.36926238553741986,-0.0015183464199279369,0.0,-0.03178661220257875,0.001518346419927404,0.0,0.02938503049801028,-0.034453102397223,0.0,51.800632279
1508285133.6933365,1.6110450608008482,-3.213245623954971e-31,0.0,-1.6574051535799441,0.014796061223160267,0.0,0.017788721931414564,0.018744134383754312,0.0,0.26614566669815876,-1.0343156475635452e-05,0.0,-0.36918331436278656,0.006326420895314659,0.0,-0.03186568337721202,0.006327392637021192,0.0,0.02938503049801028,-0.0003397540017149643,0.0,51.820632219
1508285133.7133338,1.6110450608008482,-1.0282385996655896e-34,0.0,-1.6574323036823846,-0.01271586804214473,0.0,0.01774310982389804,-0.015233594323329755,0.0,0.26614566669815876,-3.3098100722033406e-09,0.0,-0.36918331436278656,0.007340120054267925,0.0,-0.03186568337721202,-0.007336070833935002,0.0,0.02938503049801028,0.0019722653324065697,0.0,51.840629662
1508285133.733398,1.6110450608008482,-3.290363518929884e-38,0.0,-1.6574323036823846,-0.008295329355167044,0.0,0.017834334038930866,0.01369132353980794,0.0,0.26614566669815876,-1.0591392231050678e-12,0.0,-0.36926238553741986,-0.03277206715882219,0.0,-0.03194475455184531,-0.032776763539905975,0.0,0.02938503049801028,-0.04101467522868861,0.0,51.860693633
1508285133.7533348,1.6110450608008482,0.0005845553704741572,0.0,-1.6574323036823846,-2.654505393653451e-06,0.0,0.01774310982389804,0.0014644225877456305,0.0,0.2662308878530413,0.034017932982000405,0.0,-0.36918331436278656,-0.006333624221626632,0.0,-0.03186568337721202,0.006312648595800821,0.0,0.029487775359891433,0.04921605511522904,0.0,51.880630497
1508285133.7733343,1.6110450608008482,1.8705771855173007e-07,0.0,-1.6574323036823846,-0.002605408936306985,0.0,0.01774310982389804,-0.004376610773074741,0.0,0.26614566669815876,0.00028358069113185175,0.0,-0.36918331436278656,-0.0012668049041403787,0.0,-0.03186568337721202,-0.0012627580968383578,0.0,0.02938503049801028,-0.04102157357799949,0.0,51.900629948
1508285133.7933378,1.6110450608008482,5.985846993655355e-11,0.0,-1.6574323036823846,-0.00521237458825817,0.0,0.01774310982389804,-1.4005154686949685e-06,0.0,0.26614566669815876,0.006762054436197659,0.0,-0.36918331436278656,-0.0063250498409614265,0.0,-0.03186568337721202,0.006324240380801113,0.0,0.02938503049801028,-1.3126903544959822e-05,0.0,51.92063366
1508285133.8133347,1.6110450608008482,-0.0005840678346998114,0.0,-1.6574323036823846,-0.002191397701253735,0.0,0.01774310982389804,0.0036787403085114232,0.0,0.26614566669815876,0.005458338424387245,0.0,-0.36918331436278656,-0.0012665007715277974,0.0,-0.03186568337721202,0.0012665005125001023,0.0,0.02938503049801028,-4.200609134387137e-09,0.0,51.940630478
1508285133.8333387,1.6110450608008482,-1.8690170710393945e-07,0.0,-1.657459453784825,-0.01707872983854994,0.0,0.017788721931414342,-0.0008426506632899235,0.0,0.26614566669815876,-0.00027205799444190813,0.0,-0.36918331436278656,-4.052802468888947e-07,0.0,-0.03186568337721202,4.052801640000323e-07,0.0,0.02938503049801028,0.007955824453373055,0.0,51.960634548
1508285133.8533356,1.6110450608008482,-5.980854627326055e-11,0.0,-1.6574323036823846,0.0017543367481664396,0.0,0.01774310982389804,0.0026059914086341996,0.0,0.26614566669815876,0.001357561580713936,0.0,-0.36918331436278656,-1.2968967900444617e-10,0.0,-0.03186568337721202,1.296896524800102e-10,0.0,0.029487775359891433,0.04105941714333693,0.0,51.980631398
1508285133.8733401,1.6110450608008482,-0.00291408948806829,0.0,-1.657459453784825,-0.019524594850615966,0.0,0.017788721931414342,0.003610967173763605,0.0,0.26614566669815876,-0.03297973460203584,0.0,-0.36918331436278656,0.0063593363630433985,0.0,-0.03186568337721202,-0.0063593363630433985,0.0,0.029487775359891433,0.03420655174097879,0.0,52.00063576
1508285133.893337,1.6110450608008482,-0.0029226641433937705,0.0,-1.6574323036823846,-0.0020224188421441597,0.0,0.01774310982389804,0.0036208291806197578,0.0,0.2662308878530413,0.03403167799048666,0.0,-0.36918331436278656,0.006327433372170649,0.0,-0.03186568337721202,0.006323363396896081,0.0,0.02938503049801028,-5.4658955418921194e-05,0.0,52.020632837
1508285133.9133363,1.6110450608008482,-2.4426716940867577e-05,0.0,-1.6574323036823846,-0.0021034406237883164,0.0,0.01774310982389804,0.003475172132080904,0.0,0.26614566669815876,6.570355392529367e-05,0.0,-0.36918331436278656,0.0012654478036281357,0.0,-0.03186568337721202,0.0012654465012356037,0.0,0.02938503049801028,-0.04940191560588724,0.0,52.040632022
1508285133.9333377,1.6110450608008482,0.0005835732949739459,0.0,-1.6574051535799441,0.013034486234806705,0.0,0.017788721931414564,0.020442540769830708,0.0,0.2662308878530413,0.034156106147772015,0.0,-0.36918331436278656,-4.997005805360173e-05,0.0,-0.03186568337721202,-4.997005847034965e-05,0.0,0.02938503049801028,-1.58086129938839e-05,0.0,52.060633533
1508285133.9533362,1.6110450608008482,1.8674345439166248e-07,0.0,-1.657459453784825,-0.008175261097745076,0.0,0.017788721931414342,0.015263644721412102,0.0,0.26614566669815876,1.0929953967287033e-05,0.0,-0.36918331436278656,-1.5990418577152538e-08,0.0,-0.03186568337721202,-1.599041871051187e-08,0.0,0.02938503049801028,0.0016412924805633416,0.0,52.080631964
1508285133.973336,1.6110450608008482,5.975790540533194e-11,0.0,-1.6574323036823846,-0.011310582073397718,0.0,0.017834334038930866,0.017601895043171913,0.0,0.26614566669815876,0.006827143157289178,0.0,-0.36918331436278656,-0.000253257454337121,0.0,-0.03186568337721202,0.00025325744410316424,0.0,0.029487775359891433,6.638876905819785e-05,0.0,52.100631674
1508285133.9933386,1.6110450608008482,1.91225297297062e-14,0.0,-1.6574051535799441,0.011889036802733684,0.0,0.017788721931414564,0.01852243435096214,0.0,0.26614566669815876,-0.006855243243367081,0.0,-0.36926238553741986,-0.03235209119228157,0.0,-0.03178661220257875,0.032352091192266945,0.0,0.02938503049801028,-0.03218886989354704,0.0,52.120634323
1508285134.0133371,1.6110450608008482,6.119209513505977e-18,0.0,-1.6574051535799441,0.0025299464330769223,0.0,0.017788721931414564,-0.0027775956167720795,0.0,0.26614566669815876,-0.007167113881213103,0.0,-0.36918331436278656,-1.0352669181530091e-05,0.0,-0.03186568337721202,1.0352669181525412e-05,0.0,0.029487775359891433,0.041124951695515596,0.0,52.140632914
1508285134.0333405,1.6110450608008482,1.9581470443219106e-21,0.0,-1.657459453784825,-0.011191718357324035,0.0,0.017788721931414342,0.01763588990267193,0.0,0.26614566669815876,-0.0016377485733077592,0.0,-0.36918331436278656,5.052157840780876e-05,0.0,-0.03186568337721202,-5.052157840780876e-05,0.0,0.02938503049801028,1.3159984542564976e-05,0.0,52.160636077
1508285134.0533373,1.6110450608008482,6.266070541830105e-25,0.0,-1.657459453784825,-0.02215414374784148,0.0,0.017788721931414342,0.006473025731585477,0.0,0.2662308878530413,0.027358935504389295,0.0,-0.36918331436278656,-5.062928005063337e-05,0.0,-0.03186568337721202,-5.0661613860796594e-05,0.0,0.02938503049801028,-0.0016430533278687421,0.0,52.180633147
1508285134.0733397,1.6110450608008482,0.002926965211843971,0.0,-1.6574323036823846,0.012910925637303124,0.0,0.017834334038930866,0.021938261021014777,0.0,0.26614566669815876,0.0013701199850300457,0.0,-0.36918331436278656,-1.620136961620266e-08,0.0,-0.03186568337721202,-1.6211716435454892e-08,0.0,0.029487775359891433,-5.257770649179969e-07,0.0,52.200635358
1508285134.0933397,1.6110450608008482,2.428265261726634e-05,0.0,-1.6574323036823846,-0.008253986227837896,0.0,0.01774310982389804,-0.020837659328070593,0.0,0.26614566669815876,-0.02728516343255858,0.0,-0.36918331436278656,-0.0012658341427765113,0.0,-0.03186568337721202,0.0012658341324038793,0.0,0.029487775359891433,0.03486982736644258,0.0,52.22063551
1508285134.113339,1.6110450608008482,7.770448837525219e-09,0.0,-1.6574323036823846,-0.003136376934179037,0.0,0.01774310982389804,-0.003811817265885656,0.0,0.26614566669815876,0.0002638337372373354,0.0,-0.36918331436278656,0.03159269272294078,0.0,-0.03186568337721202,-0.03159269272293301,0.0,0.029487775359891433,0.040997590258925146,0.0,52.240634696
1508285134.1333401,1.6110450608008482,2.486543628008068e-12,0.0,-1.6574323036823846,-0.002711668124286344,0.0,0.01774310982389804,0.004552690103003862,0.0,0.26614566669815876,-0.006818915087850518,0.0,-0.36918331436278656,0.0012742851720432221,0.0,-0.03186568337721202,0.0012540658487000984,0.0,0.02938503049801028,-0.04116799009415614,0.0,52.260635809
1508285134.1533391,1.6110450608008482,7.956939609625807e-16,0.0,-1.6574323036823846,0.01132811138382008,0.0,0.017834334038930866,0.024865239203409203,0.0,0.26614566669815876,0.006808696704982968,0.0,-0.36918331436278656,0.005054700137680267,0.0,-0.03186568337721202,-0.005053891065351856,0.0,0.029487775359891433,-0.008158755160035159,0.0,52.280634951
1508285134.1733387,1.6110450608008482,-0.000583372764107614,0.0,-1.6574323036823846,-0.004351089469615289,0.0,0.01774310982389804,7.956876527283621e-06,0.0,0.26614566669815876,5.699876754117529e-05,0.0,-0.36918331436278656,1.6175040440576834e-06,0.0,-0.03186568337721202,-1.617245140912592e-06,0.0,0.02938503049801028,0.0082372206547078,0.0,52.300634364
1508285134.1933427,1.6110450608008482,0.0005861165543952227,0.0,-1.6574323036823846,-3.613043313483347e-05,0.0,0.01774310982389804,2.5462003466796485e-09,0.0,0.26614566669815876,-0.00027189878846684424,0.0,-0.36918331436278656,-0.012640248898277626,0.0,-0.03186568337721202,-5.175184450920288e-10,0.0,0.029487775359891433,0.03296975666570233,0.0,52.320638347
1508285134.2133408,1.6110450608008482,1.8755729740647106e-07,0.0,-1.6574323036823846,-0.0026269800405466564,0.0,0.01774310982389804,0.004355148780693475,0.0,0.26614566669815876,-0.0002727494578117831,0.0,-0.36918331436278656,0.006332683929507045,0.0,-0.03186568337721202,-0.0063367288093200995,0.0,0.02938503049801028,1.0550322133024735e-05,0.0,52.340636555
1508285134.2333465,1.6110450608008482,6.001833517007067e-11,0.0,-1.6574323036823846,0.01039869019758668,0.0,0.01774310982389804,-0.018928617059084198,0.0,0.26614566669815876,-8.72798264997705e-08,0.0,-0.36918331436278656,-0.0012624502967212474,0.0,-0.03186568337721202,0.0012624490023597072,0.0,0.02938503049801028,-0.04106407085774078,0.0,52.360642264
1508285134.2533405,1.6110450608008482,1.920586725442259e-14,0.0,-1.6574323036823846,-0.0006025813024471016,0.0,0.01774310982389804,-0.006601264470925754,0.0,0.2662308878530413,0.03945650131606539,0.0,-0.36918331436278656,-4.039840949507987e-07,0.0,-0.03186568337721202,4.0398368075510584e-07,0.0,0.02938503049801028,0.0016221235700591215,0.0,52.380636173
1508285134.2733421,1.6110450608008482,6.145877521415221e-18,0.0,-1.657459453784825,-0.008287042241647098,0.0,0.017788721931414342,0.015377903623362603,0.0,0.26614566669815876,1.2626080421140908e-05,0.0,-0.36918331436278656,-1.2927491038425544e-10,0.0,-0.03186568337721202,1.292747778416337e-10,0.0,0.02938503049801028,5.190795424189183e-07,0.0,52.400637811
1508285134.293344,1.6110450608008482,1.9666808068528688e-21,0.0,-1.657459453784825,1.4869603698819033e-05,0.0,0.017788721931414342,-2.4515077284229958e-05,0.0,0.26614566669815876,-0.0002722365829047216,0.0,-0.36918331436278656,-4.1367971322961697e-14,0.0,-0.03186568337721202,4.136792890932275e-14,0.0,0.029487775359891433,-0.00032822027719723446,0.0,52.420639824
1508285134.3133416,1.6110815841529407,0.013918992173644935,0.0,-1.6574051535799441,0.019827756704519174,0.0,0.017788721931414564,0.0043731639797614155,0.0,0.26614566669815876,-8.711570652951082e-08,0.0,-0.36918331436278656,0.0012647781443894449,0.0,-0.03186568337721202,-0.0012647781443890008,0.0,0.02938503049801028,-1.050304887031149e-07,0.0,52.440637355
1508285134.3333445,1.6110450608008482,-0.014602462897463565,0.0,-1.6574323036823846,-0.00016749054132637195,0.0,0.01774310982389804,1.399412472812803e-06,0.0,0.26614566669815876,-2.7877026089443428e-11,0.0,-0.36918331436278656,-0.03162281758795431,0.0,-0.03186568337721202,-0.031623627045955616,0.0,0.02938503049801028,0.0082192048330981,0.0,52.460640177
1508285134.353341,1.6110450608008482,-0.00012186335319523235,0.0,-1.657459453784825,-0.011246441592415881,0.0,0.017788721931414342,0.018893905527647747,0.0,0.26614566669815876,-8.920648348621885e-15,0.0,-0.36910424318815327,0.040299019928703134,0.0,-0.03194475455184531,-0.04031925879098598,0.0,0.02938503049801028,-0.007855419278737525,0.0,52.480636802
1508285134.3733423,1.6110450608008482,-3.8996273022474304e-08,0.0,-1.657459453784825,-0.019576681244889996,0.0,0.017788721931414342,-0.003943514935759205,0.0,0.26614566669815876,0.001306612066087058,0.0,-0.36926238553741986,-0.030396429740479517,0.0,-0.03178661220257875,0.032922367191099006,0.0,0.029487775359891433,0.03951127818015908,0.0,52.500638007
1508285134.3933434,1.6110450608008482,-1.2478807367191763e-11,0.0,-1.6574323036823846,0.0020609328684005777,0.0,0.01774310982389804,-0.0403994108737934,0.0,0.26614566669815876,0.008181431959218497,0.0,-0.36918331436278656,-9.726857516953436e-06,0.0,-0.03186568337721202,1.053515750115167e-05,0.0,0.02938503049801028,0.0012643477369740999,0.0,52.520639205
1508285134.4133487,1.6110450608008482,-3.99321835750136e-15,0.0,-1.6574051535799441,0.0091241311965553,0.0,0.017788721931414564,0.022579171962256655,0.0,0.26614566669815876,-0.033795757822185,0.0,-0.36918331436278656,-3.1125944054250964e-09,0.0,-0.03186568337721202,3.3712504003685305e-09,0.0,0.02938503049801028,-0.007797968756288223,0.0,52.540644317
1508285134.433344,1.6110450608008482,-1.2778298744004337e-18,0.0,-1.6574323036823846,-0.0022391689961324393,0.0,0.017834334038930866,0.04001914201934136,0.0,0.26614566669815876,4.340763664299192e-05,0.0,-0.36918331436278656,-0.0012608712626773824,0.0,-0.03186568337721202,0.0012608712627601524,0.0,0.02938503049801028,-6.78671533931591e-05,0.0,52.560639514
1508285134.4533424,1.6110450608008482,-4.089055598081383e-22,0.0,-1.6574323036823846,0.011327657744055575,0.0,0.01774310982389804,-0.018726931866859396,0.0,0.26614566669815876,-5.4375980150035144e-05,0.0,-0.36910424318815327,0.026712565903941422,0.0,-0.03194475455184531,-0.03685127381772481,0.0,0.02938503049801028,0.0015723877885514953,0.0,52.580638234
1508285134.4733436,1.6110450608008482,-1.308497791386041e-25,0.0,-1.6574323036823846,0.0027095682414026534,0.0,0.01774310982389804,-0.003092799718323986,0.0,0.26614566669815876,0.007130488465571667,0.0,-0.36918331436278656,0.006372636177464856,0.0,-0.03186568337721202,-0.00890543685277574,0.0,0.029487775359891433,0.039155245323799194,0.0,52.60063922
1508285134.4933426,1.6110450608008482,-4.187192932435327e-29,0.0,-1.657459453784825,-0.02349671069806511,0.0,0.017788721931414342,-0.0029191584770394724,0.0,0.26614566669815876,-0.0013603808343352777,0.0,-0.36918331436278656,-0.006321097916559021,0.0,-0.03186568337721202,0.006320287420342921,0.0,0.02938503049801028,-0.0477354300572097,0.0,52.620638286
1508285134.513345,1.6110450608008482,-1.3399017383793032e-32,0.0,-1.657459453784825,-0.011137598909077125,0.0,0.017788721931414342,0.01729709126482329,0.0,0.26614566669815876,-0.03520973569239098,0.0,-0.36918331436278656,-0.03044586180948973,0.0,-0.03186568337721202,0.030445861550130942,0.0,0.02938503049801028,0.00957077648541181,0.0,52.640640839
1508285134.5333464,1.6110450608008482,-4.287685562813766e-36,0.0,-1.6574323036823846,0.002254204981803236,0.0,0.01774310982389804,0.0037985816411255082,0.0,0.2662308878530413,0.035473404191991464,0.0,-0.36918331436278656,-9.742675779036702e-06,0.0,-0.03186568337721202,9.74267569604189e-06,0.0,0.02938503049801028,-0.049020586843287965,0.0,52.660642213
1508285134.5533442,1.6110450608008482,-1.3720593801004036e-39,0.0,-1.657459453784825,-0.010922054282612281,0.0,0.017788721931414342,0.016890191504075672,0.0,0.26614566669815876,1.1351489341437258e-05,0.0,-0.36918331436278656,0.00030427510339290265,0.0,-0.03186568337721202,-0.00020302044951509907,0.0,0.02938503049801028,-0.041087231516794026,0.0,52.680639969
1508285134.5733442,1.6110450608008482,-4.390590016321286e-43,0.0,-1.6574323036823846,-0.009994265886330232,0.0,0.01774310982389804,-0.010896353124907197,0.0,0.2662308878530413,0.034360088751157654,0.0,-0.36918331436278656,-0.0002534020565356934,0.0,-0.03186568337721202,0.00025343445802484524,0.0,0.029487775359891433,0.041412272858612216,0.0,52.70063985
1508285134.593351,1.6110450608008482,-0.0005842070476458446,0.0,-1.657459453784825,-0.023802882407720275,0.0,0.017788721931414342,-0.0036375740128367297,0.0,0.26614566669815876,-0.0013521545494411178,0.0,-0.36918331436278656,0.0009612585946043519,0.0,-0.03186568337721202,-0.0009612585842358754,0.0,0.02938503049801028,-0.00988186186295276,0.0,52.720646726
1508285134.6133451,1.6110450608008482,-1.8694625524667006e-07,0.0,-1.6574323036823846,0.008582468555474,0.0,0.01774310982389804,-0.014432487192672898,0.0,0.26614566669815876,-4.326894558211572e-07,0.0,-0.36918331436278656,0.007613780603219385,0.0,-0.03186568337721202,-0.007613780603213395,0.0,0.029487775359891433,0.04098066163063002,0.0,52.740640838
1508285134.6333463,1.6110450608008482,-5.982280167893436e-11,0.0,-1.657459453784825,-0.02388537977800496,0.0,0.017788721931414342,-0.0036529815903644505,0.0,0.26614566669815876,0.0014126580998470406,0.0,-0.36918331436278656,2.4364097930302e-06,0.0,-0.03186568337721202,-2.4364097930282836e-06,0.0,0.02938503049801028,1.3113811721801594e-05,0.0,52.760642005
1508285134.6533446,1.6110450608008482,-1.9143296537258974e-14,0.0,-1.657459453784825,-0.011286149673173311,0.0,0.017788721931414342,-0.018949032796053752,0.0,0.26614566669815876,-0.03262744163995812,0.0,-0.36918331436278656,-0.0315855748440749,0.0,-0.03186568337721202,-0.031585576403366074,0.0,0.029487775359891433,0.04130520329393534,0.0,52.780640386
1508285134.6733472,1.6110450608008482,2.3371067159928464e-05,0.0,-1.6574323036823846,0.008593767580485264,0.0,0.01774310982389804,-0.02176992412606198,0.0,0.26614566669815876,-1.0440781324786587e-05,0.0,-0.36918331436278656,-1.0107383950103958e-05,0.0,-0.03186568337721202,-1.0107384449077135e-05,0.0,0.02938503049801028,-0.0012996607469681093,0.0,52.800642968
1508285134.6933486,1.6110815841529407,0.014605183669887613,0.0,-1.6574051535799441,0.016741608339308506,0.0,0.017788721931414564,0.0007348108935132536,0.0,0.26614566669815876,0.0002728867886378664,0.0,-0.36918331436278656,0.00025319379318269105,0.0,-0.03186568337721202,0.0002531937931824425,0.0,0.02938503049801028,0.0012757699787954025,0.0,52.820644268
1508285134.7133496,1.6110815841529407,0.014604629987093056,0.0,-1.6574323036823846,0.012994954565612034,0.0,0.01774310982389804,-0.01429362960607555,0.0,0.26614566669815876,8.732377236411715e-08,0.0,-0.36918331436278656,8.102201381846105e-08,0.0,-0.03186568337721202,8.10220138183815e-08,0.0,0.029487775359891433,0.047906545100347336,0.0,52.840645385
1508285134.7333477,1.6110450608008482,0.0029257087198250936,0.0,-1.6574323036823846,-0.010268595095346009,0.0,0.01774310982389804,-0.017496589907748206,0.0,0.26614566669815876,-0.0014131093070622698,0.0,-0.36910424318815327,0.006323890747874336,0.0,-0.03194475455184531,-0.006323890696020249,0.0,0.02938503049801028,-0.00037902027325436633,0.0,52.86064328
1508285134.7533464,1.6110450608008482,9.362267903440288e-07,0.0,-1.6574323036823846,-0.0002852862421653931,0.0,0.01774310982389804,-0.008026490859790805,0.0,0.26614566669815876,-4.521949782599258e-07,0.0,-0.36918331436278656,-0.00633621895503948,0.0,-0.03186568337721202,0.0063362189550560735,0.0,0.029487775359891433,0.04103231719650007,0.0,52.880642063
1508285134.7733471,1.6110450608008482,2.995925729100889e-10,0.0,-1.657459453784825,-0.0022794333103370278,0.0,0.017788721931414342,0.0034761922998957297,0.0,0.26614566669815876,-1.447023930431761e-10,0.0,-0.36918331436278656,-0.0012662031004374939,0.0,-0.03186568337721202,0.001266203100437499,0.0,0.029487775359891433,0.03953224221208632,0.0,52.900642865
1508285134.793354,1.6110450608008482,9.586962333122834e-14,0.0,-1.6574323036823846,0.0022567494709283607,0.0,0.01774310982389804,-0.0034995777274115865,0.0,0.26614566669815876,-4.63047657738163e-14,0.0,-0.36918331436278656,-0.031627397107664525,0.0,-0.03186568337721202,0.031627397107664525,0.0,0.02938503049801028,-5.285345603618858e-05,0.0,52.920649658
1508285134.8133507,1.6110450608008482,3.0678279465993036e-17,0.0,-1.657459453784825,-0.008713776437397694,0.0,0.017788721931414342,0.014639217048731498,0.0,0.26614566669815876,-1.48175250476212e-17,0.0,-0.36918331436278656,-1.0120767074452635e-05,0.0,-0.03186568337721202,1.0120767074452635e-05,0.0,0.029487775359891433,0.008184067315595815,0.0,52.940646295
1508285134.833347,1.6110450608008482,0.0005818494168304192,0.0,-1.6574051535799441,0.01002372471885811,0.0,0.017788721931414564,0.01824432654730573,0.0,0.26614566669815876,-4.741608015238779e-21,0.0,-0.36918331436278656,-0.0012596772338468812,0.0,-0.03186568337721202,0.0012596772338468812,0.0,0.029487775359891433,0.001573931973737283,0.0,52.960642915
1508285134.8533475,1.6110450608008482,0.002932754591428295,0.0,-1.6574051535799441,0.011310514129971805,0.0,0.017788721931414564,0.017484527181768145,0.0,0.26614566669815876,-5.4545492541096423e-05,0.0,-0.36910424318815327,0.031665891923847736,0.0,-0.03178661220257875,0.03156547967749928,0.0,0.02938503049801028,0.008250193730834155,0.0,52.980643379
1508285134.873352,1.6110450608008482,9.384814692570533e-07,0.0,-1.6574323036823846,0.001312317463770912,0.0,0.01774310982389804,-0.003710964239468002,0.0,0.26614566669815876,0.0013632947964397556,0.0,-0.36918331436278656,1.0133085415631266e-05,0.0,-0.03186568337721202,1.0100953496799757e-05,0.0,0.02938503049801028,0.007913624924210456,0.0,53.000647839
1508285134.8933506,1.6110450608008482,3.003140701622567e-10,0.0,-1.657459453784825,-0.010431165250485389,0.0,0.017788721931414342,0.011747834001149846,0.0,0.26614566669815876,4.3625433486072127e-07,0.0,-0.36918331436278656,-0.006320874309272073,0.0,-0.03186568337721202,0.006320880784164526,0.0,0.02938503049801028,0.008215862869423298,0.0,53.020646441
1508285134.9133515,1.6110450608008482,9.610050245192202e-14,0.0,-1.657459453784825,-0.0095636480651052,0.0,0.017788721931414342,0.02184877290403861,0.0,0.26614566669815876,1.3960138715543064e-10,0.0,-0.36918331436278656,-5.245753024622113e-05,0.0,-0.03186568337721202,-4.8412168616303716e-05,0.0,0.02938503049801028,-0.04236058201913527,0.0,53.0406473
1508285134.9333484,1.6110450608008482,3.075216078461501e-17,0.0,-1.6574051535799441,0.013523324994570374,0.0,0.017788721931414564,0.013701217732531903,0.0,0.26614566669815876,5.435110380265734e-05,0.0,-0.36918331436278656,-0.0015641568770481714,0.0,-0.03186568337721202,0.0014632668804301994,0.0,0.02938503049801028,-0.03282778959293844,0.0,53.060644192
1508285134.9533494,1.6110450608008482,0.002928713906557703,0.0,-1.657459453784825,-0.010430049034359503,0.0,0.017788721931414342,0.026308145344399896,0.0,0.2662308878530413,0.03438665750071415,0.0,-0.36918331436278656,5.007251440059279e-05,0.0,-0.03186568337721202,-5.010479919949279e-05,0.0,0.02938503049801028,0.00987159532547334,0.0,53.080645041
1508285134.97335,1.6110450608008482,9.371884500984638e-07,0.0,-1.657459453784825,0.00034052894873814956,0.0,0.017788721931414342,0.0005861136167764255,0.0,0.26614566669815876,-4.3535260115293795e-05,0.0,-0.36918331436278656,1.6023204608189677e-08,0.0,-0.03186568337721202,-1.6033535743837673e-08,0.0,0.029487775359891433,0.03424918134752105,0.0,53.1006457
1508285134.9933524,1.6110450608008482,2.9990030403150807e-10,0.0,-1.6574323036823846,-0.014601756879253018,0.0,0.01774310982389804,-0.017295195747875164,0.0,0.26614566669815876,-1.3931283236893999e-08,0.0,-0.36926238553741986,5.12742547462069e-12,0.0,-0.03178661220257875,-5.130731438028049e-12,0.0,0.029487775359891433,0.007897635925537428,0.0,53.120648245
1508285135.0133526,1.6110450608008482,-2.3287797228479788e-05,0.0,-1.6574051535799441,0.021297427934912863,0.0,0.017788721931414564,0.0007531341315651164,0.0,0.26614566669815876,0.0015822889205915475,0.0,-0.36918331436278656,-0.0063246444633904605,0.0,-0.03186568337721202,0.006324644463388239,0.0,0.02938503049801028,-0.03945004792720645,0.0,53.140648366
1508285135.0333505,1.6110450608008482,-0.002921042690324337,0.0,-1.657459453784825,-0.0018191365757456266,0.0,0.017788721931414342,-0.0030673535980941845,0.0,0.26614566669815876,-0.001357948511472718,0.0,-0.36918331436278656,-2.023886228284945e-06,0.0,-0.03186568337721202,2.023886228284234e-06,0.0,0.02938503049801028,0.006831839342167736,0.0,53.160646102
1508285135.0533495,1.6110450608008482,9.256901782629434e-05,0.0,-1.6574323036823846,0.01093159648168132,0.0,0.01774310982389804,-0.018367015605121342,0.0,0.26614566669815876,-0.0013580831827958286,0.0,-0.36918331436278656,-6.476435930511819e-10,0.0,-0.03186568337721202,6.476435930509542e-10,0.0,0.02938503049801028,-0.0018976686720514893,0.0,53.180645129
1508285135.0733511,1.6110450608008482,0.002922806474456491,0.0,-1.6574051535799441,0.009215428339431071,0.0,0.017788721931414564,-0.015481898315957181,0.0,0.26614566669815876,-4.345866184946647e-07,0.0,-0.36918331436278656,-2.0724594977637796e-13,0.0,-0.03186568337721202,2.072459497763051e-13,0.0,0.02938503049801028,0.001708674022122675,0.0,53.200646787
1508285135.0933568,1.6110450608008482,9.352980718260759e-07,0.0,-1.6574323036823846,-0.010859174183618125,0.0,0.01774310982389804,-0.01825329521187138,0.0,0.26614566669815876,-0.027280060995267044,0.0,-0.36918331436278656,-0.006323137160135876,0.0,-0.03186568337721202,0.006323137160133658,0.0,0.029487775359891433,0.040778813278041726,0.0,53.220652596
1508285135.113354,1.6110450608008482,2.99295382984344e-10,0.0,-1.6574323036823846,-3.474935738757796e-06,0.0,0.01774310982389804,-5.841054467798834e-06,0.0,0.26614566669815876,-0.001095458221239415,0.0,-0.36910424318815327,0.03149730406129915,0.0,-0.03194475455184531,-0.03149730406129915,0.0,0.029487775359891433,0.04258214344677071,0.0,53.240649669
1508285135.1333516,1.6110450608008482,9.577452255498997e-14,0.0,-1.6574323036823846,0.002516488823026673,0.0,0.01774310982389804,0.0030080941188651974,0.0,0.26614566669815876,-0.005456987771866817,0.0,-0.36926238553741986,-0.00024287649157827586,0.0,-0.03178661220257875,0.00024287649157818703,0.0,0.029487775359891433,0.04912894313144116,0.0,53.260647187000004
1508285135.1533532,1.6110815841529407,0.0140296075828556,0.0,-1.657459453784825,-0.009976560065170932,0.0,0.017788721931414342,0.01822225790794057,0.0,0.26614566669815876,-1.7462360869973795e-06,0.0,-0.36918331436278656,-7.772047730504818e-08,0.0,-0.03186568337721202,7.772047730501975e-08,0.0,0.029487775359891433,0.04112644724964622,0.0,53.280648893
1508285135.1733541,1.6110450608008482,4.489474426513787e-06,0.0,-1.6574323036823846,-0.0004567689815326288,0.0,0.01774310982389804,0.0007094577643774845,0.0,0.2662308878530413,0.034359595976111414,0.0,-0.36910424318815327,0.03794561145577512,0.0,-0.03178661220257875,0.025308372389560758,0.0,0.029487775359891433,-5.259317581377602e-05,0.0,53.300649769
1508285135.193355,1.6110450608008482,1.43663181648441e-09,0.0,-1.6574323036823846,5.190871104509784e-05,0.0,0.01774310982389804,-0.03653837150806326,0.0,0.26614566669815876,0.0013200471464985622,0.0,-0.36918331436278656,1.2142595665848025e-05,0.0,-0.03186568337721202,8.098679164659432e-06,0.0,0.029487775359891433,0.04131751932727355,0.0,53.320650737
1508285135.2133584,1.6110450608008482,-0.0005840678342592439,0.0,-1.657459453784825,-0.0239740189443171,0.0,0.017788721931414342,0.0036006194998565396,0.0,0.26614566669815876,4.224150868795394e-07,0.0,-0.36918331436278656,0.000253019821011992,0.0,-0.03186568337721202,0.00025301852695862277,0.0,0.02938503049801028,0.008215804240828102,0.0,53.340654142
1508285135.233353,1.6110450608008482,-0.014598404104792979,0.0,-1.6574051535799441,0.015171062616215614,0.0,0.017788721931414564,0.018261283428923972,0.0,0.26614566669815876,-0.03406250667205746,0.0,-0.36918331436278656,5.0666063623810294e-05,0.0,-0.03186568337721202,-5.050413135244192e-05,0.0,0.029487775359891433,0.00822281380065847,0.0,53.360648534
1508285135.253354,1.6110450608008482,-0.014557816415083288,0.0,-1.6574323036823846,0.003948131386877493,0.0,0.01774310982389804,0.0007650407657860825,0.0,0.26614566669815876,-0.006854378395020022,0.0,-0.36918331436278656,-0.0002519784065811634,0.0,-0.03186568337721202,-0.0002520107810434673,0.0,0.02938503049801028,-0.04958106779803342,0.0,53.380649851
1508285135.2733552,1.6110450608008482,0.002910817493035435,0.0,-1.6574323036823846,0.013024171301051147,0.0,0.01774310982389804,-0.014596237978744406,0.0,0.26614566669815876,-0.03407687698625064,0.0,-0.36918331436278656,-8.06330901059722e-08,0.0,-0.03186568337721202,-8.064344993390945e-08,0.0,0.02938503049801028,0.009833707299357827,0.0,53.400651043
1508285135.2933545,1.6110450608008482,2.426081953612365e-05,0.0,-1.657459453784825,-0.0020790310136311013,0.0,0.017788721931414342,0.0034950981457993807,0.0,0.26614566669815876,-0.0002284187850815355,0.0,-0.36918331436278656,-0.03127320288473991,0.0,-0.03186568337721202,0.029244369758774372,0.0,0.02938503049801028,-6.248168207759006e-05,0.0,53.420650163
1508285135.3133523,1.6110450608008482,7.763462251559559e-09,0.0,-1.6574323036823846,-0.000435046630313918,0.0,0.01774310982389804,-0.03727325341342991,0.0,0.26614566669815876,-0.00021662598849737967,0.0,-0.36902517201352003,0.03797492481163285,0.0,-0.031865683377212045,-0.025357866976586062,0.0,0.02938503049801028,6.575716744228576e-05,0.0,53.440647974
1508285135.3333528,1.6110450608008482,2.4843079204990566e-12,0.0,-1.6574323036823846,0.002256316403418182,0.0,0.01774310982389804,-0.003511730980824898,0.0,0.2662308878530413,-0.005449582952458758,0.0,-0.36918331436278656,-0.0012509703056089493,0.0,-0.03186568337721202,-0.0007667084695502592,0.0,0.02938503049801028,0.0019691099275926972,0.0,53.460648593
1508285135.3533545,1.6110450608008482,7.949785345596972e-16,0.0,-1.6574051535799441,0.008742699457930228,0.0,0.017788721931414564,0.020249551151574997,0.0,0.2662308878530413,0.034218217283699844,0.0,-0.36918331436278656,-4.003104977948633e-07,0.0,-0.03186568337721202,-2.4534671025608266e-07,0.0,0.02938503049801028,0.0065964246228755585,0.0,53.480650133
1508285135.3733609,1.6110450608008482,2.5439313105910277e-19,0.0,-1.657459453784825,-0.011223531430181566,0.0,0.017788721931414342,-0.019145804248169026,0.0,0.2662308878530413,0.03410594740276295,0.0,-0.36918331436278656,-0.0050598646528855745,0.0,-0.03186568337721202,-0.005059864603295387,0.0,0.029487775359891433,0.03282592268380709,0.0,53.500656566
1508285135.3933575,1.6110450608008482,8.14058019389128e-23,0.0,-1.6574323036823846,-0.00035107583605429205,0.0,0.01774310982389804,0.0006356947782235435,0.0,0.26614566669815876,-0.00026200878320353115,0.0,-0.36918331436278656,-1.6191566889233819e-06,0.0,-0.03186568337721202,-1.6191566730545218e-06,0.0,0.02938503049801028,-5.4875256360773686e-05,0.0,53.520653198
1508285135.4133577,1.6110450608008482,0.0005825408599876746,0.0,-1.6574323036823846,-0.00912579366526028,0.0,0.01774310982389804,-0.02234426974709434,0.0,0.26614566669815876,-8.384281062512988e-08,0.0,-0.36918331436278656,-0.00025301645351151936,0.0,-0.03186568337721202,-0.0002530164535114254,0.0,0.02938503049801028,0.001638744403716234,0.0,53.540653476
1508285135.4333541,1.6110450608008482,1.8641307519605567e-07,0.0,-1.6574323036823846,0.011361452827089863,0.0,0.01774310982389804,-0.01909926990933785,0.0,0.26614566669815876,-2.6829699400041534e-11,0.0,-0.36918331436278656,0.006348778456589353,0.0,-0.03186568337721202,-0.006348940387117373,0.0,0.02938503049801028,-6.5237079737222e-05,0.0,53.560649846
1508285135.453355,1.6110450608008482,5.965218406273775e-11,0.0,-1.6574323036823846,0.00043595563934149253,0.0,0.01774310982389804,-0.0004407478167075649,0.0,0.26614566669815876,-0.001357004364211685,0.0,-0.36926238553741986,-0.03164382183069574,0.0,-0.03178661220257875,0.031643821778866855,0.0,0.029487775359891433,0.04144900615061895,0.0,53.580650786
1508285135.4733567,1.6110450608008482,1.908869890007606e-14,0.0,-1.6574323036823846,-0.0003800989324835301,0.0,0.017834334038930866,0.03559428967192092,0.0,0.26614566669815876,0.0013017222234105524,0.0,-0.36918331436278656,-1.0126022985822626e-05,0.0,-0.03186568337721202,1.0126022969237383e-05,0.0,0.029487775359891433,0.04966663012671127,0.0,53.600652434
1508285135.4933543,1.6110450608008482,6.1083836480243325e-18,0.0,-1.6574323036823846,0.002084090938140484,0.0,0.01774310982389804,-0.003490081986716343,0.0,0.26614566669815876,0.0013622679364987905,0.0,-0.36918331436278656,-3.240327355463237e-09,0.0,-0.03186568337721202,3.240327350155959e-09,0.0,0.02938503049801028,-0.04106054515495436,0.0,53.620650148
1508285135.5133622,1.6110450608008482,-0.014606916974959132,0.0,-1.6574323036823846,0.008668855425689658,0.0,0.01774310982389804,-0.02192221268152435,0.0,0.2662308878530413,0.034083242200673915,0.0,-0.36918331436278656,-1.0369047537482347e-12,0.0,-0.03186568337721202,1.0369047520499059e-12,0.0,0.02938503049801028,0.0003155112910738282,0.0,53.640657991
1508285135.5333576,1.6110450608008482,1.85721710934252e-05,0.0,-1.6574323036823846,2.005453196753301e-05,0.0,0.01774310982389804,-3.604630398045769e-05,0.0,0.26614566669815876,-0.03568220247958812,0.0,-0.36918331436278656,0.0012598235291511335,0.0,-0.03186568337721202,-0.0012598235291506913,0.0,0.02938503049801028,-0.008186168610229744,0.0,53.660653442
1508285135.5533564,1.6110450608008482,5.943094749896057e-09,0.0,-1.6574323036823846,0.0004513657525142951,0.0,0.01774310982389804,-0.00040882111627861827,0.0,0.26614566669815876,-0.0340617570338597,0.0,-0.36910424318815327,0.0315935009333958,0.0,-0.03178661220257875,0.03159269464632605,0.0,0.02938503049801028,-2.6195739552735154e-06,0.0,53.680652028
1508285135.5733597,1.6110450608008482,1.9017903199667363e-12,0.0,-1.6574323036823846,-0.008559919955509527,0.0,0.01774310982389804,-0.01438101863993494,0.0,0.26614566669815876,-1.089976225083509e-05,0.0,-0.36918331436278656,1.0109920298686647e-05,0.0,-0.03186568337721202,1.0109662286824326e-05,0.0,0.02938503049801028,-0.008318100267507476,0.0,53.700655492
1508285135.5933568,1.6110450608008482,6.085729023893549e-16,0.0,-1.6574323036823846,0.011295648673866353,0.0,0.01774310982389804,-0.018752260033148158,0.0,0.26614566669815876,0.00032728248377559643,0.0,-0.36910424318815327,0.02655861438380939,0.0,-0.03194475455184531,-0.039352765128215436,0.0,0.02938503049801028,-0.04118213481335424,0.0,53.720652643
1508285135.6133614,1.6110450608008482,1.9474332876459334e-19,0.0,-1.657459453784825,-0.010523400209804232,0.0,0.017788721931414342,0.01885069392304478,0.0,0.26614566669815876,-0.04088871712580084,0.0,-0.36918331436278656,-4.2140648906292015e-05,0.0,-0.03186568337721202,3.804652066808207e-05,0.0,0.02938503049801028,0.0013718843224332664,0.0,53.740656983
1508285135.6333616,1.6110450608008482,6.23178652046698e-23,0.0,-1.6574323036823846,0.0021677627934676503,0.0,0.01774310982389804,-0.003641461486315548,0.0,0.26614566669815876,0.006529222371984292,0.0,-0.36918331436278656,-1.3485007650013428e-08,0.0,-0.03186568337721202,1.217488661378625e-08,0.0,0.02938503049801028,4.390029831786448e-07,0.0,53.760657214
1508285135.6533568,1.6110450608008482,-0.00011679965062654947,0.0,-1.6574323036823846,0.0005385985589334061,0.0,0.01774310982389804,-0.03596876604248584,0.0,0.26614566669815876,2.0893511590349713e-06,0.0,-0.36918331436278656,-5.059113009078076e-05,0.0,-0.03186568337721202,-5.0591121879596826e-05,0.0,0.02938503049801028,-0.031324915168942404,0.0,53.780652558
1508285135.6733634,1.6110450608008482,-0.0005837574683859717,0.0,-1.6574051535799441,0.010486672569293441,0.0,0.017788721931414564,0.017605785415865983,0.0,0.26614566669815876,6.685923708911899e-10,0.0,-0.36918331436278656,-0.03155178634486369,0.0,-0.03186568337721202,-0.03155178634484999,0.0,0.029487775359891433,0.04098825740829246,0.0,53.800659192
1508285135.693358,1.6110450608008482,0.0005842291891213565,0.0,-1.6574323036823846,-0.009129949537743475,0.0,0.01774310982389804,-0.022662960406664684,0.0,0.26614566669815876,0.0016363972943272177,0.0,-0.36918331436278656,-1.009657163035637e-05,0.0,-0.03186568337721202,-1.0096571630351985e-05,0.0,0.02938503049801028,1.3116242370653574e-05,0.0,53.820653641
1508285135.7133646,1.6110450608008482,-0.0029156358736855833,0.0,-1.6574323036823846,0.0017620835374810887,0.0,0.01774310982389804,0.00436847805986966,0.0,0.2662308878530413,-0.0014257291920031832,0.0,-0.36918331436278656,-3.230902921714035e-09,0.0,-0.03186568337721202,-3.2309029217126314e-09,0.0,0.029487775359891433,0.039456636155371275,0.0,53.840660328
1508285135.733359,1.6110815841529407,0.014494838930241151,0.0,-1.657459453784825,-0.011295992380388701,0.0,0.017788721931414342,0.017810548841454353,0.0,0.26614566669815876,0.0010916513523315386,0.0,-0.36918331436278656,-0.02530988936848698,0.0,-0.03186568337721202,0.025309889366419203,0.0,0.02938503049801028,-0.00853296246927468,0.0,53.86065494
1508285135.7533588,1.6110450608008482,4.638348457677164e-06,0.0,-1.657459453784825,-0.012981392714881374,0.0,0.017788721931414342,0.013021349136113771,0.0,0.26614566669815876,3.4932843274609197e-07,0.0,-0.36918331436278656,0.0002449469348196316,0.0,-0.03186568337721202,-0.00024494693482020444,0.0,0.02938503049801028,-2.730547990167895e-06,0.0,53.880654483
1508285135.773362,1.6110450608008482,0.0005821272813022964,0.0,-1.6574323036823846,-0.0004890270491569347,0.0,0.01774310982389804,-0.0005768677592482526,0.0,0.26614566669815876,0.0013037806402843037,0.0,-0.36918331436278656,0.006352738151708201,0.0,-0.03186568337721202,-0.006352738151708201,0.0,0.02938503049801028,-0.0019663634070450765,0.0,53.90065772
1508285135.7933593,1.6110450608008482,1.8628073001673462e-07,0.0,-1.6574323036823846,-0.004449567252756612,0.0,0.01774310982389804,0.0001457673260119144,0.0,0.26614566669815876,-0.034131727440867454,0.0,-0.36918331436278656,2.032876208546622e-06,0.0,-0.03186568337721202,-2.032876208546622e-06,0.0,0.029487775359891433,-6.292362902544239e-07,0.0,53.920655004
1508285135.8133626,1.6110450608008482,5.960983360535501e-11,0.0,-1.6574323036823846,-0.010755853505751208,0.0,0.01774310982389804,-0.0180673695745957,0.0,0.26614566669815876,-1.0922152781077574e-05,0.0,-0.36918331436278656,6.505203867349183e-10,0.0,-0.03186568337721202,-6.505203867349183e-10,0.0,0.02938503049801028,-6.61560273348042e-05,0.0,53.940658303
1508285135.8333628,1.6110450608008482,1.9075146753713582e-14,0.0,-1.6574323036823846,0.0024214908609217433,0.0,0.01774310982389804,0.002895921653643768,0.0,0.26614566669815876,0.006516548732486437,0.0,-0.36918331436278656,2.081665237551736e-13,0.0,-0.03186568337721202,-2.081665237551736e-13,0.0,0.02938503049801028,-0.001909906709849944,0.0,53.960658639
1508285135.85336,1.6110450608008482,6.104046961188341e-18,0.0,-1.657459453784825,-0.008666669948924675,0.0,0.017788721931414342,0.014562213384799861,0.0,0.26614566669815876,-0.032674404785535245,0.0,-0.36918331436278656,-0.0002525042448148737,0.0,-0.03186568337721202,0.0002525042448148737,0.0,0.02938503049801028,-0.04267962221023142,0.0,53.980655612
1508285135.873362,1.6110450608008482,1.9532950275802668e-21,0.0,-1.6574323036823846,0.002783093394320694,0.0,0.017834334038930866,0.03353513399600718,0.0,0.26614566669815876,0.0013518821830684293,0.0,-0.36926238553741986,0.005081716673683726,0.0,-0.03178661220257875,-0.005081716673681943,0.0,0.02938503049801028,0.0013016049559676707,0.0,54.000657783
1508285135.8933632,1.6110450608008482,0.000583650593736907,0.0,-1.657459453784825,-0.01322978220755355,0.0,0.017788721931414342,0.014634155066814907,0.0,0.26614566669815876,-0.00546893303684107,0.0,-0.36918331436278656,0.006339868749414379,0.0,-0.03186568337721202,-0.006339868749414378,0.0,0.02938503049801028,-0.00797256565226362,0.0,54.02065895
1508285135.9133618,1.6110450608008482,1.8676818999581004e-07,0.0,-1.6574051535799441,-0.0016822537466056875,0.0,0.017788721931414564,-0.003048249527632626,0.0,0.26614566669815876,0.000270977404133693,0.0,-0.36918331436278656,-0.005037356661643147,0.0,-0.03186568337721202,-0.0050414141776410045,0.0,0.02938503049801028,-0.041113277208852876,0.0,54.040657407
1508285135.9333603,1.6110450608008482,-0.0004682013550935172,0.0,-1.6574051535799441,0.021715940013294462,0.0,0.017788721931414564,-9.754397600393333e-07,0.0,0.26614566669815876,8.671276932278168e-08,0.0,-0.36918331436278656,-1.6119541317258053e-06,0.0,-0.03186568337721202,-1.6132525368451198e-06,0.0,0.02938503049801028,-1.3156248706832908e-05,0.0,54.060656109
1508285135.9533613,1.6110450608008482,-0.00011675499419567278,0.0,-1.657459453784825,-0.001653303543763052,0.0,0.017788721931414342,0.003080464398325521,0.0,0.26614566669815876,-0.00032465599328904696,0.0,-0.36926238553741986,-0.03302993943873792,0.0,-0.03178661220257875,0.03293237229855108,0.0,0.02938503049801028,-0.00983095623058514,0.0,54.080656901
1508285135.9733648,1.6110450608008482,-3.736159814261524e-08,0.0,-1.6574323036823846,0.002607003961480843,0.0,0.01774310982389804,0.004673434513865281,0.0,0.26614566669815876,5.440910798929832e-05,0.0,-0.36918331436278656,-0.006391829520309032,0.0,-0.031707541027945485,0.006391798298821931,0.0,0.02938503049801028,-0.039437896058140784,0.0,54.100660577
1508285135.9933617,1.6110450608008482,-1.1955711405636864e-11,0.0,-1.6574323036823846,0.0021821014892791594,0.0,0.01774310982389804,-0.003663028288893882,0.0,0.2662308878530413,0.0271777068279519,0.0,-0.36918331436278656,-2.0453854464988883e-06,0.0,-0.03186568337721202,2.0453754556230155e-06,0.0,0.02938503049801028,-0.007938675999895126,0.0,54.12065739
1508285136.0133631,1.6110450608008482,-3.825827649803793e-15,0.0,-1.6574323036823846,0.004777020464385115,0.0,0.01774310982389804,-0.0007581059261988398,0.0,0.26614566669815876,-0.03572287230794262,0.0,-0.36918331436278656,-6.545233428796434e-10,0.0,-0.03186568337721202,6.545201457993643e-10,0.0,0.02938503049801028,-0.00033119104184338005,0.0,54.14065873
1508285136.0333652,1.6110450608008482,-1.2242648479372125e-18,0.0,-1.6574323036823846,-0.008578257449335276,0.0,0.01774310982389804,-0.014414262825761349,0.0,0.26614566669815876,-1.1431319138541626e-05,0.0,-0.36918331436278656,-5.06575343840152e-05,0.0,-0.03186568337721202,5.065753438399639e-05,0.0,0.02938503049801028,-0.04130707592664936,0.0,54.160660985
1508285136.0533614,1.6110450608008482,-3.917647513399076e-22,0.0,-1.657459453784825,-0.015597556048573259,0.0,0.017788721931414342,0.018809814899440454,0.0,0.26614566669815876,-3.6580221243333164e-09,0.0,-0.36918331436278656,0.005086789354052047,0.0,-0.03186568337721202,-0.005086789354050262,0.0,0.029487775359891433,-0.0013275442856519701,0.0,54.180657227
1508285136.0733647,1.6110450608008482,-1.253647204287703e-25,0.0,-1.6574323036823846,0.0021853247581297783,0.0,0.01774310982389804,0.0019348782314285765,0.0,0.2662308878530413,0.03411126620981575,0.0,-0.36926238553741986,-0.031698597826308246,0.0,-0.03178661220257875,0.03159740351488288,0.0,0.029487775359891433,-4.2481417140863e-07,0.0,54.200660434
1508285136.093362,1.6110450608008482,2.3296097596750768e-05,0.0,-1.6574323036823846,0.002088539926232997,0.0,0.01774310982389804,0.0035081864400515555,0.0,0.26614566669815876,1.0915605187141026e-05,0.0,-0.36918331436278656,-0.0012726647753791205,0.0,-0.03186568337721202,0.0012726323931990208,0.0,0.02938503049801028,0.0003289248950758619,0.0,54.220657908
1508285136.1133695,1.6110450608008482,7.454751230960237e-09,0.0,-1.6574323036823846,0.01086752536694207,0.0,0.01774310982389804,-0.018255171348044368,0.0,0.26614566669815876,-0.0013642844108550905,0.0,-0.36918331436278656,-0.02412600494338322,0.0,-0.03186568337721202,0.024126004933020917,0.0,0.02938503049801028,0.00852482723094869,0.0,54.240665195
1508285136.1333663,1.6110450608008482,2.385520393907273e-12,0.0,-1.6574323036823846,3.4776081174214587e-06,0.0,0.01774310982389804,-5.8416548313741925e-06,0.0,0.26614566669815876,-0.0002717730621956255,0.0,-0.36918331436278656,0.03147665552264485,0.0,-0.03186568337721202,-0.03147665552263711,0.0,0.02938503049801028,-0.0409079814576904,0.0,54.260662121
1508285136.1533637,1.6110450608008482,7.633665260503267e-16,0.0,-1.6574323036823846,0.008585081301744898,0.0,0.01774310982389804,-0.02349328852030079,0.0,0.2662308878530413,0.03406241983985039,0.0,-0.36918331436278656,-0.0013011151907135964,0.0,-0.03186568337721202,0.001301115190713599,0.0,0.029487775359891433,0.04138276184815728,0.0,54.280659375
1508285136.1733663,1.6110450608008482,2.4427728833610427e-19,0.0,-1.6574323036823846,-1.447203004736596e-05,0.0,0.01774310982389804,-0.03646657047136678,0.0,0.26614566669815876,-0.027182533383953378,0.0,-0.36918331436278656,-4.163568610283505e-07,0.0,-0.03186568337721202,4.1635686102835125e-07,0.0,0.02938503049801028,0.0016574754545035167,0.0,54.300662091
1508285136.193365,1.6110450608008482,7.816873226755329e-23,0.0,-1.657459453784825,-0.009044106202096744,0.0,0.017788721931414342,0.02247217529354341,0.0,0.26614566669815876,0.005437406804022829,0.0,-0.36918331436278656,-0.006318619691207489,0.0,-0.03186568337721202,0.006318619691207489,0.0,0.02938503049801028,-0.008144276636099531,0.0,54.320660825
1508285136.2133658,1.6110450608008482,2.5013994325617027e-26,0.0,-1.657459453784825,-0.02185809853900675,0.0,0.017788721931414342,-0.00013869126882671624,0.0,0.26614566669815876,0.0013673309188243653,0.0,-0.36918331436278656,-0.032967850678729045,0.0,-0.03186568337721202,-0.032963806762115105,0.0,0.029487775359891433,0.05103178022107334,0.0,54.340661547
1508285136.233366,1.6110450608008482,8.004478184197439e-30,0.0,-1.6574323036823846,-0.004785241676844611,0.0,0.01774310982389804,0.0007289331658266696,0.0,0.26614566669815876,0.0066001308149721185,0.0,-0.36918331436278656,-1.0549712217193284e-05,0.0,-0.03186568337721202,-1.0548418163876823e-05,0.0,0.029487775359891433,0.04114013919589503,0.0,54.360661825
1508285136.2533667,1.6110450608008482,2.561433018943177e-33,0.0,-1.657459453784825,-0.0016600662597972694,0.0,0.017788721931414342,-0.0030775190813744093,0.0,0.26614566669815876,-0.04080028165552521,0.0,-0.36918331436278656,-3.3759079095018468e-09,0.0,-0.03186568337721202,-3.37549381244058e-09,0.0,0.02938503049801028,-0.0016298926945211094,0.0,54.380662548
1508285136.2733667,1.6110450608008482,8.196585660618158e-37,0.0,-1.6574323036823846,0.013041320331271039,0.0,0.01774310982389804,-0.02156096578581213,0.0,0.26614566669815876,0.00682714830280644,0.0,-0.36926238553741986,-1.08029053104059e-12,0.0,-0.03178661220257875,-1.0801580199809845e-12,0.0,0.029487775359891433,-0.007852713989051628,0.0,54.400662449
1508285136.2933655,1.6110450608008482,2.6229074113978074e-40,0.0,-1.6574051535799441,0.012987262971554801,0.0,0.017788721931414564,0.014600061953454918,0.0,0.26614566669815876,0.007059966489058254,0.0,-0.36918331436278656,0.0014654571084043303,0.0,-0.03186568337721202,0.001060486818661592,0.0,0.029487775359891433,0.042327535512259915,0.0,54.420661305
1508285136.313372,1.6110450608008482,8.393303716472975e-44,0.0,-1.6574323036823846,4.155924150897531e-06,0.0,0.01774310982389804,4.672019825105569e-06,0.0,0.26614566669815876,-0.0016370375568094235,0.0,-0.36918331436278656,4.6894627468938514e-07,0.0,-0.03186568337721202,3.3935578197170903e-07,0.0,0.029487775359891433,0.04072186402168328,0.0,54.440667601
1508285136.333365,1.6110450608008482,2.685857189271349e-47,0.0,-1.6574323036823846,-0.008354086789969083,0.0,0.01774310982389804,-0.022530814698305507,0.0,0.26614566669815876,-0.0013705310128599476,0.0,-0.36910424318815327,0.032662389659922554,0.0,-0.03194475455184531,-0.030120108071868348,0.0,0.02938503049801028,-0.009555887309811467,0.0,54.460660754
1508285136.3533666,1.6110450608008482,8.594743005668307e-51,0.0,-1.6574051535799441,0.012661354440817568,0.0,0.017788721931414564,0.021211674662922043,0.0,0.26614566669815876,-4.3856992411518275e-07,0.0,-0.36918331436278656,1.0451964691175206e-05,0.0,-0.03186568337721202,-9.63843458299786e-06,0.0,0.029487775359891433,0.04131413478523162,0.0,54.480662284
1508285136.3733685,1.6110450608008482,2.7503177618138553e-54,0.0,-1.6574323036823846,0.01051605750816461,0.0,0.01774310982389804,-0.0175948647985544,0.0,0.2662308878530413,0.034030077765964686,0.0,-0.36918331436278656,-0.0012631189369199708,0.0,-0.03186568337721202,0.0012631191972496056,0.0,0.02938503049801028,7.909981096293505e-05,0.0,54.500664144
1508285136.3933678,1.6110450608008482,8.801016837804328e-58,0.0,-1.6574323036823846,-0.010894054871838718,0.0,0.01774310982389804,-0.019771746154111213,0.0,0.26614566669815876,0.0013733898971743197,0.0,-0.36910424318815327,0.012304953865927087,0.0,-0.03178661220257875,0.00030375875096310306,0.0,0.02938503049801028,0.0003287151445068406,0.0,54.520663458
1508285136.413373,1.6110450608008482,2.8163253880973818e-61,0.0,-1.6574323036823846,-0.013114003233182969,0.0,0.01774310982389804,-0.014756051272342694,0.0,0.26614566669815876,-0.03413680195869001,0.0,-0.36918331436278656,-0.007621124812925232,0.0,-0.03186568337721202,0.004988243040402541,0.0,0.02938503049801028,-0.0016474673231444907,0.0,54.540668719
1508285136.4333704,1.6110450608008482,9.012241241911613e-65,0.0,-1.6574323036823846,-0.0017574797758152995,0.0,0.01774310982389804,-0.03382577300006101,0.0,0.2662308878530413,0.026973138090587958,0.0,-0.36918331436278656,-0.031618124560619194,0.0,-0.03186568337721202,-0.031614089562895034,0.0,0.029487775359891433,0.03259790425385929,0.0,54.560666063
1508285136.453367,1.6110450608008482,2.883917197411713e-68,0.0,-1.6574323036823846,-0.0007251726781928742,0.0,0.01774310982389804,-1.0824247362982589e-05,0.0,0.26614566669815876,-0.006781152980543837,0.0,-0.36918331436278656,4.046127036374943e-05,0.0,-0.03186568337721202,-6.069557888327396e-05,0.0,0.02938503049801028,0.009633177037954741,0.0,54.580662769
1508285136.4733694,1.6110450608008482,9.22853503171747e-72,0.0,-1.6574323036823846,-0.0026321747500491002,0.0,0.01774310982389804,-0.004363238375659694,0.0,0.26614566669815876,-0.00684646735159375,0.0,-0.36910424318815327,0.001012343336726097,0.0,-0.03178661220257875,-0.0010123498117044678,0.0,0.02938503049801028,0.00996321404703591,0.0,54.600665119
1508285136.493374,1.6110450608008482,2.953131210149587e-75,0.0,-1.657459453784825,-0.010825536522773594,0.0,0.017788721931414342,0.018184064315436035,0.0,0.26614566669815876,-0.008451484607106641,0.0,-0.36918331436278656,-0.00025221033709410225,0.0,-0.03186568337721202,-0.0002528582389015114,0.0,0.02938503049801028,0.006634902998633127,0.0,54.62066988
1508285136.513371,1.6110450608008482,9.450019872478667e-79,0.0,-1.657459453784825,-0.008483131781609206,0.0,0.017788721931414342,0.01454382279545165,0.0,0.26614566669815876,-0.006739162702936892,0.0,-0.36918331436278656,-0.00025333815652805715,0.0,-0.03186568337721202,0.0002531765345837386,0.0,0.02938503049801028,2.1231689595625984e-06,0.0,54.640666783
1508285136.5333714,1.6110450608008482,3.02400635919317e-82,0.0,-1.6574323036823846,-0.0018252176690299233,0.0,0.01774310982389804,0.003066454840313524,0.0,0.26614566669815876,-5.6702024606036217e-05,0.0,-0.36926238553741986,-0.032893379188135174,0.0,-0.03178661220257875,0.0328933791364046,0.0,0.02938503049801028,0.0013215262151681812,0.0,54.660667151
1508285136.5533683,1.6110450608008482,9.676820349418133e-86,0.0,-1.6574323036823846,-5.840696540895749e-07,0.0,0.017834334038930866,0.03639606111116908,0.0,0.2662308878530413,0.03405437564440753,0.0,-0.36910424318815327,0.02518556237933144,0.0,-0.03194475455184531,-0.037886320408991474,0.0,0.02938503049801028,0.00032751449003407283,0.0,54.680664167
1508285136.5733705,1.6110450608008482,3.096582511813799e-89,0.0,-1.6574323036823846,0.011754039997589767,0.0,0.01774310982389804,-0.025542215354921433,0.0,0.26614566669815876,0.0013724245738602904,0.0,-0.36918331436278656,0.02400183394794475,0.0,-0.03186568337721202,-0.024005898190505817,0.0,0.02938503049801028,0.008576432774986915,0.0,54.700666284
1508285136.593368,1.6110450608008482,9.909064037804147e-93,0.0,-1.657459453784825,-0.011346009584247845,0.0,0.017788721931414342,-0.010017332546659838,0.0,0.26614566669815876,-0.00027241840490611473,0.0,-0.36926238553741986,-0.0062718521606094785,0.0,-0.03178661220257875,0.006271850860049655,0.0,0.02938503049801028,-0.03274608615603877,0.0,54.720663723
1508285136.6133745,1.6110450608008482,3.1709004920973237e-96,0.0,-1.6574323036823846,-0.0004387901527932534,0.0,0.01774310982389804,-0.0005006309181790161,0.0,0.26614566669815876,-8.717388956995662e-08,0.0,-0.3693414567120531,-0.0005083406477280465,0.0,-0.03170754102794546,2.006992275304754e-06,0.0,0.02938503049801028,0.008185278963925633,0.0,54.740670306
1508285136.6334147,1.6110450608008482,1.0146881574711424e-99,0.0,-1.6574323036823846,0.013018899212624387,0.0,0.01774310982389804,-0.01459879580804077,0.0,0.26614566669815876,-0.03407062371986493,0.0,-0.36926238553741986,0.0013160995746889386,0.0,-0.03178661220257875,-0.0013162616014582747,0.0,0.02938503049801028,2.6192892684561998e-06,0.0,54.760710485
1508285136.6533709,1.6110450608008482,-0.014613884261853935,0.0,-1.6574323036823846,0.010954491784226136,0.0,0.01774310982389804,-0.011076529678373609,0.0,0.2662308878530413,0.03381536817187693,0.0,-0.36926238553741986,-0.00020208814150055686,0.0,-0.03178661220257875,0.00020208808965191952,0.0,0.029487775359891433,0.04117647262780629,0.0,54.78066661
1508285136.6733742,1.6110450608008482,-4.676442963793254e-06,0.0,-1.6574323036823846,-0.0018325547829031576,0.0,0.01774310982389804,-0.004547292651842557,0.0,0.26614566669815876,-0.03370690781334956,0.0,-0.36918331436278656,0.0062996326206883795,0.0,-0.03186568337721202,-0.0062996326207027595,0.0,0.029487775359891433,0.042713496913589416,0.0,54.800669813
1508285136.6933732,1.6110450608008482,-2.3292059886365493e-05,0.0,-1.6574323036823846,-1.7899756713462777e-05,0.0,0.01774310982389804,0.00142897773483898,0.0,0.26614566669815876,-0.03367927472959874,0.0,-0.36918331436278656,-4.8406986831230945e-05,0.0,-0.03186568337721202,-5.243875170845841e-05,0.0,0.02938503049801028,0.006181011704022672,0.0,54.820668885
1508285136.7133715,1.6110450608008482,0.00011700129070592242,0.0,-1.657459453784825,0.0042411780063981355,0.0,0.017788721931414342,0.0014870899684108635,0.0,0.26614566669815876,0.000262243035138633,0.0,-0.36926238553741986,-0.04025245556766813,0.0,-0.03178661220257875,0.03767526122572863,0.0,0.02938503049801028,0.00026538485111696956,0.0,54.840667186
1508285136.7333739,1.6110450608008482,3.744041302589513e-08,0.0,-1.6574051535799441,0.019524205432194876,0.0,0.017788721931414564,0.0036510145928677308,0.0,0.26614566669815876,-0.005791633274258731,0.0,-0.36918331436278656,-1.2880785781653784e-05,0.0,-0.03186568337721202,1.205608359223315e-05,0.0,0.029487775359891433,0.03915129664347854,0.0,54.860669587
1508285136.7533712,1.6110450608008482,-0.00058413742090709,0.0,-1.657459453784825,-0.010918995613163026,0.0,0.017788721931414342,0.018063542906200908,0.0,0.26614566669815876,0.006840806276459636,0.0,-0.36918331436278656,0.030401483105957354,0.0,-0.03186568337721202,-0.0303006256515376,0.0,0.029487775359891433,0.031200918205133012,0.0,54.880666861
1508285136.7733734,1.6110450608008482,-1.869239746902686e-07,0.0,-1.6574323036823846,-0.0005236386298881975,0.0,0.01774310982389804,0.0006451632985171399,0.0,0.26614566669815876,0.00027576451330308375,0.0,-0.36926238553741986,-0.03158713174206664,0.0,-0.03178661220257875,0.03158716401644097,0.0,0.02938503049801028,0.00953400948126551,0.0,54.900669079
1508285136.7933745,1.6110450608008482,-5.981567190088588e-11,0.0,-1.657459453784825,-0.01941614753439878,0.0,0.017788721931414342,0.003529457713948581,0.0,0.26614566669815876,-5.434692387861236e-05,0.0,-0.36918331436278656,-1.0107882157461313e-05,0.0,-0.03186568337721202,1.0107892485261098e-05,0.0,0.02938503049801028,3.05088303400496e-06,0.0,54.920670254
1508285136.8133707,1.6110450608008482,-1.9141015008283457e-14,0.0,-1.6574323036823846,0.008738285582748279,0.0,0.01774310982389804,-0.012953194629239898,0.0,0.26614566669815876,-0.006794712523407187,0.0,-0.36918331436278656,-3.234522290387616e-09,0.0,-0.03186568337721202,3.2345255952835475e-09,0.0,0.02938503049801028,-0.04141503548436607,0.0,54.940666333
1508285136.8333743,1.6110450608008482,-6.125124802650699e-18,0.0,-1.657459453784825,0.0022768066205463094,0.0,0.017788721931414342,-0.003474456622394919,0.0,0.26614566669815876,0.006808704449803589,0.0,-0.36918331436278656,0.0012607214778877305,0.0,-0.03186568337721202,-0.0012607214778872868,0.0,0.02938503049801028,-0.041031045569720384,0.0,54.960670076
1508285136.8533714,1.6110450608008482,-1.9600399368482215e-21,0.0,-1.6574323036823846,-0.0030198228881014874,0.0,0.01774310982389804,0.0036721019434763614,0.0,0.2662308878530413,0.04231161416753854,0.0,-0.36926238553741986,-0.03162281888608759,0.0,-0.03178661220257875,0.03162281888607649,0.0,0.02938503049801028,-0.04110425605306396,0.0,54.980667034
1508285136.873387,1.6110450608008482,-6.272127797914302e-25,0.0,-1.657459453784825,-0.012556095785408544,0.0,0.017788721931414342,-0.021091412524486947,0.0,0.2662308878530413,0.033966845896383796,0.0,-0.36926238553741986,-0.039308594176014316,0.0,-0.03178661220257875,0.03890416655148055,0.0,0.029487775359891433,-1.3153361936980455e-05,0.0,55.000682752
1508285136.8933737,1.6110450608008482,-2.0070808953325745e-28,0.0,-1.6574323036823846,0.00042778973562998074,0.0,0.017834334038930866,0.043075799439479104,0.0,0.26614566669815876,-0.00655713417253555,0.0,-0.36918331436278656,3.80969256882997e-05,0.0,-0.03186568337721202,-3.8226342528132705e-05,0.0,0.029487775359891433,0.04168620250859974,0.0,55.020669485
1508285136.9133718,1.6110450608008482,-6.422658865064232e-32,0.0,-1.6574323036823846,0.002188077615348967,0.0,0.017834334038930866,-0.0036037298081954623,0.0,0.26614566669815876,-5.6488153528972276e-05,0.0,-0.36918331436278656,5.047701940220188e-05,0.0,-0.031707541027945485,0.06310563701659588,0.0,0.02938503049801028,-0.041019098898184767,0.0,55.040667495
1508285136.9333746,1.6110450608008482,-2.0552508368205519e-35,0.0,-1.6574323036823846,0.01217161880198704,0.0,0.01774310982389804,-0.021897422078939594,0.0,0.26614566669815876,-1.8076209129271107e-08,0.0,-0.36918331436278656,1.6152646208704586e-08,0.0,-0.03186568337721202,2.0193803845310663e-05,0.0,0.02938503049801028,0.0003155637209199134,0.0,55.0606703
1508285136.9533734,1.6110450608008482,-2.361310855874894e-05,0.0,-1.6574323036823846,-0.00044353020344884477,0.0,0.01774310982389804,0.007970258574215003,0.0,0.26614566669815876,0.006750108467867985,0.0,-0.36918331436278656,0.0065665525935846335,0.0,-0.031707541027945485,0.05652198918193938,0.0,0.02938503049801028,-0.04098843167138211,0.0,55.080669219
1508285136.973373,1.6110450608008482,-7.556194738799654e-09,0.0,-1.6574323036823846,-0.010489712590669477,0.0,0.01774310982389804,-0.018722260174616617,0.0,0.26614566669815876,-5.2268658061483406e-05,0.0,-0.36918331436278656,0.0009070995424667172,0.0,-0.03186568337721202,-0.0009879129070241726,0.0,0.02938503049801028,-0.0407530478500911,0.0,55.100668569
1508285136.9933748,1.6110450608008482,-0.01465057183982469,0.0,-1.6574323036823846,-0.0022671632360846982,0.0,0.01774310982389804,-0.0038091807053454597,0.0,0.26614566669815876,-0.03554346194056554,0.0,-0.36918331436278656,5.094780602815708e-05,0.0,-0.03186568337721202,-5.097366630479767e-05,0.0,0.029487775359891433,0.04113506759861595,0.0,55.120670513
1508285137.0133731,1.6110450608008482,-0.0028072949437254096,0.0,-1.6574051535799441,0.02272551451098917,0.0,0.017788721931414564,-0.00014737993666186162,0.0,0.26614566669815876,0.0054425112538545655,0.0,-0.36918331436278656,1.6303297929010248e-08,0.0,-0.03186568337721202,-1.6311573217535237e-08,0.0,0.02938503049801028,0.0016511465837128537,0.0,55.140668769
1508285137.0333805,1.6110450608008482,-2.4263831697513002e-05,0.0,-1.6574323036823846,-0.0021648934675262427,0.0,0.01774310982389804,0.0037075458327291634,0.0,0.26614566669815876,-5.277789013502926e-05,0.0,-0.36918331436278656,5.217055337283274e-12,0.0,-0.031707541027945485,0.0634051464254663,0.0,0.02938503049801028,5.283669067881126e-07,0.0,55.160676196
1508285137.053374,1.6110450608008482,-7.76442614320415e-09,0.0,-1.6574323036823846,0.010444853632165265,0.0,0.01774310982389804,-0.017897712212507,0.0,0.26614566669815876,-5.424559479597237e-05,0.0,-0.36918331436278656,-0.006068221945508422,0.0,-0.03186568337721202,0.00608851159236411,0.0,0.02938503049801028,-0.03262961514569791,0.0,55.180669824
1508285137.0733738,1.6110450608008482,-2.339058502927236e-05,0.0,-1.657459453784825,-0.0021688232790074663,0.0,0.017788721931414342,0.003643505827066816,0.0,0.26614566669815876,-0.03393720518753625,0.0,-0.36918331436278656,-1.941831022562693e-06,0.0,-0.03186568337721202,1.948323709556513e-06,0.0,0.029487775359891433,0.04083932251875044,0.0,55.200669423
1508285137.0933805,1.6110450608008482,-7.484987209367147e-09,0.0,-1.6574323036823846,-0.001794328021907067,0.0,0.01774310982389804,-0.0027785283272732035,0.0,0.26614566669815876,-0.0013667382586552612,0.0,-0.36918331436278656,0.006329925067252952,0.0,-0.03186568337721202,-0.00632992506517307,0.0,0.02938503049801028,-0.006643152911008921,0.0,55.220676161
1508285137.1133757,1.6110450608008482,-2.3951959069974845e-12,0.0,-1.657459453784825,-0.02257175440788604,0.0,0.017788721931414342,-8.891291570255804e-07,0.0,0.26614566669815876,-0.0340670021223493,0.0,-0.36918331436278656,0.005067749965354579,0.0,-0.03186568337721202,0.005063698813310424,0.0,0.02938503049801028,-0.0016389426546718718,0.0,55.240671473
1508285137.1333766,1.6110450608008482,-7.664626902391942e-16,0.0,-1.6574323036823846,-0.0017648095629551575,0.0,0.01774310982389804,-0.0029527415942461714,0.0,0.26614566669815876,0.0068080980739672805,0.0,-0.36910424318815327,5.2236934118265716e-05,0.0,-0.03178661220257875,5.2235637749593834e-05,0.0,0.029487775359891433,-0.001636176451373423,0.0,55.260672262
1508285137.1533766,1.6110450608008482,-2.452680608765419e-19,0.0,-1.6574323036823846,1.674654390673314e-05,0.0,0.01774310982389804,-0.04373657452038643,0.0,0.26614566669815876,-0.0013642280250143622,0.0,-0.36910424318815327,1.671581891784501e-08,0.0,-0.03178661220257875,1.671540407987001e-08,0.0,0.02938503049801028,-6.603512955404725e-05,0.0,55.280672289
1508285137.1733782,1.6110450608008482,-7.84857794804933e-23,0.0,-1.6574323036823846,5.3588940501545996e-09,0.0,0.01774310982389804,-1.399570384652364e-05,0.0,0.2662308878530413,0.026908841569201807,0.0,-0.36910424318815327,5.349062053710398e-12,0.0,-0.03178661220257875,5.348929305558397e-12,0.0,0.029487775359891433,0.03934915233491458,0.0,55.300673996
1508285137.1933773,1.6110450608008482,-2.5115449433757832e-26,0.0,-1.6574051535799441,0.015316063824452171,0.0,0.017788721931414564,0.01806160749366712,0.0,0.2662308878530413,0.03961173640728503,0.0,-0.36918331436278656,0.006597019693404581,0.0,-0.03186568337721202,0.0060915903132585224,0.0,0.02938503049801028,0.0081906180009428,0.0,55.320672999
1508285137.213381,1.6110450608008482,0.00011679965062654947,0.0,-1.657459453784825,-0.010865489427569111,0.0,0.017788721931414342,0.018209795785493442,0.0,0.2662308878530413,0.03380670800362801,0.0,-0.36918331436278656,0.03261752140265832,0.0,-0.03186568337721202,-0.0305989460862929,0.0,0.02938503049801028,-0.00821266669755868,0.0,55.340676685
1508285137.233381,1.6110450608008482,3.737588820049579e-08,0.0,-1.6574323036823846,0.004785178968076401,0.0,0.01774310982389804,0.0007313489929483343,0.0,0.26614566669815876,-0.033989017141249946,0.0,-0.36910424318815327,0.0316072978235094,0.0,-0.03178661220257875,0.031587068553901844,0.0,0.02938503049801028,0.00824114402064198,0.0,55.360676668
1508285137.2533813,1.6110450608008482,1.196028422415864e-11,0.0,-1.6574323036823846,0.010725879064036277,0.0,0.01774310982389804,-0.018308687870912537,0.0,0.26614566669815876,-0.03427333003415762,0.0,-0.36918331436278656,0.0012815595742602665,0.0,-0.03186568337721202,0.001281553100893546,0.0,0.029487775359891433,0.04919573470936527,0.0,55.380677049
1508285137.2733762,1.6110450608008482,3.82729095173076e-15,0.0,-1.6574051535799441,0.01049150602860385,0.0,0.017788721931414564,0.017323147366963002,0.0,0.26614566669815876,-0.0002827552709065921,0.0,-0.36918331436278656,5.098314366501149e-05,0.0,-0.03186568337721202,-5.016294760894452e-05,0.0,0.02938503049801028,-0.008206402562461832,0.0,55.400671921
1508285137.2933786,1.6110450608008482,1.224733104553842e-18,0.0,-1.6574323036823846,3.3572819291532283e-06,0.0,0.01774310982389804,5.543407157428155e-06,0.0,0.26614566669815876,-9.048168669010938e-08,0.0,-0.36918331436278656,0.007382023658515415,0.0,-0.03186568337721202,-0.007382023396050083,0.0,0.029487775359891433,-0.00032995056639327134,0.0,55.420674264
1508285137.3133771,1.6110450608008482,3.9191459345722897e-22,0.0,-1.6574051535799441,0.010511728930278767,0.0,0.017788721931414564,0.019120417682088203,0.0,0.26614566669815876,-0.0013646134608162161,0.0,-0.36918331436278656,-4.8386124979529405e-05,0.0,-0.03186568337721202,4.838612506350049e-05,0.0,0.029487775359891433,-0.0013822581539477427,0.0,55.440672798
1508285137.3333795,1.6110450608008482,1.2541266990631312e-25,0.0,-1.6574323036823846,-0.011193019437586387,0.0,0.01774310982389804,-0.019036219725323558,0.0,0.26614566669815876,-4.3667630746118865e-07,0.0,-0.36926238553741986,-0.03154428313773888,0.0,-0.03178661220257875,0.031544283137727835,0.0,0.029487775359891433,0.031130722871055706,0.0,55.460675263
1508285137.353377,1.6110450608008482,4.0132054370020155e-29,0.0,-1.6574051535799441,0.011774649595269776,0.0,0.017788721931414564,0.017974291072156836,0.0,0.26614566669815876,-0.001416027593715883,0.0,-0.36918331436278656,0.03176564080649452,0.0,-0.03186568337721202,-0.03176564080648337,0.0,0.029487775359891433,0.043203464502584644,0.0,55.48067284
1508285137.3733797,1.6110815841529407,0.014659984049084833,0.0,-1.657459453784825,-0.009572596707268389,0.0,0.017788721931414342,0.014635371658368224,0.0,0.26614566669815876,0.0002712378399554723,0.0,-0.36918331436278656,1.0165005058078234e-05,0.0,-0.03186568337721202,-1.0165005058074666e-05,0.0,0.029487775359891433,0.0477657029495702,0.0,55.500675515
1508285137.3933816,1.6110450608008482,2.8045560483112e-05,0.0,-1.6574323036823846,-0.000367318325179999,0.0,0.01774310982389804,-0.03724035094419873,0.0,0.26614566669815876,-0.02710816576160329,0.0,-0.36918331436278656,-0.005083613391567805,0.0,-0.03186568337721202,0.005083613391566019,0.0,0.029487775359891433,-0.00829813025572289,0.0,55.520677359
1508285137.413379,1.6110450608008482,8.974579354595832e-09,0.0,-1.6574323036823846,0.0012971872523934566,0.0,0.017834334038930866,0.03299127955954792,0.0,0.26614566669815876,-8.674613043713043e-06,0.0,-0.36926238553741986,-0.0013121304397376097,0.0,-0.03178661220257875,0.0013121304397371494,0.0,0.02938503049801028,-0.033345073219937564,0.0,55.540674732
1508285137.433382,1.6110450608008482,2.8718653934706633e-12,0.0,-1.6574323036823846,0.01068161913141849,0.0,0.01774310982389804,-0.018224738394407244,0.0,0.26614566669815876,5.447776609033193e-05,0.0,-0.36926238553741986,0.001264358262648742,0.0,-0.03178661220257875,-0.0012643582626482982,0.0,0.02938503049801028,-0.007838516516534328,0.0,55.560677778
1508285137.45338,1.6110450608008482,-0.014705067604979536,0.0,-1.657459453784825,-0.01091048567628743,0.0,0.017788721931414342,0.018329500496715407,0.0,0.26614566669815876,-0.0010888467877220075,0.0,-0.36918331436278656,-0.0012630184303049933,0.0,-0.03186568337721202,-0.0012638276195926447,0.0,0.02938503049801028,-0.001315271618716803,0.0,55.580675808
1508285137.4733787,1.6110450608008482,0.0001127376303260683,0.0,-1.6574323036823846,1.3865277422492458e-05,0.0,0.01774310982389804,3.502454204110922e-05,0.0,0.26614566669815876,0.00027368582360071103,0.0,-0.36918331436278656,0.00025385442081940685,0.0,-0.03186568337721202,0.0002538541618787455,0.0,0.02938503049801028,-0.0065775480911555995,0.0,55.600674469
1508285137.493381,1.6110450608008482,3.607604170434182e-08,0.0,-1.657459453784825,-0.010773697459164257,0.0,0.017788721931414342,0.016930979786145117,0.0,0.26614566669815876,-0.0002165873885647426,0.0,-0.36918331436278656,8.12334146622101e-08,0.0,-0.03186568337721202,8.123333180119848e-08,0.0,0.029487775359891433,0.03945266951096496,0.0,55.620676759
